1471911967,s5,0.00,0.00,0.00,0,0,0.00,0.00,0.00,0,0,0.00,0.00,0,0
1471911967,s1,0.00,0.00,0.00,0,0,0.00,0.00,0.00,0,0,0.00,0.00,0,0
1471911967,eth0,0.00,0.00,0.00,0,0,0.00,0.00,0.00,0,0,0.00,0.00,0,0
1471911967,s2,0.00,0.00,0.00,0,0,0.00,0.00,0.00,0,0,0.00,0.00,0,0
1471911967,s1-eth2,0.00,0.00,0.00,0,0,0.00,0.00,0.00,0,0,0.00,0.00,0,0
1471911967,s1-eth1,0.00,0.00,0.00,0,0,0.00,0.00,0.00,0,0,0.00,0.00,0,0
1471911967,s3,0.00,0.00,0.00,0,0,0.00,0.00,0.00,0,0,0.00,0.00,0,0
1471911967,s2-eth2,0.00,0.00,0.00,0,0,0.00,0.00,0.00,0,0,0.00,0.00,0,0
1471911967,s2-eth1,0.00,0.00,0.00,0,0,0.00,0.00,0.00,0,0,0.00,0.00,0,0
1471911967,lo,0.00,0.00,0.00,0,0,0.00,0.00,0.00,0,0,0.00,0.00,0,0
1471911967,s4,0.00,0.00,0.00,0,0,0.00,0.00,0.00,0,0,0.00,0.00,0,0
1471911967,s3-eth2,0.00,0.00,0.00,0,0,0.00,0.00,0.00,0,0,0.00,0.00,0,0
1471911967,s3-eth1,0.00,0.00,0.00,0,0,0.00,0.00,0.00,0,0,0.00,0.00,0,0
1471911967,total,0.00,0.00,0.00,0,0,0.00,0.00,0.00,0,0,0.00,0.00,0,0
1471911968,s5,0.00,0.00,0.00,0,0,0.00,0.00,0.00,0,0,0.00,0.00,0,0
1471911968,s1,89.91,4412.59,4502.50,4417,90,1.00,27.97,28.97,28,1,0.00,0.00,0,0
1471911968,eth0,458.54,446.55,905.09,447,459,5.99,5.99,11.99,6,6,0.00,0.00,0,0
1471911968,s2,159.84,4092.91,4252.75,4097,160,2.00,23.98,25.97,24,2,0.00,0.00,0,0
1471911968,s1-eth2,32586.41,1216415.62,1249002.00,1217632,32619,442.56,413.59,856.14,414,443,0.00,0.00,0,0
1471911968,s1-eth1,1215400.62,30998.00,1246398.62,31029,1216616,421.58,431.57,853.15,432,422,0.00,0.00,0,0
1471911968,s3,249.75,4112.89,4362.64,4117,250,3.00,23.98,26.97,24,3,0.00,0.00,0,0
1471911968,s2-eth2,1214110.88,28734.27,1242845.25,28763,1215325,429.57,418.58,848.15,419,430,0.00,0.00,0,0
1471911968,s2-eth1,30998.00,1215400.62,1246398.62,1216616,31029,431.57,421.58,853.15,422,432,0.00,0.00,0,0
1471911968,lo,22900.00,22900.00,45800.00,22900,22900,214.00,214.00,428.00,214,214,0.00,0.00,0,0
1471911968,s4,0.00,0.00,0.00,0,0,0.00,0.00,0.00,0,0,0.00,0.00,0,0
1471911968,s3-eth2,1214699.00,27112.00,1241811.00,27112,1214699,443.00,410.00,853.00,410,443,0.00,0.00,0,0
1471911968,s3-eth1,28763.00,1215325.00,1244088.00,1215325,28763,419.00,430.00,849.00,430,419,0.00,0.00,0,0
1471911968,total,3762910.00,3772455.00,7535365.00,3772455,3762910,2815.00,2823.00,5638.00,2823,2815,0.00,0.00,0,0
1471911969,s5,0.00,0.00,0.00,0,0,0.00,0.00,0.00,0,0,0.00,0.00,0,0
1471911969,s1,0.00,1395.00,1395.00,1395,0,0.00,6.00,6.00,6,0,0.00,0.00,0,0
1471911969,eth0,0.00,0.00,0.00,0,0,0.00,0.00,0.00,0,0,0.00,0.00,0,0
1471911969,s2,90.00,963.00,1053.00,963,90,1.00,4.00,5.00,4,1,0.00,0.00,0,0
1471911969,s1-eth2,29355.00,1217382.00,1246737.00,1217382,29355,419.00,411.00,830.00,411,419,0.00,0.00,0,0
1471911969,s1-eth1,1214714.00,28389.00,1243103.00,28389,1214714,412.00,415.00,827.00,415,412,0.00,0.00,0,0
1471911969,s3,0.00,1240.00,1240.00,1240,0,0.00,6.00,6.00,6,0,0.00,0.00,0,0
1471911969,s2-eth2,1215660.00,27663.00,1243323.00,27663,1215660,416.00,411.00,827.00,411,416,0.00,0.00,0,0
1471911969,s2-eth1,28389.00,1214714.00,1243103.00,1214714,28389,415.00,412.00,827.00,412,415,0.00,0.00,0,0
1471911969,lo,5469.00,5469.00,10938.00,5469,5469,53.00,53.00,106.00,53,53,0.00,0.00,0,0
1471911969,s4,0.00,0.00,0.00,0,0,0.00,0.00,0.00,0,0,0.00,0.00,0,0
1471911969,s3-eth2,1213212.00,27060.00,1240272.00,27060,1213212,417.00,410.00,827.00,410,417,0.00,0.00,0,0
1471911969,s3-eth1,27663.00,1215660.00,1243323.00,1215660,27663,411.00,416.00,827.00,416,411,0.00,0.00,0,0
1471911969,total,3734552.00,3739935.00,7474487.00,3739935,3734552,2544.00,2544.00,5088.00,2544,2544,0.00,0.00,0,0
1471911970,s5,0.00,0.00,0.00,0,0,0.00,0.00,0.00,0,0,0.00,0.00,0,0
1471911970,s1,0.00,434.00,434.00,434,0,0.00,2.00,2.00,2,0,0.00,0.00,0,0
1471911970,eth0,0.00,0.00,0.00,0,0,0.00,0.00,0.00,0,0,0.00,0.00,0,0
1471911970,s2,0.00,776.00,776.00,776,0,0.00,3.00,3.00,3,0,0.00,0.00,0,0
1471911970,s1-eth2,28163.00,1217382.00,1245545.00,1217382,28163,414.00,411.00,825.00,411,414,0.00,0.00,0,0
1471911970,s1-eth1,1215089.00,27494.00,1242583.00,27494,1215089,412.00,412.00,824.00,412,412,0.00,0.00,0,0
1471911970,s3,0.00,776.00,776.00,776,0,0.00,3.00,3.00,3,0,0.00,0.00,0,0
1471911970,s2-eth2,1215196.00,27167.00,1242363.00,27167,1215196,413.00,411.00,824.00,411,413,0.00,0.00,0,0
1471911970,s2-eth1,27494.00,1215089.00,1242583.00,1215089,27494,412.00,412.00,824.00,412,412,0.00,0.00,0,0
1471911970,lo,2545.00,2545.00,5090.00,2545,2545,24.00,24.00,48.00,24,24,0.00,0.00,0,0
1471911970,s4,0.00,0.00,0.00,0,0,0.00,0.00,0.00,0,0,0.00,0.00,0,0
1471911970,s3-eth2,1212683.00,26994.00,1239677.00,26994,1212683,414.00,409.00,823.00,409,414,0.00,0.00,0,0
1471911970,s3-eth1,27167.00,1215196.00,1242363.00,1215196,27167,411.00,413.00,824.00,413,411,0.00,0.00,0,0
1471911970,total,3728337.00,3733853.00,7462190.00,3733853,3728337,2500.00,2500.00,5000.00,2500,2500,0.00,0.00,0,0
1471911971,s5,0.00,0.00,0.00,0,0,0.00,0.00,0.00,0,0,0.00,0.00,0,0
1471911971,s1,70.00,1038.00,1108.00,1038,70,1.00,5.00,6.00,5,1,0.00,0.00,0,0
1471911971,eth0,60.00,60.00,120.00,60,60,1.00,1.00,2.00,1,1,0.00,0.00,0,0
1471911971,s2,0.00,1108.00,1108.00,1108,0,0.00,6.00,6.00,6,0,0.00,0.00,0,0
1471911971,s1-eth2,28410.00,1214420.00,1242830.00,1214420,28410,416.00,410.00,826.00,410,416,0.00,0.00,0,0
1471911971,s1-eth1,1214864.00,27966.00,1242830.00,27966,1214864,413.00,413.00,826.00,413,413,0.00,0.00,0,0
1471911971,s3,0.00,1038.00,1038.00,1038,0,0.00,5.00,5.00,5,0,0.00,0.00,0,0
1471911971,s2-eth2,1212496.00,27592.00,1240088.00,27592,1212496,414.00,411.00,825.00,411,414,0.00,0.00,0,0
1471911971,s2-eth1,27966.00,1214864.00,1242830.00,1214864,27966,413.00,413.00,826.00,413,413,0.00,0.00,0,0
1471911971,lo,5189.00,5189.00,10378.00,5189,5189,51.00,51.00,102.00,51,51,0.00,0.00,0,0
1471911971,s4,0.00,0.00,0.00,0,0,0.00,0.00,0.00,0,0,0.00,0.00,0,0
1471911971,s3-eth2,1212833.00,26994.00,1239827.00,26994,1212833,416.00,409.00,825.00,409,416,0.00,0.00,0,0
1471911971,s3-eth1,27592.00,1212496.00,1240088.00,1212496,27592,411.00,414.00,825.00,414,411,0.00,0.00,0,0
1471911971,total,3729480.00,3732765.00,7462245.00,3732765,3729480,2536.00,2538.00,5074.00,2538,2536,0.00,0.00,0,0
1471911972,s5,0.00,0.00,0.00,0,0,0.00,0.00,0.00,0,0,0.00,0.00,0,0
1471911972,s1,0.00,1019.00,1019.00,1019,0,0.00,7.00,7.00,7,0,0.00,0.00,0,0
1471911972,eth0,304.00,490.00,794.00,490,304,4.00,4.00,8.00,4,4,0.00,0.00,0,0
1471911972,s2,70.00,949.00,1019.00,949,70,1.00,6.00,7.00,6,1,0.00,0.00,0,0
1471911972,s1-eth2,28406.00,1217452.00,1245858.00,1217452,28406,418.00,412.00,830.00,412,418,0.00,0.00,0,0
1471911972,s1-eth1,1214887.00,28009.00,1242896.00,28009,1214887,413.00,416.00,829.00,416,413,0.00,0.00,0,0
1471911972,s3,70.00,677.00,747.00,677,70,1.00,6.00,7.00,6,1,0.00,0.00,0,0
1471911972,s2-eth2,1215027.00,27542.00,1242569.00,27542,1215027,415.00,413.00,828.00,413,415,0.00,0.00,0,0
1471911972,s2-eth1,28009.00,1214887.00,1242896.00,1214887,28009,416.00,413.00,829.00,413,416,0.00,0.00,0,0
1471911972,lo,6788.00,6788.00,13576.00,6788,6788,74.00,74.00,148.00,74,74,0.00,0.00,0,0
1471911972,s4,0.00,0.00,0.00,0,0,0.00,0.00,0.00,0,0,0.00,0.00,0,0
1471911972,s3-eth2,1215424.00,27064.00,1242488.00,27064,1215424,417.00,410.00,827.00,410,417,0.00,0.00,0,0
1471911972,s3-eth1,27542.00,1215027.00,1242569.00,1215027,27542,413.00,415.00,828.00,415,413,0.00,0.00,0,0
1471911972,total,3736527.00,3739904.00,7476431.00,3739904,3736527,2572.00,2576.00,5148.00,2576,2572,0.00,0.00,0,0
1471911973,s5,0.00,0.00,0.00,0,0,0.00,0.00,0.00,0,0,0.00,0.00,0,0
1471911973,s1,0.00,0.00,0.00,0,0,0.00,0.00,0.00,0,0,0.00,0.00,0,0
1471911973,eth0,0.00,0.00,0.00,0,0,0.00,0.00,0.00,0,0,0.00,0.00,0,0
1471911973,s2,0.00,0.00,0.00,0,0,0.00,0.00,0.00,0,0,0.00,0.00,0,0
1471911973,s1-eth2,25688.62,1158786.50,1184475.12,1161104,25740,389.22,391.22,780.44,392,390,0.00,0.00,0,0
1471911973,s1-eth1,1161742.50,25754.49,1187497.00,25806,1164066,392.22,390.22,782.44,391,393,0.00,0.00,0,0
1471911973,s3,0.00,0.00,0.00,0,0,0.00,0.00,0.00,0,0,0.00,0.00,0,0
1471911973,s2-eth2,1158786.50,25688.62,1184475.12,25740,1161104,391.22,389.22,780.44,390,392,0.00,0.00,0,0
1471911973,s2-eth1,25754.49,1161742.50,1187497.00,1164066,25806,390.22,392.22,782.44,393,391,0.00,0.00,0,0
1471911973,lo,0.00,0.00,0.00,0,0,0.00,0.00,0.00,0,0,0.00,0.00,0,0
1471911973,s4,0.00,0.00,0.00,0,0,0.00,0.00,0.00,0,0,0.00,0.00,0,0
1471911973,s3-eth2,1157631.12,25794.62,1183425.75,25872,1161104,390.83,390.83,781.66,392,392,0.00,0.00,0,0
1471911973,s3-eth1,25663.01,1157631.12,1183294.12,1161104,25740,388.83,390.83,779.66,392,390,0.00,0.00,0,0
1471911973,total,3552901.25,3553033.00,7105934.00,3563692,3563560,2340.98,2342.97,4683.95,2350,2348,0.00,0.00,0,0
1471911974,s5,0.00,0.00,0.00,0,0,0.00,0.00,0.00,0,0,0.00,0.00,0,0
1471911974,s1,0.00,107.00,107.00,107,0,0.00,1.00,1.00,1,0,0.00,0.00,0,0
1471911974,eth0,0.00,0.00,0.00,0,0,0.00,0.00,0.00,0,0,0.00,0.00,0,0
1471911974,s2,0.00,107.00,107.00,107,0,0.00,1.00,1.00,1,0,0.00,0.00,0,0
1471911974,s1-eth2,26507.00,1175914.00,1202421.00,1175914,26507,401.00,397.00,798.00,397,401,0.00,0.00,0,0
1471911974,s1-eth1,1175914.00,26441.00,1202355.00,26441,1175914,397.00,400.00,797.00,400,397,0.00,0.00,0,0
1471911974,s3,0.00,107.00,107.00,107,0,0.00,1.00,1.00,1,0,0.00,0.00,0,0
1471911974,s2-eth2,1178983.00,26441.00,1205424.00,26441,1178983,399.00,400.00,799.00,400,399,0.00,0.00,0,0
1471911974,s2-eth1,26441.00,1175914.00,1202355.00,1175914,26441,400.00,397.00,797.00,397,400,0.00,0.00,0,0
1471911974,lo,915.00,915.00,1830.00,915,915,9.00,9.00,18.00,9,9,0.00,0.00,0,0
1471911974,s4,0.00,0.00,0.00,0,0,0.00,0.00,0.00,0,0,0.00,0.00,0,0
1471911974,s3-eth2,1176128.00,26268.00,1202396.00,26268,1176128,399.00,398.00,797.00,398,399,0.00,0.00,0,0
1471911974,s3-eth1,26441.00,1178983.00,1205424.00,1178983,26441,400.00,399.00,799.00,399,400,0.00,0.00,0,0
1471911974,total,3611329.00,3611197.00,7222526.00,3611197,3611329,2405.00,2403.00,4808.00,2403,2405,0.00,0.00,0,0
1471911975,s5,0.00,0.00,0.00,0,0,0.00,0.00,0.00,0,0,0.00,0.00,0,0
1471911975,s1,70.00,177.00,247.00,177,70,1.00,2.00,3.00,2,1,0.00,0.00,0,0
1471911975,eth0,0.00,0.00,0.00,0,0,0.00,0.00,0.00,0,0,0.00,0.00,0,0
1471911975,s2,0.00,177.00,177.00,177,0,0.00,2.00,2.00,2,0,0.00,0.00,0,0
1471911975,s1-eth2,26226.00,1164066.00,1190292.00,1164066,26226,396.00,393.00,789.00,393,396,0.00,0.00,0,0
1471911975,s1-eth1,1164173.00,26115.00,1190288.00,26115,1164173,394.00,395.00,789.00,395,394,0.00,0.00,0,0
1471911975,s3,0.00,177.00,177.00,177,0,0.00,2.00,2.00,2,0,0.00,0.00,0,0
1471911975,s2-eth2,1164243.00,26008.00,1190251.00,26008,1164243,395.00,394.00,789.00,394,395,0.00,0.00,0,0
1471911975,s2-eth1,26115.00,1164173.00,1190288.00,1164173,26115,395.00,394.00,789.00,394,395,0.00,0.00,0,0
1471911975,lo,1987.00,1987.00,3974.00,1987,1987,21.00,21.00,42.00,21,21,0.00,0.00,0,0
1471911975,s4,0.00,0.00,0.00,0,0,0.00,0.00,0.00,0,0,0.00,0.00,0,0
1471911975,s3-eth2,1164655.00,25938.00,1190593.00,25938,1164655,397.00,393.00,790.00,393,397,0.00,0.00,0,0
1471911975,s3-eth1,26008.00,1164243.00,1190251.00,1164243,26008,394.00,395.00,789.00,395,394,0.00,0.00,0,0
1471911975,total,3573477.00,3573061.00,7146538.00,3573061,3573477,2393.00,2391.00,4784.00,2391,2393,0.00,0.00,0,0
1471911976,s5,0.00,0.00,0.00,0,0,0.00,0.00,0.00,0,0,0.00,0.00,0,0
1471911976,s1,0.00,350.00,350.00,350,0,0.00,5.00,5.00,5,0,0.00,0.00,0,0
1471911976,eth0,0.00,0.00,0.00,0,0,0.00,0.00,0.00,0,0,0.00,0.00,0,0
1471911976,s2,70.00,692.00,762.00,692,70,1.00,6.00,7.00,6,1,0.00,0.00,0,0
1471911976,s1-eth2,27146.00,1208566.00,1235712.00,1208566,27146,411.00,409.00,820.00,409,411,0.00,0.00,0,0
1471911976,s1-eth1,1209048.00,27076.00,1236124.00,27076,1209048,412.00,410.00,822.00,410,412,0.00,0.00,0,0
1471911976,s3,70.00,1034.00,1104.00,1034,70,1.00,7.00,8.00,7,1,0.00,0.00,0,0
1471911976,s2-eth2,1209460.00,26936.00,1236396.00,26936,1209460,414.00,408.00,822.00,408,414,0.00,0.00,0,0
1471911976,s2-eth1,27076.00,1209048.00,1236124.00,1209048,27076,410.00,412.00,822.00,412,410,0.00,0.00,0,0
1471911976,lo,5430.00,5430.00,10860.00,5430,5430,58.00,58.00,116.00,58,58,0.00,0.00,0,0
1471911976,s4,0.00,0.00,0.00,0,0,0.00,0.00,0.00,0,0,0.00,0.00,0,0
1471911976,s3-eth2,1206568.00,26866.00,1233434.00,26866,1206568,414.00,407.00,821.00,407,414,0.00,0.00,0,0
1471911976,s3-eth1,26936.00,1209460.00,1236396.00,1209460,26936,408.00,414.00,822.00,414,408,0.00,0.00,0,0
1471911976,total,3711804.00,3715458.00,7427262.00,3715458,3711804,2529.00,2536.00,5065.00,2536,2529,0.00,0.00,0,0
1471911977,s5,0.00,0.00,0.00,0,0,0.00,0.00,0.00,0,0,0.00,0.00,0,0
1471911977,s1,0.00,342.00,342.00,342,0,0.00,1.00,1.00,1,0,0.00,0.00,0,0
1471911977,eth0,0.00,0.00,0.00,0,0,0.00,0.00,0.00,0,0,0.00,0.00,0,0
1471911977,s2,0.00,0.00,0.00,0,0,0.00,0.00,0.00,0,0,0.00,0.00,0,0
1471911977,s1-eth2,27534.00,1217852.00,1245386.00,1217852,27534,413.00,462.00,875.00,462,413,0.00,0.00,0,0
1471911977,s1-eth1,1217720.00,27534.00,1245254.00,27534,1217720,460.00,413.00,873.00,413,460,0.00,0.00,0,0
1471911977,s3,0.00,0.00,0.00,0,0,0.00,0.00,0.00,0,0,0.00,0.00,0,0
1471911977,s2-eth2,1217588.00,27192.00,1244780.00,27192,1217588,458.00,412.00,870.00,412,458,0.00,0.00,0,0
1471911977,s2-eth1,27534.00,1217720.00,1245254.00,1217720,27534,413.00,460.00,873.00,460,413,0.00,0.00,0,0
1471911977,lo,670.00,670.00,1340.00,670,670,9.00,9.00,18.00,9,9,0.00,0.00,0,0
1471911977,s4,0.00,0.00,0.00,0,0,0.00,0.00,0.00,0,0,0.00,0.00,0,0
1471911977,s3-eth2,1217456.00,27126.00,1244582.00,27126,1217456,456.00,411.00,867.00,411,456,0.00,0.00,0,0
1471911977,s3-eth1,27192.00,1217588.00,1244780.00,1217588,27192,412.00,458.00,870.00,458,412,0.00,0.00,0,0
1471911977,total,3735694.00,3736024.00,7471718.00,3736024,3735694,2621.00,2626.00,5247.00,2626,2621,0.00,0.00,0,0
1471911978,s5,0.00,0.00,0.00,0,0,0.00,0.00,0.00,0,0,0.00,0.00,0,0
1471911978,s1,0.00,0.00,0.00,0,0,0.00,0.00,0.00,0,0,0.00,0.00,0,0
1471911978,eth0,0.00,0.00,0.00,0,0,0.00,0.00,0.00,0,0,0.00,0.00,0,0
1471911978,s2,0.00,0.00,0.00,0,0,0.00,0.00,0.00,0,0,0.00,0.00,0,0
1471911978,s1-eth2,26478.00,1174404.00,1200882.00,1174404,26478,397.00,418.00,815.00,418,397,0.00,0.00,0,0
1471911978,s1-eth1,1174536.00,26070.00,1200606.00,26070,1174536,420.00,395.00,815.00,395,420,0.00,0.00,0,0
1471911978,s3,0.00,0.00,0.00,0,0,0.00,0.00,0.00,0,0,0.00,0.00,0,0
1471911978,s2-eth2,1171706.00,26136.00,1197842.00,26136,1171706,421.00,396.00,817.00,396,421,0.00,0.00,0,0
1471911978,s2-eth1,26070.00,1174536.00,1200606.00,1174536,26070,395.00,420.00,815.00,420,395,0.00,0.00,0,0
1471911978,lo,0.00,0.00,0.00,0,0,0.00,0.00,0.00,0,0,0.00,0.00,0,0
1471911978,s4,0.00,0.00,0.00,0,0,0.00,0.00,0.00,0,0,0.00,0.00,0,0
1471911978,s3-eth2,1174800.00,26136.00,1200936.00,26136,1174800,424.00,396.00,820.00,396,424,0.00,0.00,0,0
1471911978,s3-eth1,26136.00,1171706.00,1197842.00,1171706,26136,396.00,421.00,817.00,421,396,0.00,0.00,0,0
1471911978,total,3599726.00,3598988.00,7198714.00,3598988,3599726,2453.00,2446.00,4899.00,2446,2453,0.00,0.00,0,0
1471911979,s5,0.00,0.00,0.00,0,0,0.00,0.00,0.00,0,0,0.00,0.00,0,0
1471911979,s1,0.00,342.00,342.00,342,0,0.00,1.00,1.00,1,0,0.00,0.00,0,0
1471911979,eth0,0.00,0.00,0.00,0,0,0.00,0.00,0.00,0,0,0.00,0.00,0,0
1471911979,s2,0.00,342.00,342.00,342,0,0.00,1.00,1.00,1,0,0.00,0.00,0,0
1471911979,s1-eth2,27468.00,1217382.00,1244850.00,1217382,27468,412.00,411.00,823.00,411,412,0.00,0.00,0,0
1471911979,s1-eth1,1217382.00,27534.00,1244916.00,27534,1217382,411.00,413.00,824.00,413,411,0.00,0.00,0,0
1471911979,s3,0.00,0.00,0.00,0,0,0.00,0.00,0.00,0,0,0.00,0.00,0,0
1471911979,s2-eth2,1220344.00,27534.00,1247878.00,27534,1220344,412.00,413.00,825.00,413,412,0.00,0.00,0,0
1471911979,s2-eth1,27534.00,1217382.00,1244916.00,1217382,27534,413.00,411.00,824.00,411,413,0.00,0.00,0,0
1471911979,lo,652.00,652.00,1304.00,652,652,6.00,6.00,12.00,6,6,0.00,0.00,0,0
1471911979,s4,0.00,0.00,0.00,0,0,0.00,0.00,0.00,0,0,0.00,0.00,0,0
1471911979,s3-eth2,1217382.00,27192.00,1244574.00,27192,1217382,411.00,412.00,823.00,412,411,0.00,0.00,0,0
1471911979,s3-eth1,27534.00,1220344.00,1247878.00,1220344,27534,413.00,412.00,825.00,412,413,0.00,0.00,0,0
1471911979,total,3738296.00,3738704.00,7477000.00,3738704,3738296,2478.00,2480.00,4958.00,2480,2478,0.00,0.00,0,0
1471911980,s5,0.00,0.00,0.00,0,0,0.00,0.00,0.00,0,0,0.00,0.00,0,0
1471911980,s1,0.00,0.00,0.00,0,0,0.00,0.00,0.00,0,0,0.00,0.00,0,0
1471911980,eth0,0.00,0.00,0.00,0,0,0.00,0.00,0.00,0,0,0.00,0.00,0,0
1471911980,s2,0.00,0.00,0.00,0,0,0.00,0.00,0.00,0,0,0.00,0.00,0,0
1471911980,s1-eth2,26862.00,1205534.00,1232396.00,1205534,26862,407.00,407.00,814.00,407,407,0.00,0.00,0,0
1471911980,s1-eth1,1205534.00,26796.00,1232330.00,26796,1205534,407.00,406.00,813.00,406,407,0.00,0.00,0,0
1471911980,s3,0.00,0.00,0.00,0,0,0.00,0.00,0.00,0,0,0.00,0.00,0,0
1471911980,s2-eth2,1205534.00,26796.00,1232330.00,26796,1205534,407.00,406.00,813.00,406,407,0.00,0.00,0,0
1471911980,s2-eth1,26796.00,1205534.00,1232330.00,1205534,26796,406.00,407.00,813.00,407,406,0.00,0.00,0,0
1471911980,lo,0.00,0.00,0.00,0,0,0.00,0.00,0.00,0,0,0.00,0.00,0,0
1471911980,s4,0.00,0.00,0.00,0,0,0.00,0.00,0.00,0,0,0.00,0.00,0,0
1471911980,s3-eth2,1205534.00,26796.00,1232330.00,26796,1205534,407.00,406.00,813.00,406,407,0.00,0.00,0,0
1471911980,s3-eth1,26796.00,1205534.00,1232330.00,1205534,26796,406.00,407.00,813.00,407,406,0.00,0.00,0,0
1471911980,total,3697056.00,3696990.00,7394046.00,3696990,3697056,2440.00,2439.00,4879.00,2439,2440,0.00,0.00,0,0
1471911981,s5,0.00,0.00,0.00,0,0,0.00,0.00,0.00,0,0,0.00,0.00,0,0
1471911981,s1,0.00,0.00,0.00,0,0,0.00,0.00,0.00,0,0,0.00,0.00,0,0
1471911981,eth0,0.00,0.00,0.00,0,0,0.00,0.00,0.00,0,0,0.00,0.00,0,0
1471911981,s2,0.00,0.00,0.00,0,0,0.00,0.00,0.00,0,0,0.00,0.00,0,0
1471911981,s1-eth2,25227.54,1141049.88,1166277.50,1143332,25278,382.24,385.23,767.47,386,383,0.00,0.00,0,0
1471911981,s1-eth1,1138093.88,25293.41,1163387.25,25344,1140370,384.23,383.23,767.47,384,385,0.00,0.00,0,0
1471911981,s3,0.00,0.00,0.00,0,0,0.00,0.00,0.00,0,0,0.00,0.00,0,0
1471911981,s2-eth2,1138093.88,25293.41,1163387.25,25344,1140370,384.23,383.23,767.47,384,385,0.00,0.00,0,0
1471911981,s2-eth1,25293.41,1138093.88,1163387.25,1140370,25344,383.23,384.23,767.47,385,384,0.00,0.00,0,0
1471911981,lo,171.66,171.66,343.31,172,172,2.99,2.99,5.99,3,3,0.00,0.00,0,0
1471911981,s4,0.00,0.00,0.00,0,0,0.00,0.00,0.00,0,0,0.00,0.00,0,0
1471911981,s3-eth2,1138093.88,25359.28,1163453.12,25410,1140370,384.23,384.23,768.46,385,385,0.00,0.00,0,0
1471911981,s3-eth1,25293.41,1138093.88,1163387.25,1140370,25344,383.23,384.23,767.47,385,384,0.00,0.00,0,0
1471911981,total,3490267.50,3493355.50,6983623.00,3500342,3497248,2304.39,2307.39,4611.78,2312,2309,0.00,0.00,0,0
1471911982,s5,0.00,0.00,0.00,0,0,0.00,0.00,0.00,0,0,0.00,0.00,0,0
1471911982,s1,0.00,107.00,107.00,107,0,0.00,1.00,1.00,1,0,0.00,0.00,0,0
1471911982,eth0,0.00,0.00,0.00,0,0,0.00,0.00,0.00,0,0,0.00,0.00,0,0
1471911982,s2,0.00,107.00,107.00,107,0,0.00,1.00,1.00,1,0,0.00,0.00,0,0
1471911982,s1-eth2,26507.00,1178876.00,1205383.00,1178876,26507,401.00,398.00,799.00,398,401,0.00,0.00,0,0
1471911982,s1-eth1,1178876.00,26507.00,1205383.00,26507,1178876,398.00,401.00,799.00,401,398,0.00,0.00,0,0
1471911982,s3,0.00,107.00,107.00,107,0,0.00,1.00,1.00,1,0,0.00,0.00,0,0
1471911982,s2-eth2,1178983.00,26441.00,1205424.00,26441,1178983,399.00,400.00,799.00,400,399,0.00,0.00,0,0
1471911982,s2-eth1,26507.00,1178876.00,1205383.00,1178876,26507,401.00,398.00,799.00,398,401,0.00,0.00,0,0
1471911982,lo,1259.00,1259.00,2518.00,1259,1259,15.00,15.00,30.00,15,15,0.00,0.00,0,0
1471911982,s4,0.00,0.00,0.00,0,0,0.00,0.00,0.00,0,0,0.00,0.00,0,0
1471911982,s3-eth2,1179090.00,26334.00,1205424.00,26334,1179090,400.00,399.00,799.00,399,400,0.00,0.00,0,0
1471911982,s3-eth1,26441.00,1178983.00,1205424.00,1178983,26441,400.00,399.00,799.00,399,400,0.00,0.00,0,0
1471911982,total,3617663.00,3617597.00,7235260.00,3617597,3617663,2414.00,2413.00,4827.00,2413,2414,0.00,0.00,0,0
1471911983,s5,0.00,0.00,0.00,0,0,0.00,0.00,0.00,0,0,0.00,0.00,0,0
1471911983,s1,0.00,107.00,107.00,107,0,0.00,1.00,1.00,1,0,0.00,0.00,0,0
1471911983,eth0,0.00,0.00,0.00,0,0,0.00,0.00,0.00,0,0,0.00,0.00,0,0
1471911983,s2,0.00,107.00,107.00,107,0,0.00,1.00,1.00,1,0,0.00,0.00,0,0
1471911983,s1-eth2,26746.00,1193686.00,1220432.00,1193686,26746,404.00,403.00,807.00,403,404,0.00,0.00,0,0
1471911983,s1-eth1,1190831.00,26639.00,1217470.00,26639,1190831,403.00,403.00,806.00,403,403,0.00,0.00,0,0
1471911983,s3,0.00,107.00,107.00,107,0,0.00,1.00,1.00,1,0,0.00,0.00,0,0
1471911983,s2-eth2,1190831.00,26532.00,1217363.00,26532,1190831,403.00,402.00,805.00,402,403,0.00,0.00,0,0
1471911983,s2-eth1,26639.00,1190831.00,1217470.00,1190831,26639,403.00,403.00,806.00,403,403,0.00,0.00,0,0
1471911983,lo,915.00,915.00,1830.00,915,915,9.00,9.00,18.00,9,9,0.00,0.00,0,0
1471911983,s4,0.00,0.00,0.00,0,0,0.00,0.00,0.00,0,0,0.00,0.00,0,0
1471911983,s3-eth2,1190831.00,26532.00,1217363.00,26532,1190831,403.00,402.00,805.00,402,403,0.00,0.00,0,0
1471911983,s3-eth1,26532.00,1190831.00,1217363.00,1190831,26532,402.00,403.00,805.00,403,402,0.00,0.00,0,0
1471911983,total,3653325.00,3656287.00,7309612.00,3656287,3653325,2427.00,2428.00,4855.00,2428,2427,0.00,0.00,0,0
1471911984,s5,0.00,0.00,0.00,0,0,0.00,0.00,0.00,0,0,0.00,0.00,0,0
1471911984,s1,0.00,0.00,0.00,0,0,0.00,0.00,0.00,0,0,0.00,0.00,0,0
1471911984,eth0,0.00,0.00,0.00,0,0,0.00,0.00,0.00,0,0,0.00,0.00,0,0
1471911984,s2,0.00,0.00,0.00,0,0,0.00,0.00,0.00,0,0,0.00,0.00,0,0
1471911984,s1-eth2,24816.00,1110750.00,1135566.00,1110750,24816,376.00,375.00,751.00,375,376,0.00,0.00,0,0
1471911984,s1-eth1,1113712.00,24816.00,1138528.00,24816,1113712,376.00,376.00,752.00,376,376,0.00,0.00,0,0
1471911984,s3,0.00,0.00,0.00,0,0,0.00,0.00,0.00,0,0,0.00,0.00,0,0
1471911984,s2-eth2,1113712.00,24816.00,1138528.00,24816,1113712,376.00,376.00,752.00,376,376,0.00,0.00,0,0
1471911984,s2-eth1,24816.00,1113712.00,1138528.00,1113712,24816,376.00,376.00,752.00,376,376,0.00,0.00,0,0
1471911984,lo,0.00,0.00,0.00,0,0,0.00,0.00,0.00,0,0,0.00,0.00,0,0
1471911984,s4,0.00,0.00,0.00,0,0,0.00,0.00,0.00,0,0,0.00,0.00,0,0
1471911984,s3-eth2,1113712.00,24816.00,1138528.00,24816,1113712,376.00,376.00,752.00,376,376,0.00,0.00,0,0
1471911984,s3-eth1,24816.00,1113712.00,1138528.00,1113712,24816,376.00,376.00,752.00,376,376,0.00,0.00,0,0
1471911984,total,3415584.00,3412622.00,6828206.00,3412622,3415584,2256.00,2255.00,4511.00,2255,2256,0.00,0.00,0,0
1471911985,s5,0.00,0.00,0.00,0,0,0.00,0.00,0.00,0,0,0.00,0.00,0,0
1471911985,s1,0.00,0.00,0.00,0,0,0.00,0.00,0.00,0,0,0.00,0.00,0,0
1471911985,eth0,0.00,0.00,0.00,0,0,0.00,0.00,0.00,0,0,0.00,0.00,0,0
1471911985,s2,0.00,0.00,0.00,0,0,0.00,0.00,0.00,0,0,0.00,0.00,0,0
1471911985,s1-eth2,26598.00,1196648.00,1223246.00,1196648,26598,403.00,404.00,807.00,404,403,0.00,0.00,0,0
1471911985,s1-eth1,1196648.00,26598.00,1223246.00,26598,1196648,404.00,403.00,807.00,403,404,0.00,0.00,0,0
1471911985,s3,0.00,342.00,342.00,342,0,0.00,1.00,1.00,1,0,0.00,0.00,0,0
1471911985,s2-eth2,1194028.00,26598.00,1220626.00,26598,1194028,404.00,403.00,807.00,403,404,0.00,0.00,0,0
1471911985,s2-eth1,26598.00,1196648.00,1223246.00,1196648,26598,403.00,404.00,807.00,404,403,0.00,0.00,0,0
1471911985,lo,326.00,326.00,652.00,326,326,3.00,3.00,6.00,3,3,0.00,0.00,0,0
1471911985,s4,0.00,0.00,0.00,0,0,0.00,0.00,0.00,0,0,0.00,0.00,0,0
1471911985,s3-eth2,1194028.00,26598.00,1220626.00,26598,1194028,404.00,403.00,807.00,403,404,0.00,0.00,0,0
1471911985,s3-eth1,26598.00,1194028.00,1220626.00,1194028,26598,403.00,404.00,807.00,404,403,0.00,0.00,0,0
1471911985,total,3664824.00,3667786.00,7332610.00,3667786,3664824,2424.00,2425.00,4849.00,2425,2424,0.00,0.00,0,0
1471911986,s5,0.00,0.00,0.00,0,0,0.00,0.00,0.00,0,0,0.00,0.00,0,0
1471911986,s1,0.00,0.00,0.00,0,0,0.00,0.00,0.00,0,0,0.00,0.00,0,0
1471911986,eth0,0.00,0.00,0.00,0,0,0.00,0.00,0.00,0,0,0.00,0.00,0,0
1471911986,s2,0.00,0.00,0.00,0,0,0.00,0.00,0.00,0,0,0.00,0.00,0,0
1471911986,s1-eth2,25674.00,1155180.00,1180854.00,1155180,25674,389.00,390.00,779.00,390,389,0.00,0.00,0,0
1471911986,s1-eth1,1155180.00,25674.00,1180854.00,25674,1155180,390.00,389.00,779.00,389,390,0.00,0.00,0,0
1471911986,s3,0.00,0.00,0.00,0,0,0.00,0.00,0.00,0,0,0.00,0.00,0,0
1471911986,s2-eth2,1155180.00,25674.00,1180854.00,25674,1155180,390.00,389.00,779.00,389,390,0.00,0.00,0,0
1471911986,s2-eth1,25674.00,1155180.00,1180854.00,1155180,25674,389.00,390.00,779.00,390,389,0.00,0.00,0,0
1471911986,lo,0.00,0.00,0.00,0,0,0.00,0.00,0.00,0,0,0.00,0.00,0,0
1471911986,s4,0.00,0.00,0.00,0,0,0.00,0.00,0.00,0,0,0.00,0.00,0,0
1471911986,s3-eth2,1152560.00,25674.00,1178234.00,25674,1152560,390.00,389.00,779.00,389,390,0.00,0.00,0,0
1471911986,s3-eth1,25674.00,1155180.00,1180854.00,1155180,25674,389.00,390.00,779.00,390,389,0.00,0.00,0,0
1471911986,total,3539942.00,3542562.00,7082504.00,3542562,3539942,2337.00,2337.00,4674.00,2337,2337,0.00,0.00,0,0
1471911987,s5,0.00,0.00,0.00,0,0,0.00,0.00,0.00,0,0,0.00,0.00,0,0
1471911987,s1,0.00,0.00,0.00,0,0,0.00,0.00,0.00,0,0,0.00,0.00,0,0
1471911987,eth0,0.00,0.00,0.00,0,0,0.00,0.00,0.00,0,0,0.00,0.00,0,0
1471911987,s2,0.00,0.00,0.00,0,0,0.00,0.00,0.00,0,0,0.00,0.00,0,0
1471911987,s1-eth2,26400.00,1185592.00,1211992.00,1185592,26400,400.00,412.00,812.00,412,400,0.00,0.00,0,0
1471911987,s1-eth1,1185394.00,26334.00,1211728.00,26334,1185394,409.00,399.00,808.00,399,409,0.00,0.00,0,0
1471911987,s3,0.00,0.00,0.00,0,0,0.00,0.00,0.00,0,0,0.00,0.00,0,0
1471911987,s2-eth2,1185262.00,26400.00,1211662.00,26400,1185262,407.00,400.00,807.00,400,407,0.00,0.00,0,0
1471911987,s2-eth1,26334.00,1185394.00,1211728.00,1185394,26334,399.00,409.00,808.00,409,399,0.00,0.00,0,0
1471911987,lo,516.00,516.00,1032.00,516,516,9.00,9.00,18.00,9,9,0.00,0.00,0,0
1471911987,s4,0.00,0.00,0.00,0,0,0.00,0.00,0.00,0,0,0.00,0.00,0,0
1471911987,s3-eth2,1185064.00,26334.00,1211398.00,26334,1185064,404.00,399.00,803.00,399,404,0.00,0.00,0,0
1471911987,s3-eth1,26400.00,1185262.00,1211662.00,1185262,26400,400.00,407.00,807.00,407,400,0.00,0.00,0,0
1471911987,total,3635370.00,3635832.00,7271202.00,3635832,3635370,2428.00,2435.00,4863.00,2435,2428,0.00,0.00,0,0
1471911988,s5,0.00,0.00,0.00,0,0,0.00,0.00,0.00,0,0,0.00,0.00,0,0
1471911988,s1,0.00,0.00,0.00,0,0,0.00,0.00,0.00,0,0,0.00,0.00,0,0
1471911988,eth0,0.00,0.00,0.00,0,0,0.00,0.00,0.00,0,0,0.00,0.00,0,0
1471911988,s2,0.00,0.00,0.00,0,0,0.00,0.00,0.00,0,0,0.00,0.00,0,0
1471911988,s1-eth2,27060.00,1215088.00,1242148.00,1215088,27060,410.00,464.00,874.00,464,410,0.00,0.00,0,0
1471911988,s1-eth1,1221210.00,27060.00,1248270.00,27060,1221210,469.00,410.00,879.00,410,469,0.00,0.00,0,0
1471911988,s3,0.00,0.00,0.00,0,0,0.00,0.00,0.00,0,0,0.00,0.00,0,0
1471911988,s2-eth2,1218380.00,27060.00,1245440.00,27060,1218380,470.00,410.00,880.00,410,470,0.00,0.00,0,0
1471911988,s2-eth1,27060.00,1221210.00,1248270.00,1221210,27060,410.00,469.00,879.00,469,410,0.00,0.00,0,0
1471911988,lo,172.00,172.00,344.00,172,172,3.00,3.00,6.00,3,3,0.00,0.00,0,0
1471911988,s4,0.00,0.00,0.00,0,0,0.00,0.00,0.00,0,0,0.00,0.00,0,0
1471911988,s3-eth2,1215616.00,27060.00,1242676.00,27060,1215616,472.00,410.00,882.00,410,472,0.00,0.00,0,0
1471911988,s3-eth1,27060.00,1218380.00,1245440.00,1218380,27060,410.00,470.00,880.00,470,410,0.00,0.00,0,0
1471911988,total,3736558.00,3736030.00,7472588.00,3736030,3736558,2644.00,2636.00,5280.00,2636,2644,0.00,0.00,0,0
1471911989,s5,0.00,0.00,0.00,0,0,0.00,0.00,0.00,0,0,0.00,0.00,0,0
1471911989,s1,0.00,0.00,0.00,0,0,0.00,0.00,0.00,0,0,0.00,0.00,0,0
1471911989,eth0,0.00,0.00,0.00,0,0,0.00,0.00,0.00,0,0,0.00,0.00,0,0
1471911989,s2,0.00,0.00,0.00,0,0,0.00,0.00,0.00,0,0,0.00,0.00,0,0
1471911989,s1-eth2,26928.00,1211458.00,1238386.00,1211458,26928,408.00,409.00,817.00,409,408,0.00,0.00,0,0
1471911989,s1-eth1,1208496.00,26994.00,1235490.00,26994,1208496,408.00,409.00,817.00,409,408,0.00,0.00,0,0
1471911989,s3,0.00,0.00,0.00,0,0,0.00,0.00,0.00,0,0,0.00,0.00,0,0
1471911989,s2-eth2,1208496.00,26928.00,1235424.00,26928,1208496,408.00,408.00,816.00,408,408,0.00,0.00,0,0
1471911989,s2-eth1,26994.00,1208496.00,1235490.00,1208496,26994,409.00,408.00,817.00,408,409,0.00,0.00,0,0
1471911989,lo,0.00,0.00,0.00,0,0,0.00,0.00,0.00,0,0,0.00,0.00,0,0
1471911989,s4,0.00,0.00,0.00,0,0,0.00,0.00,0.00,0,0,0.00,0.00,0,0
1471911989,s3-eth2,1211458.00,26994.00,1238452.00,26994,1211458,409.00,409.00,818.00,409,409,0.00,0.00,0,0
1471911989,s3-eth1,26928.00,1208496.00,1235424.00,1208496,26928,408.00,408.00,816.00,408,408,0.00,0.00,0,0
1471911989,total,3709300.00,3709366.00,7418666.00,3709366,3709300,2450.00,2451.00,4901.00,2451,2450,0.00,0.00,0,0
1471911990,s5,0.00,0.00,0.00,0,0,0.00,0.00,0.00,0,0,0.00,0.00,0,0
1471911990,s1,0.00,0.00,0.00,0,0,0.00,0.00,0.00,0,0,0.00,0.00,0,0
1471911990,eth0,0.00,0.00,0.00,0,0,0.00,0.00,0.00,0,0,0.00,0.00,0,0
1471911990,s2,0.00,342.00,342.00,342,0,0.00,1.00,1.00,1,0,0.00,0.00,0,0
1471911990,s1-eth2,26532.00,1187762.00,1214294.00,1187762,26532,402.00,401.00,803.00,401,402,0.00,0.00,0,0
1471911990,s1-eth1,1188104.00,26532.00,1214636.00,26532,1188104,402.00,402.00,804.00,402,402,0.00,0.00,0,0
1471911990,s3,0.00,342.00,342.00,342,0,0.00,1.00,1.00,1,0,0.00,0.00,0,0
1471911990,s2-eth2,1191066.00,26532.00,1217598.00,26532,1191066,403.00,402.00,805.00,402,403,0.00,0.00,0,0
1471911990,s2-eth1,26532.00,1188104.00,1214636.00,1188104,26532,402.00,402.00,804.00,402,402,0.00,0.00,0,0
1471911990,lo,824.00,824.00,1648.00,824,824,9.00,9.00,18.00,9,9,0.00,0.00,0,0
1471911990,s4,0.00,0.00,0.00,0,0,0.00,0.00,0.00,0,0,0.00,0.00,0,0
1471911990,s3-eth2,1191066.00,26466.00,1217532.00,26466,1191066,403.00,401.00,804.00,401,403,0.00,0.00,0,0
1471911990,s3-eth1,26532.00,1191066.00,1217598.00,1191066,26532,402.00,403.00,805.00,403,402,0.00,0.00,0,0
1471911990,total,3650656.00,3647970.00,7298626.00,3647970,3650656,2423.00,2422.00,4845.00,2422,2423,0.00,0.00,0,0
1471911991,s5,0.00,0.00,0.00,0,0,0.00,0.00,0.00,0,0,0.00,0.00,0,0
1471911991,s1,0.00,0.00,0.00,0,0,0.00,0.00,0.00,0,0,0.00,0.00,0,0
1471911991,eth0,0.00,0.00,0.00,0,0,0.00,0.00,0.00,0,0,0.00,0.00,0,0
1471911991,s2,0.00,0.00,0.00,0,0,0.00,0.00,0.00,0,0,0.00,0.00,0,0
1471911991,s1-eth2,27402.00,1214420.00,1241822.00,1214420,27402,411.00,410.00,821.00,410,411,0.00,0.00,0,0
1471911991,s1-eth1,1217382.00,26994.00,1244376.00,26994,1217382,411.00,409.00,820.00,409,411,0.00,0.00,0,0
1471911991,s3,0.00,0.00,0.00,0,0,0.00,0.00,0.00,0,0,0.00,0.00,0,0
1471911991,s2-eth2,1214420.00,27060.00,1241480.00,27060,1214420,410.00,410.00,820.00,410,410,0.00,0.00,0,0
1471911991,s2-eth1,26994.00,1217382.00,1244376.00,1217382,26994,409.00,411.00,820.00,411,409,0.00,0.00,0,0
1471911991,lo,0.00,0.00,0.00,0,0,0.00,0.00,0.00,0,0,0.00,0.00,0,0
1471911991,s4,0.00,0.00,0.00,0,0,0.00,0.00,0.00,0,0,0.00,0.00,0,0
1471911991,s3-eth2,1214420.00,27060.00,1241480.00,27060,1214420,410.00,410.00,820.00,410,410,0.00,0.00,0,0
1471911991,s3-eth1,27060.00,1214420.00,1241480.00,1214420,27060,410.00,410.00,820.00,410,410,0.00,0.00,0,0
1471911991,total,3727678.00,3727336.00,7455014.00,3727336,3727678,2461.00,2460.00,4921.00,2460,2461,0.00,0.00,0,0
1471911992,s5,0.00,0.00,0.00,0,0,0.00,0.00,0.00,0,0,0.00,0.00,0,0
1471911992,s1,0.00,342.00,342.00,342,0,0.00,1.00,1.00,1,0,0.00,0.00,0,0
1471911992,eth0,0.00,0.00,0.00,0,0,0.00,0.00,0.00,0,0,0.00,0.00,0,0
1471911992,s2,0.00,0.00,0.00,0,0,0.00,0.00,0.00,0,0,0.00,0.00,0,0
1471911992,s1-eth2,27138.00,1202572.00,1229710.00,1202572,27138,407.00,406.00,813.00,406,407,0.00,0.00,0,0
1471911992,s1-eth1,1202572.00,27138.00,1229710.00,27138,1202572,406.00,407.00,813.00,407,406,0.00,0.00,0,0
1471911992,s3,0.00,342.00,342.00,342,0,0.00,1.00,1.00,1,0,0.00,0.00,0,0
1471911992,s2-eth2,1202914.00,26796.00,1229710.00,26796,1202914,407.00,406.00,813.00,406,407,0.00,0.00,0,0
1471911992,s2-eth1,27138.00,1202572.00,1229710.00,1202572,27138,407.00,406.00,813.00,406,407,0.00,0.00,0,0
1471911992,lo,996.00,996.00,1992.00,996,996,12.00,12.00,24.00,12,12,0.00,0.00,0,0
1471911992,s4,0.00,0.00,0.00,0,0,0.00,0.00,0.00,0,0,0.00,0.00,0,0
1471911992,s3-eth2,1202914.00,26796.00,1229710.00,26796,1202914,407.00,406.00,813.00,406,407,0.00,0.00,0,0
1471911992,s3-eth1,26796.00,1202914.00,1229710.00,1202914,26796,406.00,407.00,813.00,407,406,0.00,0.00,0,0
1471911992,total,3690468.00,3690468.00,7380936.00,3690468,3690468,2452.00,2452.00,4904.00,2452,2452,0.00,0.00,0,0
1471911993,s5,0.00,0.00,0.00,0,0,0.00,0.00,0.00,0,0,0.00,0.00,0,0
1471911993,s1,0.00,342.00,342.00,342,0,0.00,1.00,1.00,1,0,0.00,0.00,0,0
1471911993,eth0,0.00,0.00,0.00,0,0,0.00,0.00,0.00,0,0,0.00,0.00,0,0
1471911993,s2,0.00,342.00,342.00,342,0,0.00,1.00,1.00,1,0,0.00,0.00,0,0
1471911993,s1-eth2,27204.00,1208496.00,1235700.00,1208496,27204,408.00,408.00,816.00,408,408,0.00,0.00,0,0
1471911993,s1-eth1,1208496.00,27204.00,1235700.00,27204,1208496,408.00,408.00,816.00,408,408,0.00,0.00,0,0
1471911993,s3,0.00,0.00,0.00,0,0,0.00,0.00,0.00,0,0,0.00,0.00,0,0
1471911993,s2-eth2,1208496.00,27204.00,1235700.00,27204,1208496,408.00,408.00,816.00,408,408,0.00,0.00,0,0
1471911993,s2-eth1,27204.00,1208496.00,1235700.00,1208496,27204,408.00,408.00,816.00,408,408,0.00,0.00,0,0
1471911993,lo,652.00,652.00,1304.00,652,652,6.00,6.00,12.00,6,6,0.00,0.00,0,0
1471911993,s4,0.00,0.00,0.00,0,0,0.00,0.00,0.00,0,0,0.00,0.00,0,0
1471911993,s3-eth2,1205534.00,26862.00,1232396.00,26862,1205534,407.00,407.00,814.00,407,407,0.00,0.00,0,0
1471911993,s3-eth1,27204.00,1208496.00,1235700.00,1208496,27204,408.00,408.00,816.00,408,408,0.00,0.00,0,0
1471911993,total,3704790.00,3708094.00,7412884.00,3708094,3704790,2453.00,2455.00,4908.00,2455,2453,0.00,0.00,0,0
1471911994,s5,0.00,0.00,0.00,0,0,0.00,0.00,0.00,0,0,0.00,0.00,0,0
1471911994,s1,0.00,0.00,0.00,0,0,0.00,0.00,0.00,0,0,0.00,0.00,0,0
1471911994,eth0,0.00,0.00,0.00,0,0,0.00,0.00,0.00,0,0,0.00,0.00,0,0
1471911994,s2,0.00,0.00,0.00,0,0,0.00,0.00,0.00,0,0,0.00,0.00,0,0
1471911994,s1-eth2,27126.00,1214948.00,1242074.00,1214948,27126,411.00,418.00,829.00,418,411,0.00,0.00,0,0
1471911994,s1-eth1,1214816.00,27126.00,1241942.00,27126,1214816,416.00,411.00,827.00,411,416,0.00,0.00,0,0
1471911994,s3,0.00,0.00,0.00,0,0,0.00,0.00,0.00,0,0,0.00,0.00,0,0
1471911994,s2-eth2,1213170.00,27126.00,1240296.00,27126,1213170,413.00,411.00,824.00,411,413,0.00,0.00,0,0
1471911994,s2-eth1,27126.00,1214816.00,1241942.00,1214816,27126,411.00,416.00,827.00,416,411,0.00,0.00,0,0
1471911994,lo,0.00,0.00,0.00,0,0,0.00,0.00,0.00,0,0,0.00,0.00,0,0
1471911994,s4,0.00,0.00,0.00,0,0,0.00,0.00,0.00,0,0,0.00,0.00,0,0
1471911994,s3-eth2,1217382.00,27126.00,1244508.00,27126,1217382,411.00,411.00,822.00,411,411,0.00,0.00,0,0
1471911994,s3-eth1,27126.00,1213170.00,1240296.00,1213170,27126,411.00,413.00,824.00,413,411,0.00,0.00,0,0
1471911994,total,3726746.00,3724312.00,7451058.00,3724312,3726746,2473.00,2480.00,4953.00,2480,2473,0.00,0.00,0,0
1471911995,s5,0.00,0.00,0.00,0,0,0.00,0.00,0.00,0,0,0.00,0.00,0,0
1471911995,s1,0.00,0.00,0.00,0,0,0.00,0.00,0.00,0,0,0.00,0.00,0,0
1471911995,eth0,0.00,0.00,0.00,0,0,0.00,0.00,0.00,0,0,0.00,0.00,0,0
1471911995,s2,0.00,0.00,0.00,0,0,0.00,0.00,0.00,0,0,0.00,0.00,0,0
1471911995,s1-eth2,25806.00,1162036.00,1187842.00,1162036,25806,391.00,450.00,841.00,450,391,0.00,0.00,0,0
1471911995,s1-eth1,1162168.00,25806.00,1187974.00,25806,1162168,452.00,391.00,843.00,391,452,0.00,0.00,0,0
1471911995,s3,0.00,0.00,0.00,0,0,0.00,0.00,0.00,0,0,0.00,0.00,0,0
1471911995,s2-eth2,1163814.00,25806.00,1189620.00,25806,1163814,455.00,391.00,846.00,391,455,0.00,0.00,0,0
1471911995,s2-eth1,25806.00,1162168.00,1187974.00,1162168,25806,391.00,452.00,843.00,452,391,0.00,0.00,0,0
1471911995,lo,0.00,0.00,0.00,0,0,0.00,0.00,0.00,0,0,0.00,0.00,0,0
1471911995,s4,0.00,0.00,0.00,0,0,0.00,0.00,0.00,0,0,0.00,0.00,0,0
1471911995,s3-eth2,1159602.00,25806.00,1185408.00,25806,1159602,457.00,391.00,848.00,391,457,0.00,0.00,0,0
1471911995,s3-eth1,25806.00,1163814.00,1189620.00,1163814,25806,391.00,455.00,846.00,455,391,0.00,0.00,0,0
1471911995,total,3563002.00,3565436.00,7128438.00,3565436,3563002,2537.00,2530.00,5067.00,2530,2537,0.00,0.00,0,0
1471911996,s5,0.00,0.00,0.00,0,0,0.00,0.00,0.00,0,0,0.00,0.00,0,0
1471911996,s1,0.00,0.00,0.00,0,0,0.00,0.00,0.00,0,0,0.00,0.00,0,0
1471911996,eth0,0.00,0.00,0.00,0,0,0.00,0.00,0.00,0,0,0.00,0.00,0,0
1471911996,s2,0.00,0.00,0.00,0,0,0.00,0.00,0.00,0,0,0.00,0.00,0,0
1471911996,s1-eth2,26994.00,1214420.00,1241414.00,1214420,26994,409.00,410.00,819.00,410,409,0.00,0.00,0,0
1471911996,s1-eth1,1214420.00,27060.00,1241480.00,27060,1214420,410.00,410.00,820.00,410,410,0.00,0.00,0,0
1471911996,s3,0.00,0.00,0.00,0,0,0.00,0.00,0.00,0,0,0.00,0.00,0,0
1471911996,s2-eth2,1211458.00,26994.00,1238452.00,26994,1211458,409.00,409.00,818.00,409,409,0.00,0.00,0,0
1471911996,s2-eth1,27060.00,1214420.00,1241480.00,1214420,27060,410.00,410.00,820.00,410,410,0.00,0.00,0,0
1471911996,lo,0.00,0.00,0.00,0,0,0.00,0.00,0.00,0,0,0.00,0.00,0,0
1471911996,s4,0.00,0.00,0.00,0,0,0.00,0.00,0.00,0,0,0.00,0.00,0,0
1471911996,s3-eth2,1214420.00,27060.00,1241480.00,27060,1214420,410.00,410.00,820.00,410,410,0.00,0.00,0,0
1471911996,s3-eth1,26994.00,1211458.00,1238452.00,1211458,26994,409.00,409.00,818.00,409,409,0.00,0.00,0,0
1471911996,total,3721346.00,3721412.00,7442758.00,3721412,3721346,2457.00,2458.00,4915.00,2458,2457,0.00,0.00,0,0
1471911997,s5,0.00,0.00,0.00,0,0,0.00,0.00,0.00,0,0,0.00,0.00,0,0
1471911997,s1,0.00,0.00,0.00,0,0,0.00,0.00,0.00,0,0,0.00,0.00,0,0
1471911997,eth0,0.00,0.00,0.00,0,0,0.00,0.00,0.00,0,0,0.00,0.00,0,0
1471911997,s2,0.00,0.00,0.00,0,0,0.00,0.00,0.00,0,0,0.00,0.00,0,0
1471911997,s1-eth2,26543.28,1178905.50,1205448.75,1184800,26676,398.01,398.01,796.02,400,400,0.00,0.00,0,0
1471911997,s1-eth1,1178905.50,26137.31,1205042.75,26268,1184800,398.01,396.02,794.03,398,400,0.00,0.00,0,0
1471911997,s3,0.00,0.00,0.00,0,0,0.00,0.00,0.00,0,0,0.00,0.00,0,0
1471911997,s2-eth2,1178905.50,26202.98,1205108.50,26334,1184800,398.01,397.01,795.02,399,400,0.00,0.00,0,0
1471911997,s2-eth1,26137.31,1178905.50,1205042.75,1184800,26268,396.02,398.01,794.03,400,398,0.00,0.00,0,0
1471911997,lo,513.43,513.43,1026.87,516,516,8.96,8.96,17.91,9,9,0.00,0.00,0,0
1471911997,s4,0.00,0.00,0.00,0,0,0.00,0.00,0.00,0,0,0.00,0.00,0,0
1471911997,s3-eth2,1178905.50,26202.98,1205108.50,26334,1184800,398.01,397.01,795.02,399,400,0.00,0.00,0,0
1471911997,s3-eth1,26202.98,1178905.50,1205108.50,1184800,26334,397.01,398.01,795.02,400,399,0.00,0.00,0,0
1471911997,total,3616113.50,3615773.00,7231886.50,3633852,3634194,2394.03,2393.03,4787.06,2405,2406,0.00,0.00,0,0
1471911998,s5,0.00,0.00,0.00,0,0,0.00,0.00,0.00,0,0,0.00,0.00,0,0
1471911998,s1,0.00,107.00,107.00,107,0,0.00,1.00,1.00,1,0,0.00,0.00,0,0
1471911998,eth0,0.00,0.00,0.00,0,0,0.00,0.00,0.00,0,0,0.00,0.00,0,0
1471911998,s2,0.00,107.00,107.00,107,0,0.00,1.00,1.00,1,0,0.00,0.00,0,0
1471911998,s1-eth2,26573.00,1190724.00,1217297.00,1190724,26573,402.00,402.00,804.00,402,402,0.00,0.00,0,0
1471911998,s1-eth1,1187762.00,26639.00,1214401.00,26639,1187762,401.00,403.00,804.00,403,401,0.00,0.00,0,0
1471911998,s3,0.00,107.00,107.00,107,0,0.00,1.00,1.00,1,0,0.00,0.00,0,0
1471911998,s2-eth2,1190831.00,26639.00,1217470.00,26639,1190831,403.00,403.00,806.00,403,403,0.00,0.00,0,0
1471911998,s2-eth1,26639.00,1187762.00,1214401.00,1187762,26639,403.00,401.00,804.00,401,403,0.00,0.00,0,0
1471911998,lo,1259.00,1259.00,2518.00,1259,1259,15.00,15.00,30.00,15,15,0.00,0.00,0,0
1471911998,s4,0.00,0.00,0.00,0,0,0.00,0.00,0.00,0,0,0.00,0.00,0,0
1471911998,s3-eth2,1190938.00,26532.00,1217470.00,26532,1190938,404.00,402.00,806.00,402,404,0.00,0.00,0,0
1471911998,s3-eth1,26639.00,1190831.00,1217470.00,1190831,26639,403.00,403.00,806.00,403,403,0.00,0.00,0,0
1471911998,total,3650641.00,3650707.00,7301348.00,3650707,3650641,2431.00,2432.00,4863.00,2432,2431,0.00,0.00,0,0
1471911999,s5,0.00,0.00,0.00,0,0,0.00,0.00,0.00,0,0,0.00,0.00,0,0
1471911999,s1,0.00,107.00,107.00,107,0,0.00,1.00,1.00,1,0,0.00,0.00,0,0
1471911999,eth0,0.00,0.00,0.00,0,0,0.00,0.00,0.00,0,0,0.00,0.00,0,0
1471911999,s2,0.00,107.00,107.00,107,0,0.00,1.00,1.00,1,0,0.00,0.00,0,0
1471911999,s1-eth2,27142.00,1202572.00,1229714.00,1202572,27142,410.00,406.00,816.00,406,410,0.00,0.00,0,0
1471911999,s1-eth1,1205641.00,27035.00,1232676.00,27035,1205641,408.00,409.00,817.00,409,408,0.00,0.00,0,0
1471911999,s3,0.00,107.00,107.00,107,0,0.00,1.00,1.00,1,0,0.00,0.00,0,0
1471911999,s2-eth2,1202679.00,26862.00,1229541.00,26862,1202679,407.00,407.00,814.00,407,407,0.00,0.00,0,0
1471911999,s2-eth1,27035.00,1205641.00,1232676.00,1205641,27035,409.00,408.00,817.00,408,409,0.00,0.00,0,0
1471911999,lo,915.00,915.00,1830.00,915,915,9.00,9.00,18.00,9,9,0.00,0.00,0,0
1471911999,s4,0.00,0.00,0.00,0,0,0.00,0.00,0.00,0,0,0.00,0.00,0,0
1471911999,s3-eth2,1203021.00,26796.00,1229817.00,26796,1203021,408.00,406.00,814.00,406,408,0.00,0.00,0,0
1471911999,s3-eth1,26862.00,1202679.00,1229541.00,1202679,26862,407.00,407.00,814.00,407,407,0.00,0.00,0,0
1471911999,total,3693295.00,3692821.00,7386116.00,3692821,3693295,2458.00,2455.00,4913.00,2455,2458,0.00,0.00,0,0
1471912000,s5,0.00,0.00,0.00,0,0,0.00,0.00,0.00,0,0,0.00,0.00,0,0
1471912000,s1,0.00,0.00,0.00,0,0,0.00,0.00,0.00,0,0,0.00,0.00,0,0
1471912000,eth0,0.00,0.00,0.00,0,0,0.00,0.00,0.00,0,0,0.00,0.00,0,0
1471912000,s2,0.00,0.00,0.00,0,0,0.00,0.00,0.00,0,0,0.00,0.00,0,0
1471912000,s1-eth2,26664.00,1199610.00,1226274.00,1199610,26664,404.00,405.00,809.00,405,404,0.00,0.00,0,0
1471912000,s1-eth1,1196648.00,26664.00,1223312.00,26664,1196648,404.00,404.00,808.00,404,404,0.00,0.00,0,0
1471912000,s3,0.00,0.00,0.00,0,0,0.00,0.00,0.00,0,0,0.00,0.00,0,0
1471912000,s2-eth2,1196648.00,26664.00,1223312.00,26664,1196648,404.00,404.00,808.00,404,404,0.00,0.00,0,0
1471912000,s2-eth1,26664.00,1196648.00,1223312.00,1196648,26664,404.00,404.00,808.00,404,404,0.00,0.00,0,0
1471912000,lo,0.00,0.00,0.00,0,0,0.00,0.00,0.00,0,0,0.00,0.00,0,0
1471912000,s4,0.00,0.00,0.00,0,0,0.00,0.00,0.00,0,0,0.00,0.00,0,0
1471912000,s3-eth2,1196648.00,26664.00,1223312.00,26664,1196648,404.00,404.00,808.00,404,404,0.00,0.00,0,0
1471912000,s3-eth1,26664.00,1196648.00,1223312.00,1196648,26664,404.00,404.00,808.00,404,404,0.00,0.00,0,0
1471912000,total,3669936.00,3672898.00,7342834.00,3672898,3669936,2424.00,2425.00,4849.00,2425,2424,0.00,0.00,0,0
1471912001,s5,0.00,0.00,0.00,0,0,0.00,0.00,0.00,0,0,0.00,0.00,0,0
1471912001,s1,0.00,0.00,0.00,0,0,0.00,0.00,0.00,0,0,0.00,0.00,0,0
1471912001,eth0,0.00,0.00,0.00,0,0,0.00,0.00,0.00,0,0,0.00,0.00,0,0
1471912001,s2,0.00,342.00,342.00,342,0,0.00,1.00,1.00,1,0,0.00,0.00,0,0
1471912001,s1-eth2,26994.00,1211458.00,1238452.00,1211458,26994,409.00,409.00,818.00,409,409,0.00,0.00,0,0
1471912001,s1-eth1,1211800.00,26994.00,1238794.00,26994,1211800,410.00,409.00,819.00,409,410,0.00,0.00,0,0
1471912001,s3,0.00,342.00,342.00,342,0,0.00,1.00,1.00,1,0,0.00,0.00,0,0
1471912001,s2-eth2,1214762.00,26994.00,1241756.00,26994,1214762,411.00,409.00,820.00,409,411,0.00,0.00,0,0
1471912001,s2-eth1,26994.00,1211800.00,1238794.00,1211800,26994,409.00,410.00,819.00,410,409,0.00,0.00,0,0
1471912001,lo,652.00,652.00,1304.00,652,652,6.00,6.00,12.00,6,6,0.00,0.00,0,0
1471912001,s4,0.00,0.00,0.00,0,0,0.00,0.00,0.00,0,0,0.00,0.00,0,0
1471912001,s3-eth2,1211800.00,27060.00,1238860.00,27060,1211800,410.00,410.00,820.00,410,410,0.00,0.00,0,0
1471912001,s3-eth1,26994.00,1214762.00,1241756.00,1214762,26994,409.00,411.00,820.00,411,409,0.00,0.00,0,0
1471912001,total,3719996.00,3720404.00,7440400.00,3720404,3719996,2464.00,2466.00,4930.00,2466,2464,0.00,0.00,0,0
1471912002,s5,0.00,0.00,0.00,0,0,0.00,0.00,0.00,0,0,0.00,0.00,0,0
1471912002,s1,0.00,342.00,342.00,342,0,0.00,1.00,1.00,1,0,0.00,0.00,0,0
1471912002,eth0,0.00,0.00,0.00,0,0,0.00,0.00,0.00,0,0,0.00,0.00,0,0
1471912002,s2,0.00,342.00,342.00,342,0,0.00,1.00,1.00,1,0,0.00,0.00,0,0
1471912002,s1-eth2,27270.00,1208496.00,1235766.00,1208496,27270,409.00,408.00,817.00,408,409,0.00,0.00,0,0
1471912002,s1-eth1,1208496.00,27270.00,1235766.00,27270,1208496,408.00,409.00,817.00,409,408,0.00,0.00,0,0
1471912002,s3,0.00,0.00,0.00,0,0,0.00,0.00,0.00,0,0,0.00,0.00,0,0
1471912002,s2-eth2,1208496.00,27270.00,1235766.00,27270,1208496,408.00,409.00,817.00,409,408,0.00,0.00,0,0
1471912002,s2-eth1,27270.00,1208496.00,1235766.00,1208496,27270,409.00,408.00,817.00,408,409,0.00,0.00,0,0
1471912002,lo,996.00,996.00,1992.00,996,996,12.00,12.00,24.00,12,12,0.00,0.00,0,0
1471912002,s4,0.00,0.00,0.00,0,0,0.00,0.00,0.00,0,0,0.00,0.00,0,0
1471912002,s3-eth2,1208496.00,26928.00,1235424.00,26928,1208496,408.00,408.00,816.00,408,408,0.00,0.00,0,0
1471912002,s3-eth1,27270.00,1208496.00,1235766.00,1208496,27270,409.00,408.00,817.00,408,409,0.00,0.00,0,0
1471912002,total,3708294.00,3708636.00,7416930.00,3708636,3708294,2463.00,2464.00,4927.00,2464,2463,0.00,0.00,0,0
1471912003,s5,0.00,0.00,0.00,0,0,0.00,0.00,0.00,0,0,0.00,0.00,0,0
1471912003,s1,0.00,342.00,342.00,342,0,0.00,1.00,1.00,1,0,0.00,0.00,0,0
1471912003,eth0,0.00,0.00,0.00,0,0,0.00,0.00,0.00,0,0,0.00,0.00,0,0
1471912003,s2,0.00,0.00,0.00,0,0,0.00,0.00,0.00,0,0,0.00,0.00,0,0
1471912003,s1-eth2,27468.00,1217382.00,1244850.00,1217382,27468,412.00,411.00,823.00,411,412,0.00,0.00,0,0
1471912003,s1-eth1,1217382.00,27468.00,1244850.00,27468,1217382,411.00,412.00,823.00,412,411,0.00,0.00,0,0
1471912003,s3,0.00,342.00,342.00,342,0,0.00,1.00,1.00,1,0,0.00,0.00,0,0
1471912003,s2-eth2,1217724.00,27126.00,1244850.00,27126,1217724,412.00,411.00,823.00,411,412,0.00,0.00,0,0
1471912003,s2-eth1,27468.00,1217382.00,1244850.00,1217382,27468,412.00,411.00,823.00,411,412,0.00,0.00,0,0
1471912003,lo,652.00,652.00,1304.00,652,652,6.00,6.00,12.00,6,6,0.00,0.00,0,0
1471912003,s4,0.00,0.00,0.00,0,0,0.00,0.00,0.00,0,0,0.00,0.00,0,0
1471912003,s3-eth2,1217724.00,27060.00,1244784.00,27060,1217724,412.00,410.00,822.00,410,412,0.00,0.00,0,0
1471912003,s3-eth1,27126.00,1217724.00,1244850.00,1217724,27126,411.00,412.00,823.00,412,411,0.00,0.00,0,0
1471912003,total,3735544.00,3735478.00,7471022.00,3735478,3735544,2476.00,2475.00,4951.00,2475,2476,0.00,0.00,0,0
1471912004,s5,0.00,0.00,0.00,0,0,0.00,0.00,0.00,0,0,0.00,0.00,0,0
1471912004,s1,0.00,0.00,0.00,0,0,0.00,0.00,0.00,0,0,0.00,0.00,0,0
1471912004,eth0,0.00,0.00,0.00,0,0,0.00,0.00,0.00,0,0,0.00,0.00,0,0
1471912004,s2,0.00,0.00,0.00,0,0,0.00,0.00,0.00,0,0,0.00,0.00,0,0
1471912004,s1-eth2,26928.00,1213512.00,1240440.00,1213512,26928,408.00,484.00,892.00,484,408,0.00,0.00,0,0
1471912004,s1-eth1,1213512.00,26928.00,1240440.00,26928,1213512,484.00,408.00,892.00,408,484,0.00,0.00,0,0
1471912004,s3,0.00,0.00,0.00,0,0,0.00,0.00,0.00,0,0,0.00,0.00,0,0
1471912004,s2-eth2,1213512.00,26928.00,1240440.00,26928,1213512,484.00,408.00,892.00,408,484,0.00,0.00,0,0
1471912004,s2-eth1,26928.00,1213512.00,1240440.00,1213512,26928,408.00,484.00,892.00,484,408,0.00,0.00,0,0
1471912004,lo,0.00,0.00,0.00,0,0,0.00,0.00,0.00,0,0,0.00,0.00,0,0
1471912004,s4,0.00,0.00,0.00,0,0,0.00,0.00,0.00,0,0,0.00,0.00,0,0
1471912004,s3-eth2,1213512.00,26994.00,1240506.00,26994,1213512,484.00,409.00,893.00,409,484,0.00,0.00,0,0
1471912004,s3-eth1,26928.00,1213512.00,1240440.00,1213512,26928,408.00,484.00,892.00,484,408,0.00,0.00,0,0
1471912004,total,3721320.00,3721386.00,7442706.00,3721386,3721320,2676.00,2677.00,5353.00,2677,2676,0.00,0.00,0,0
1471912005,s5,0.00,0.00,0.00,0,0,0.00,0.00,0.00,0,0,0.00,0.00,0,0
1471912005,s1,0.00,0.00,0.00,0,0,0.00,0.00,0.00,0,0,0.00,0.00,0,0
1471912005,eth0,0.00,0.00,0.00,0,0,0.00,0.00,0.00,0,0,0.00,0.00,0,0
1471912005,s2,0.00,0.00,0.00,0,0,0.00,0.00,0.00,0,0,0.00,0.00,0,0
1471912005,s1-eth2,26994.00,1211458.00,1238452.00,1211458,26994,409.00,409.00,818.00,409,409,0.00,0.00,0,0
1471912005,s1-eth1,1211458.00,26994.00,1238452.00,26994,1211458,409.00,409.00,818.00,409,409,0.00,0.00,0,0
1471912005,s3,0.00,0.00,0.00,0,0,0.00,0.00,0.00,0,0,0.00,0.00,0,0
1471912005,s2-eth2,1211458.00,26994.00,1238452.00,26994,1211458,409.00,409.00,818.00,409,409,0.00,0.00,0,0
1471912005,s2-eth1,26994.00,1211458.00,1238452.00,1211458,26994,409.00,409.00,818.00,409,409,0.00,0.00,0,0
1471912005,lo,0.00,0.00,0.00,0,0,0.00,0.00,0.00,0,0,0.00,0.00,0,0
1471912005,s4,0.00,0.00,0.00,0,0,0.00,0.00,0.00,0,0,0.00,0.00,0,0
1471912005,s3-eth2,1211458.00,26928.00,1238386.00,26928,1211458,409.00,408.00,817.00,408,409,0.00,0.00,0,0
1471912005,s3-eth1,26994.00,1211458.00,1238452.00,1211458,26994,409.00,409.00,818.00,409,409,0.00,0.00,0,0
1471912005,total,3715356.00,3715290.00,7430646.00,3715290,3715356,2454.00,2453.00,4907.00,2453,2454,0.00,0.00,0,0
1471912006,s5,0.00,0.00,0.00,0,0,0.00,0.00,0.00,0,0,0.00,0.00,0,0
1471912006,s1,0.00,0.00,0.00,0,0,0.00,0.00,0.00,0,0,0.00,0.00,0,0
1471912006,eth0,0.00,0.00,0.00,0,0,0.00,0.00,0.00,0,0,0.00,0.00,0,0
1471912006,s2,0.00,0.00,0.00,0,0,0.00,0.00,0.00,0,0,0.00,0.00,0,0
1471912006,s1-eth2,27336.00,1214420.00,1241756.00,1214420,27336,410.00,410.00,820.00,410,410,0.00,0.00,0,0
1471912006,s1-eth1,1214420.00,26994.00,1241414.00,26994,1214420,410.00,409.00,819.00,409,410,0.00,0.00,0,0
1471912006,s3,0.00,0.00,0.00,0,0,0.00,0.00,0.00,0,0,0.00,0.00,0,0
1471912006,s2-eth2,1211458.00,26994.00,1238452.00,26994,1211458,409.00,409.00,818.00,409,409,0.00,0.00,0,0
1471912006,s2-eth1,26994.00,1214420.00,1241414.00,1214420,26994,409.00,410.00,819.00,410,409,0.00,0.00,0,0
1471912006,lo,0.00,0.00,0.00,0,0,0.00,0.00,0.00,0,0,0.00,0.00,0,0
1471912006,s4,0.00,0.00,0.00,0,0,0.00,0.00,0.00,0,0,0.00,0.00,0,0
1471912006,s3-eth2,1211458.00,27060.00,1238518.00,27060,1211458,409.00,410.00,819.00,410,409,0.00,0.00,0,0
1471912006,s3-eth1,26994.00,1211458.00,1238452.00,1211458,26994,409.00,409.00,818.00,409,409,0.00,0.00,0,0
1471912006,total,3718660.00,3721346.00,7440006.00,3721346,3718660,2456.00,2457.00,4913.00,2457,2456,0.00,0.00,0,0
1471912007,s5,0.00,0.00,0.00,0,0,0.00,0.00,0.00,0,0,0.00,0.00,0,0
1471912007,s1,0.00,0.00,0.00,0,0,0.00,0.00,0.00,0,0,0.00,0.00,0,0
1471912007,eth0,0.00,0.00,0.00,0,0,0.00,0.00,0.00,0,0,0.00,0.00,0,0
1471912007,s2,0.00,0.00,0.00,0,0,0.00,0.00,0.00,0,0,0.00,0.00,0,0
1471912007,s1-eth2,26928.00,1208496.00,1235424.00,1208496,26928,408.00,408.00,816.00,408,408,0.00,0.00,0,0
1471912007,s1-eth1,1208496.00,26928.00,1235424.00,26928,1208496,408.00,408.00,816.00,408,408,0.00,0.00,0,0
1471912007,s3,0.00,0.00,0.00,0,0,0.00,0.00,0.00,0,0,0.00,0.00,0,0
1471912007,s2-eth2,1208496.00,26928.00,1235424.00,26928,1208496,408.00,408.00,816.00,408,408,0.00,0.00,0,0
1471912007,s2-eth1,26928.00,1208496.00,1235424.00,1208496,26928,408.00,408.00,816.00,408,408,0.00,0.00,0,0
1471912007,lo,516.00,516.00,1032.00,516,516,9.00,9.00,18.00,9,9,0.00,0.00,0,0
1471912007,s4,0.00,0.00,0.00,0,0,0.00,0.00,0.00,0,0,0.00,0.00,0,0
1471912007,s3-eth2,1208496.00,26928.00,1235424.00,26928,1208496,408.00,408.00,816.00,408,408,0.00,0.00,0,0
1471912007,s3-eth1,26928.00,1208496.00,1235424.00,1208496,26928,408.00,408.00,816.00,408,408,0.00,0.00,0,0
1471912007,total,3706788.00,3706788.00,7413576.00,3706788,3706788,2457.00,2457.00,4914.00,2457,2457,0.00,0.00,0,0
1471912008,s5,0.00,0.00,0.00,0,0,0.00,0.00,0.00,0,0,0.00,0.00,0,0
1471912008,s1,0.00,0.00,0.00,0,0,0.00,0.00,0.00,0,0,0.00,0.00,0,0
1471912008,eth0,0.00,0.00,0.00,0,0,0.00,0.00,0.00,0,0,0.00,0.00,0,0
1471912008,s2,0.00,0.00,0.00,0,0,0.00,0.00,0.00,0,0,0.00,0.00,0,0
1471912008,s1-eth2,27126.00,1217382.00,1244508.00,1217382,27126,411.00,411.00,822.00,411,411,0.00,0.00,0,0
1471912008,s1-eth1,1217382.00,27060.00,1244442.00,27060,1217382,411.00,410.00,821.00,410,411,0.00,0.00,0,0
1471912008,s3,0.00,0.00,0.00,0,0,0.00,0.00,0.00,0,0,0.00,0.00,0,0
1471912008,s2-eth2,1217382.00,27126.00,1244508.00,27126,1217382,411.00,411.00,822.00,411,411,0.00,0.00,0,0
1471912008,s2-eth1,27060.00,1217382.00,1244442.00,1217382,27060,410.00,411.00,821.00,411,410,0.00,0.00,0,0
1471912008,lo,344.00,344.00,688.00,344,344,6.00,6.00,12.00,6,6,0.00,0.00,0,0
1471912008,s4,0.00,0.00,0.00,0,0,0.00,0.00,0.00,0,0,0.00,0.00,0,0
1471912008,s3-eth2,1217382.00,27060.00,1244442.00,27060,1217382,411.00,410.00,821.00,410,411,0.00,0.00,0,0
1471912008,s3-eth1,27126.00,1217382.00,1244508.00,1217382,27126,411.00,411.00,822.00,411,411,0.00,0.00,0,0
1471912008,total,3733802.00,3733736.00,7467538.00,3733736,3733802,2471.00,2470.00,4941.00,2470,2471,0.00,0.00,0,0
1471912009,s5,0.00,0.00,0.00,0,0,0.00,0.00,0.00,0,0,0.00,0.00,0,0
1471912009,s1,0.00,0.00,0.00,0,0,0.00,0.00,0.00,0,0,0.00,0.00,0,0
1471912009,eth0,0.00,0.00,0.00,0,0,0.00,0.00,0.00,0,0,0.00,0.00,0,0
1471912009,s2,0.00,342.00,342.00,342,0,0.00,1.00,1.00,1,0,0.00,0.00,0,0
1471912009,s1-eth2,27234.00,1220344.00,1247578.00,1220344,27234,413.00,412.00,825.00,412,413,0.00,0.00,0,0
1471912009,s1-eth1,1220686.00,27234.00,1247920.00,27234,1220686,413.00,413.00,826.00,413,413,0.00,0.00,0,0
1471912009,s3,0.00,342.00,342.00,342,0,0.00,1.00,1.00,1,0,0.00,0.00,0,0
1471912009,s2-eth2,1220686.00,27234.00,1247920.00,27234,1220686,413.00,413.00,826.00,413,413,0.00,0.00,0,0
1471912009,s2-eth1,27234.00,1220686.00,1247920.00,1220686,27234,413.00,413.00,826.00,413,413,0.00,0.00,0,0
1471912009,lo,1540.00,1540.00,3080.00,1540,1540,15.00,15.00,30.00,15,15,0.00,0.00,0,0
1471912009,s4,0.00,0.00,0.00,0,0,0.00,0.00,0.00,0,0,0.00,0.00,0,0
1471912009,s3-eth2,1220686.00,27234.00,1247920.00,27234,1220686,413.00,413.00,826.00,413,413,0.00,0.00,0,0
1471912009,s3-eth1,27234.00,1220686.00,1247920.00,1220686,27234,413.00,413.00,826.00,413,413,0.00,0.00,0,0
1471912009,total,3745300.00,3745642.00,7490942.00,3745642,3745300,2493.00,2494.00,4987.00,2494,2493,0.00,0.00,0,0
1471912010,s5,0.00,0.00,0.00,0,0,0.00,0.00,0.00,0,0,0.00,0.00,0,0
1471912010,s1,0.00,0.00,0.00,0,0,0.00,0.00,0.00,0,0,0.00,0.00,0,0
1471912010,eth0,0.00,0.00,0.00,0,0,0.00,0.00,0.00,0,0,0.00,0.00,0,0
1471912010,s2,0.00,0.00,0.00,0,0,0.00,0.00,0.00,0,0,0.00,0.00,0,0
1471912010,s1-eth2,27192.00,1220386.00,1247578.00,1220386,27192,412.00,413.00,825.00,413,412,0.00,0.00,0,0
1471912010,s1-eth1,1217424.00,27192.00,1244616.00,27192,1217424,412.00,412.00,824.00,412,412,0.00,0.00,0,0
1471912010,s3,0.00,0.00,0.00,0,0,0.00,0.00,0.00,0,0,0.00,0.00,0,0
1471912010,s2-eth2,1220386.00,27192.00,1247578.00,27192,1220386,413.00,412.00,825.00,412,413,0.00,0.00,0,0
1471912010,s2-eth1,27192.00,1217424.00,1244616.00,1217424,27192,412.00,412.00,824.00,412,412,0.00,0.00,0,0
1471912010,lo,0.00,0.00,0.00,0,0,0.00,0.00,0.00,0,0,0.00,0.00,0,0
1471912010,s4,0.00,0.00,0.00,0,0,0.00,0.00,0.00,0,0,0.00,0.00,0,0
1471912010,s3-eth2,1217424.00,27192.00,1244616.00,27192,1217424,412.00,412.00,824.00,412,412,0.00,0.00,0,0
1471912010,s3-eth1,27192.00,1220386.00,1247578.00,1220386,27192,412.00,413.00,825.00,413,412,0.00,0.00,0,0
1471912010,total,3733077.00,3736036.00,7469113.00,3739772,3736810,2470.53,2471.53,4942.06,2474,2473,0.00,0.00,0,0
1471912011,s5,0.00,0.00,0.00,0,0,0.00,0.00,0.00,0,0,0.00,0.00,0,0
1471912011,s1,0.00,0.00,0.00,0,0,0.00,0.00,0.00,0,0,0.00,0.00,0,0
1471912011,eth0,0.00,0.00,0.00,0,0,0.00,0.00,0.00,0,0,0.00,0.00,0,0
1471912011,s2,0.00,0.00,0.00,0,0,0.00,0.00,0.00,0,0,0.00,0.00,0,0
1471912011,s1-eth2,27032.97,1213206.88,1240239.75,1214420,27060,409.59,409.59,819.18,410,410,0.00,0.00,0,0
1471912011,s1-eth1,1213206.88,27032.97,1240239.75,27060,1214420,409.59,409.59,819.18,410,410,0.00,0.00,0,0
1471912011,s3,0.00,0.00,0.00,0,0,0.00,0.00,0.00,0,0,0.00,0.00,0,0
1471912011,s2-eth2,1210247.75,27032.97,1237280.75,27060,1211458,408.59,409.59,818.18,410,409,0.00,0.00,0,0
1471912011,s2-eth1,27032.97,1213206.88,1240239.75,1214420,27060,409.59,409.59,819.18,410,410,0.00,0.00,0,0
1471912011,lo,0.00,0.00,0.00,0,0,0.00,0.00,0.00,0,0,0.00,0.00,0,0
1471912011,s4,0.00,0.00,0.00,0,0,0.00,0.00,0.00,0,0,0.00,0.00,0,0
1471912011,s3-eth2,1213206.88,27032.97,1240239.75,27060,1214420,409.59,409.59,819.18,410,410,0.00,0.00,0,0
1471912011,s3-eth1,27032.97,1210247.75,1237280.75,1211458,27060,409.59,408.59,818.18,409,410,0.00,0.00,0,0
1471912011,total,3721478.00,3721478.00,7442956.00,3721478,3721478,2459.00,2459.00,4918.00,2459,2459,0.00,0.00,0,0
1471912012,s5,0.00,0.00,0.00,0,0,0.00,0.00,0.00,0,0,0.00,0.00,0,0
1471912012,s1,0.00,0.00,0.00,0,0,0.00,0.00,0.00,0,0,0.00,0.00,0,0
1471912012,eth0,0.00,0.00,0.00,0,0,0.00,0.00,0.00,0,0,0.00,0.00,0,0
1471912012,s2,0.00,0.00,0.00,0,0,0.00,0.00,0.00,0,0,0.00,0.00,0,0
1471912012,s1-eth2,25938.00,1164066.00,1190004.00,1164066,25938,393.00,393.00,786.00,393,393,0.00,0.00,0,0
1471912012,s1-eth1,1167028.00,26004.00,1193032.00,26004,1167028,394.00,394.00,788.00,394,394,0.00,0.00,0,0
1471912012,s3,0.00,0.00,0.00,0,0,0.00,0.00,0.00,0,0,0.00,0.00,0,0
1471912012,s2-eth2,1167028.00,25938.00,1192966.00,25938,1167028,394.00,393.00,787.00,393,394,0.00,0.00,0,0
1471912012,s2-eth1,26004.00,1167028.00,1193032.00,1167028,26004,394.00,394.00,788.00,394,394,0.00,0.00,0,0
1471912012,lo,344.00,344.00,688.00,344,344,6.00,6.00,12.00,6,6,0.00,0.00,0,0
1471912012,s4,0.00,0.00,0.00,0,0,0.00,0.00,0.00,0,0,0.00,0.00,0,0
1471912012,s3-eth2,1167028.00,26004.00,1193032.00,26004,1167028,394.00,394.00,788.00,394,394,0.00,0.00,0,0
1471912012,s3-eth1,25938.00,1167028.00,1192966.00,1167028,25938,393.00,394.00,787.00,394,393,0.00,0.00,0,0
1471912012,total,3579308.00,3576412.00,7155720.00,3576412,3579308,2368.00,2368.00,4736.00,2368,2368,0.00,0.00,0,0
1471912013,s5,0.00,0.00,0.00,0,0,0.00,0.00,0.00,0,0,0.00,0.00,0,0
1471912013,s1,0.00,0.00,0.00,0,0,0.00,0.00,0.00,0,0,0.00,0.00,0,0
1471912013,eth0,0.00,0.00,0.00,0,0,0.00,0.00,0.00,0,0,0.00,0.00,0,0
1471912013,s2,0.00,0.00,0.00,0,0,0.00,0.00,0.00,0,0,0.00,0.00,0,0
1471912013,s1-eth2,25273.81,1141706.38,1166980.12,1150840,25476,382.94,408.73,791.67,412,386,0.00,0.00,0,0
1471912013,s1-eth1,1138571.38,25208.33,1163779.75,25410,1147680,404.76,381.94,786.71,385,408,0.00,0.00,0,0
1471912013,s3,0.00,0.00,0.00,0,0,0.00,0.00,0.00,0,0,0.00,0.00,0,0
1471912013,s2-eth2,1141378.88,25273.81,1166652.75,25476,1150510,403.77,382.94,786.71,386,407,0.00,0.00,0,0
1471912013,s2-eth1,25208.33,1138571.38,1163779.75,1147680,25410,381.94,404.76,786.71,408,385,0.00,0.00,0,0
1471912013,lo,0.00,0.00,0.00,0,0,0.00,0.00,0.00,0,0,0.00,0.00,0,0
1471912013,s4,0.00,0.00,0.00,0,0,0.00,0.00,0.00,0,0,0.00,0.00,0,0
1471912013,s3-eth2,1138178.50,25273.81,1163452.38,25476,1147284,398.81,382.94,781.75,386,402,0.00,0.00,0,0
1471912013,s3-eth1,25273.81,1141378.88,1166652.75,1150510,25476,382.94,403.77,786.71,407,386,0.00,0.00,0,0
1471912013,total,3493884.75,3497412.50,6991297.50,3525392,3521836,2355.16,2365.08,4720.24,2384,2374,0.00,0.00,0,0
1471912014,s5,0.00,0.00,0.00,0,0,0.00,0.00,0.00,0,0,0.00,0.00,0,0
1471912014,s1,0.00,0.00,0.00,0,0,0.00,0.00,0.00,0,0,0.00,0.00,0,0
1471912014,eth0,0.00,0.00,0.00,0,0,0.00,0.00,0.00,0,0,0.00,0.00,0,0
1471912014,s2,0.00,0.00,0.00,0,0,0.00,0.00,0.00,0,0,0.00,0.00,0,0
1471912014,s1-eth2,25410.00,1140378.00,1165788.00,1140378,25410,385.00,429.00,814.00,429,385,0.00,0.00,0,0
1471912014,s1-eth1,1140576.00,25476.00,1166052.00,25476,1140576,432.00,386.00,818.00,386,432,0.00,0.00,0,0
1471912014,s3,0.00,0.00,0.00,0,0,0.00,0.00,0.00,0,0,0.00,0.00,0,0
1471912014,s2-eth2,1137746.00,25410.00,1163156.00,25410,1137746,433.00,385.00,818.00,385,433,0.00,0.00,0,0
1471912014,s2-eth1,25476.00,1140576.00,1166052.00,1140576,25476,386.00,432.00,818.00,432,386,0.00,0.00,0,0
1471912014,lo,516.00,516.00,1032.00,516,516,9.00,9.00,18.00,9,9,0.00,0.00,0,0
1471912014,s4,0.00,0.00,0.00,0,0,0.00,0.00,0.00,0,0,0.00,0.00,0,0
1471912014,s3-eth2,1140972.00,25410.00,1166382.00,25410,1140972,438.00,385.00,823.00,385,438,0.00,0.00,0,0
1471912014,s3-eth1,25410.00,1137746.00,1163156.00,1137746,25410,385.00,433.00,818.00,433,385,0.00,0.00,0,0
1471912014,total,3496106.00,3495512.00,6991618.00,3495512,3496106,2468.00,2459.00,4927.00,2459,2468,0.00,0.00,0,0
1471912015,s5,0.00,0.00,0.00,0,0,0.00,0.00,0.00,0,0,0.00,0.00,0,0
1471912015,s1,0.00,1170.00,1170.00,1170,0,0.00,7.00,7.00,7,0,0.00,0.00,0,0
1471912015,eth0,698.00,946.00,1644.00,946,698,9.00,9.00,18.00,9,9,0.00,0.00,0,0
1471912015,s2,0.00,1280.00,1280.00,1280,0,0.00,8.00,8.00,8,0,0.00,0.00,0,0
1471912015,s1-eth2,26758.00,1113712.00,1140470.00,1113712,26758,389.00,376.00,765.00,376,389,0.00,0.00,0,0
1471912015,s1-eth1,1114352.00,26052.00,1140404.00,26052,1114352,380.00,384.00,764.00,384,380,0.00,0.00,0,0
1471912015,s3,0.00,1260.00,1260.00,1260,0,0.00,8.00,8.00,8,0,0.00,0.00,0,0
1471912015,s2-eth2,1120896.00,25588.00,1146484.00,25588,1120896,386.00,382.00,768.00,382,386,0.00,0.00,0,0
1471912015,s2-eth1,26052.00,1114352.00,1140404.00,1114352,26052,384.00,380.00,764.00,380,384,0.00,0.00,0,0
1471912015,lo,7899.00,7899.00,15798.00,7899,7899,79.00,79.00,158.00,79,79,0.00,0.00,0,0
1471912015,s4,0.00,0.00,0.00,0,0,0.00,0.00,0.00,0,0,0.00,0.00,0,0
1471912015,s3-eth2,1121516.00,24882.00,1146398.00,24882,1121516,390.00,377.00,767.00,377,390,0.00,0.00,0,0
1471912015,s3-eth1,25588.00,1120896.00,1146484.00,1120896,25588,382.00,386.00,768.00,386,382,0.00,0.00,0,0
1471912015,total,3443759.00,3438037.00,6881796.00,3438037,3443759,2399.00,2396.00,4795.00,2396,2399,0.00,0.00,0,0
1471912016,s5,0.00,0.00,0.00,0,0,0.00,0.00,0.00,0,0,0.00,0.00,0,0
1471912016,s1,0.00,2888.00,2888.00,2888,0,0.00,18.00,18.00,18,0,0.00,0.00,0,0
1471912016,eth0,1311.00,1828.00,3139.00,1828,1311,17.00,17.00,34.00,17,17,0.00,0.00,0,0
1471912016,s2,0.00,2136.00,2136.00,2136,0,0.00,14.00,14.00,14,0,0.00,0.00,0,0
1471912016,s1-eth2,31206.00,1214420.00,1245626.00,1214420,31206,435.00,410.00,845.00,410,435,0.00,0.00,0,0
1471912016,s1-eth1,1211815.00,29882.00,1241697.00,29882,1211815,413.00,427.00,840.00,427,413,0.00,0.00,0,0
1471912016,s3,0.00,1229.00,1229.00,1229,0,0.00,10.00,10.00,10,0,0.00,0.00,0,0
1471912016,s2-eth2,1212687.00,28773.00,1241460.00,28773,1212687,419.00,419.00,838.00,419,419,0.00,0.00,0,0
1471912016,s2-eth1,29882.00,1211815.00,1241697.00,1211815,29882,427.00,413.00,840.00,413,427,0.00,0.00,0,0
1471912016,lo,14123.00,14123.00,28246.00,14123,14123,140.00,140.00,280.00,140,140,0.00,0.00,0,0
1471912016,s4,0.00,0.00,0.00,0,0,0.00,0.00,0.00,0,0,0.00,0.00,0,0
1471912016,s3-eth2,1213044.00,27060.00,1240104.00,27060,1213044,423.00,410.00,833.00,410,423,0.00,0.00,0,0
1471912016,s3-eth1,28773.00,1212687.00,1241460.00,1212687,28773,419.00,419.00,838.00,419,419,0.00,0.00,0,0
1471912016,total,3742841.00,3746841.00,7489682.00,3746841,3742841,2693.00,2697.00,5390.00,2697,2693,0.00,0.00,0,0
1471912017,s5,0.00,0.00,0.00,0,0,0.00,0.00,0.00,0,0,0.00,0.00,0,0
1471912017,s1,0.00,2706.00,2706.00,2706,0,0.00,11.00,11.00,11,0,0.00,0.00,0,0
1471912017,eth0,212.00,334.00,546.00,334,212,3.00,3.00,6.00,3,3,0.00,0.00,0,0
1471912017,s2,0.00,2819.00,2819.00,2819,0,0.00,12.00,12.00,12,0,0.00,0.00,0,0
1471912017,s1-eth2,31052.00,1217382.00,1248434.00,1217382,31052,425.00,411.00,836.00,411,425,0.00,0.00,0,0
1471912017,s1-eth1,1216276.00,29700.00,1245976.00,29700,1216276,418.00,420.00,838.00,420,418,0.00,0.00,0,0
1471912017,s3,0.00,3432.00,3432.00,3432,0,0.00,14.00,14.00,14,0,0.00,0.00,0,0
1471912017,s2-eth2,1214890.00,27891.00,1242781.00,27891,1214890,423.00,412.00,835.00,412,423,0.00,0.00,0,0
1471912017,s2-eth1,29700.00,1216276.00,1245976.00,1216276,29700,420.00,418.00,838.00,418,420,0.00,0.00,0,0
1471912017,lo,12297.00,12297.00,24594.00,12297,12297,118.00,118.00,236.00,118,118,0.00,0.00,0,0
1471912017,s4,0.00,0.00,0.00,0,0,0.00,0.00,0.00,0,0,0.00,0.00,0,0
1471912017,s3-eth2,1214126.00,26862.00,1240988.00,26862,1214126,431.00,407.00,838.00,407,431,0.00,0.00,0,0
1471912017,s3-eth1,27891.00,1214890.00,1242781.00,1214890,27891,412.00,423.00,835.00,423,412,0.00,0.00,0,0
1471912017,total,3746444.00,3754589.00,7501033.00,3754589,3746444,2650.00,2649.00,5299.00,2649,2650,0.00,0.00,0,0
1471912018,s5,0.00,0.00,0.00,0,0,0.00,0.00,0.00,0,0,0.00,0.00,0,0
1471912018,s1,0.00,654.00,654.00,654,0,0.00,2.00,2.00,2,0,0.00,0.00,0,0
1471912018,eth0,0.00,0.00,0.00,0,0,0.00,0.00,0.00,0,0,0.00,0.00,0,0
1471912018,s2,0.00,1183.00,1183.00,1183,0,0.00,4.00,4.00,4,0,0.00,0.00,0,0
1471912018,s1-eth2,28139.00,1214420.00,1242559.00,1214420,28139,414.00,410.00,824.00,410,414,0.00,0.00,0,0
1471912018,s1-eth1,1215276.00,27648.00,1242924.00,27648,1215276,413.00,411.00,824.00,411,413,0.00,0.00,0,0
1471912018,s3,0.00,1477.00,1477.00,1477,0,0.00,6.00,6.00,6,0,0.00,0.00,0,0
1471912018,s2-eth2,1218859.00,27387.00,1246246.00,27387,1218859,417.00,411.00,828.00,411,417,0.00,0.00,0,0
1471912018,s2-eth1,27648.00,1215276.00,1242924.00,1215276,27648,411.00,413.00,824.00,413,411,0.00,0.00,0,0
1471912018,lo,3891.00,3891.00,7782.00,3891,3891,36.00,36.00,72.00,36,36,0.00,0.00,0,0
1471912018,s4,0.00,0.00,0.00,0,0,0.00,0.00,0.00,0,0,0.00,0.00,0,0
1471912018,s3-eth2,1216411.00,27060.00,1243471.00,27060,1216411,418.00,410.00,828.00,410,418,0.00,0.00,0,0
1471912018,s3-eth1,27387.00,1218859.00,1246246.00,1218859,27387,411.00,417.00,828.00,417,411,0.00,0.00,0,0
1471912018,total,3737611.00,3737855.00,7475466.00,3737855,3737611,2520.00,2520.00,5040.00,2520,2520,0.00,0.00,0,0
1471912019,s5,0.00,0.00,0.00,0,0,0.00,0.00,0.00,0,0,0.00,0.00,0,0
1471912019,s1,0.00,481.00,481.00,481,0,0.00,3.00,3.00,3,0,0.00,0.00,0,0
1471912019,eth0,0.00,0.00,0.00,0,0,0.00,0.00,0.00,0,0,0.00,0.00,0,0
1471912019,s2,0.00,481.00,481.00,481,0,0.00,3.00,3.00,3,0,0.00,0.00,0,0
1471912019,s1-eth2,27849.00,1211458.00,1239307.00,1211458,27849,414.00,409.00,823.00,409,414,0.00,0.00,0,0
1471912019,s1-eth1,1211565.00,27475.00,1239040.00,27475,1211565,410.00,412.00,822.00,412,410,0.00,0.00,0,0
1471912019,s3,0.00,107.00,107.00,107,0,0.00,1.00,1.00,1,0,0.00,0.00,0,0
1471912019,s2-eth2,1211565.00,27368.00,1238933.00,27368,1211565,410.00,411.00,821.00,411,410,0.00,0.00,0,0
1471912019,s2-eth1,27475.00,1211565.00,1239040.00,1211565,27475,412.00,410.00,822.00,410,412,0.00,0.00,0,0
1471912019,lo,2177.00,2177.00,4354.00,2177,2177,21.00,21.00,42.00,21,21,0.00,0.00,0,0
1471912019,s4,0.00,0.00,0.00,0,0,0.00,0.00,0.00,0,0,0.00,0.00,0,0
1471912019,s3-eth2,1211672.00,26994.00,1238666.00,26994,1211672,411.00,409.00,820.00,409,411,0.00,0.00,0,0
1471912019,s3-eth1,27368.00,1211565.00,1238933.00,1211565,27368,411.00,410.00,821.00,410,411,0.00,0.00,0,0
1471912019,total,3719671.00,3719671.00,7439342.00,3719671,3719671,2489.00,2489.00,4978.00,2489,2489,0.00,0.00,0,0
1471912020,s5,0.00,0.00,0.00,0,0,0.00,0.00,0.00,0,0,0.00,0.00,0,0
1471912020,s1,0.00,1061.00,1061.00,1061,0,0.00,5.00,5.00,5,0,0.00,0.00,0,0
1471912020,eth0,0.00,0.00,0.00,0,0,0.00,0.00,0.00,0,0,0.00,0.00,0,0
1471912020,s2,0.00,1061.00,1061.00,1061,0,0.00,5.00,5.00,5,0,0.00,0.00,0,0
1471912020,s1-eth2,28518.00,1217382.00,1245900.00,1217382,28518,417.00,411.00,828.00,411,417,0.00,0.00,0,0
1471912020,s1-eth1,1218046.00,28187.00,1246233.00,28187,1218046,414.00,416.00,830.00,416,414,0.00,0.00,0,0
1471912020,s3,0.00,1435.00,1435.00,1435,0,0.00,7.00,7.00,7,0,0.00,0.00,0,0
1471912020,s2-eth2,1218817.00,27457.00,1246274.00,27457,1218817,418.00,412.00,830.00,412,418,0.00,0.00,0,0
1471912020,s2-eth1,28187.00,1218046.00,1246233.00,1218046,28187,416.00,414.00,830.00,414,416,0.00,0.00,0,0
1471912020,lo,5173.00,5173.00,10346.00,5173,5173,51.00,51.00,102.00,51,51,0.00,0.00,0,0
1471912020,s4,0.00,0.00,0.00,0,0,0.00,0.00,0.00,0,0,0.00,0.00,0,0
1471912020,s3-eth2,1216192.00,27126.00,1243318.00,27126,1216192,419.00,411.00,830.00,411,419,0.00,0.00,0,0
1471912020,s3-eth1,27457.00,1218817.00,1246274.00,1218817,27457,412.00,418.00,830.00,418,412,0.00,0.00,0,0
1471912020,total,3742390.00,3745745.00,7488135.00,3745745,3742390,2547.00,2550.00,5097.00,2550,2547,0.00,0.00,0,0
1471912021,s5,0.00,0.00,0.00,0,0,0.00,0.00,0.00,0,0,0.00,0.00,0,0
1471912021,s1,0.00,342.00,342.00,342,0,0.00,1.00,1.00,1,0,0.00,0.00,0,0
1471912021,eth0,60.00,60.00,120.00,60,60,1.00,1.00,2.00,1,1,0.00,0.00,0,0
1471912021,s2,0.00,0.00,0.00,0,0,0.00,0.00,0.00,0,0,0.00,0.00,0,0
1471912021,s1-eth2,27744.00,1217382.00,1245126.00,1217382,27744,412.00,411.00,823.00,411,412,0.00,0.00,0,0
1471912021,s1-eth1,1217382.00,27402.00,1244784.00,27402,1217382,411.00,411.00,822.00,411,411,0.00,0.00,0,0
1471912021,s3,0.00,0.00,0.00,0,0,0.00,0.00,0.00,0,0,0.00,0.00,0,0
1471912021,s2-eth2,1217382.00,27126.00,1244508.00,27126,1217382,411.00,411.00,822.00,411,411,0.00,0.00,0,0
1471912021,s2-eth1,27402.00,1217382.00,1244784.00,1217382,27402,411.00,411.00,822.00,411,411,0.00,0.00,0,0
1471912021,lo,326.00,326.00,652.00,326,326,3.00,3.00,6.00,3,3,0.00,0.00,0,0
1471912021,s4,0.00,0.00,0.00,0,0,0.00,0.00,0.00,0,0,0.00,0.00,0,0
1471912021,s3-eth2,1217709.00,27060.00,1244769.00,27060,1217709,412.00,410.00,822.00,410,412,0.00,0.00,0,0
1471912021,s3-eth1,27126.00,1217382.00,1244508.00,1217382,27126,411.00,411.00,822.00,411,411,0.00,0.00,0,0
1471912021,total,3735131.00,3734462.00,7469593.00,3734462,3735131,2472.00,2470.00,4942.00,2470,2472,0.00,0.00,0,0
1471912022,s5,0.00,0.00,0.00,0,0,0.00,0.00,0.00,0,0,0.00,0.00,0,0
1471912022,s1,0.00,0.00,0.00,0,0,0.00,0.00,0.00,0,0,0.00,0.00,0,0
1471912022,eth0,0.00,0.00,0.00,0,0,0.00,0.00,0.00,0,0,0.00,0.00,0,0
1471912022,s2,0.00,0.00,0.00,0,0,0.00,0.00,0.00,0,0,0.00,0.00,0,0
1471912022,s1-eth2,27258.00,1220344.00,1247602.00,1220344,27258,413.00,412.00,825.00,412,413,0.00,0.00,0,0
1471912022,s1-eth1,1220344.00,27192.00,1247536.00,27192,1220344,412.00,412.00,824.00,412,412,0.00,0.00,0,0
1471912022,s3,0.00,342.00,342.00,342,0,0.00,1.00,1.00,1,0,0.00,0.00,0,0
1471912022,s2-eth2,1220686.00,27192.00,1247878.00,27192,1220686,413.00,412.00,825.00,412,413,0.00,0.00,0,0
1471912022,s2-eth1,27192.00,1220344.00,1247536.00,1220344,27192,412.00,412.00,824.00,412,412,0.00,0.00,0,0
1471912022,lo,670.00,670.00,1340.00,670,670,9.00,9.00,18.00,9,9,0.00,0.00,0,0
1471912022,s4,0.00,0.00,0.00,0,0,0.00,0.00,0.00,0,0,0.00,0.00,0,0
1471912022,s3-eth2,1220686.00,27192.00,1247878.00,27192,1220686,413.00,412.00,825.00,412,413,0.00,0.00,0,0
1471912022,s3-eth1,27192.00,1220686.00,1247878.00,1220686,27192,412.00,413.00,825.00,413,412,0.00,0.00,0,0
1471912022,total,3744028.00,3743962.00,7487990.00,3743962,3744028,2484.00,2483.00,4967.00,2483,2484,0.00,0.00,0,0
1471912023,s5,0.00,0.00,0.00,0,0,0.00,0.00,0.00,0,0,0.00,0.00,0,0
1471912023,s1,0.00,555.44,555.44,556,0,0.00,3.00,3.00,3,0,0.00,0.00,0,0
1471912023,eth0,0.00,0.00,0.00,0,0,0.00,0.00,0.00,0,0,0.00,0.00,0,0
1471912023,s2,0.00,897.10,897.10,898,0,0.00,4.00,4.00,4,0,0.00,0.00,0,0
1471912023,s1-eth2,27563.44,1210247.75,1237811.25,1211458,27591,411.59,408.59,820.18,409,412,0.00,0.00,0,0
1471912023,s1-eth1,1210696.38,27456.54,1238152.88,27484,1211907,410.59,410.59,821.18,411,411,0.00,0.00,0,0
1471912023,s3,0.00,448.55,448.55,449,0,0.00,2.00,2.00,2,0,0.00,0.00,0,0
1471912023,s2-eth2,1210696.38,27349.65,1238046.00,27377,1211907,410.59,409.59,820.18,410,411,0.00,0.00,0,0
1471912023,s2-eth1,27456.54,1210696.38,1238152.88,1211907,27484,410.59,410.59,821.18,411,411,0.00,0.00,0,0
1471912023,lo,2826.17,2826.17,5652.35,2829,2829,26.97,26.97,53.95,27,27,0.00,0.00,0,0
1471912023,s4,0.00,0.00,0.00,0,0,0.00,0.00,0.00,0,0,0.00,0.00,0,0
1471912023,s3-eth2,1210803.25,26967.03,1237770.25,26994,1212014,411.59,408.59,820.18,409,412,0.00,0.00,0,0
1471912023,s3-eth1,27349.65,1210696.38,1238046.00,1211907,27377,409.59,410.59,820.18,411,410,0.00,0.00,0,0
1471912023,total,3717391.75,3718141.00,7435532.50,3721859,3721109,2491.51,2494.51,4986.01,2497,2494,0.00,0.00,0,0
1471912024,s5,0.00,0.00,0.00,0,0,0.00,0.00,0.00,0,0,0.00,0.00,0,0
1471912024,s1,0.00,140.00,140.00,140,0,0.00,2.00,2.00,2,0,0.00,0.00,0,0
1471912024,eth0,0.00,0.00,0.00,0,0,0.00,0.00,0.00,0,0,0.00,0.00,0,0
1471912024,s2,0.00,140.00,140.00,140,0,0.00,2.00,2.00,2,0,0.00,0.00,0,0
1471912024,s1-eth2,27270.00,1213116.00,1240386.00,1213116,27270,413.00,478.00,891.00,478,413,0.00,0.00,0,0
1471912024,s1-eth1,1213186.00,27200.00,1240386.00,27200,1213186,479.00,412.00,891.00,412,479,0.00,0.00,0,0
1471912024,s3,0.00,247.00,247.00,247,0,0.00,3.00,3.00,3,0,0.00,0.00,0,0
1471912024,s2-eth2,1213363.00,27064.00,1240427.00,27064,1213363,481.00,410.00,891.00,410,481,0.00,0.00,0,0
1471912024,s2-eth1,27200.00,1213186.00,1240386.00,1213186,27200,412.00,479.00,891.00,479,412,0.00,0.00,0,0
1471912024,lo,1913.00,1913.00,3826.00,1913,1913,21.00,21.00,42.00,21,21,0.00,0.00,0,0
1471912024,s4,0.00,0.00,0.00,0,0,0.00,0.00,0.00,0,0,0.00,0.00,0,0
1471912024,s3-eth2,1213775.00,26994.00,1240769.00,26994,1213775,483.00,409.00,892.00,409,483,0.00,0.00,0,0
1471912024,s3-eth1,27064.00,1213363.00,1240427.00,1213363,27064,410.00,481.00,891.00,481,410,0.00,0.00,0,0
1471912024,total,3723771.00,3723363.00,7447134.00,3723363,3723771,2699.00,2697.00,5396.00,2697,2699,0.00,0.00,0,0
1471912025,s5,0.00,0.00,0.00,0,0,0.00,0.00,0.00,0,0,0.00,0.00,0,0
1471912025,s1,0.00,342.00,342.00,342,0,0.00,1.00,1.00,1,0,0.00,0.00,0,0
1471912025,eth0,0.00,0.00,0.00,0,0,0.00,0.00,0.00,0,0,0.00,0.00,0,0
1471912025,s2,0.00,0.00,0.00,0,0,0.00,0.00,0.00,0,0,0.00,0.00,0,0
1471912025,s1-eth2,27546.00,1205534.00,1233080.00,1205534,27546,409.00,407.00,816.00,407,409,0.00,0.00,0,0
1471912025,s1-eth1,1205534.00,27204.00,1232738.00,27204,1205534,407.00,408.00,815.00,408,407,0.00,0.00,0,0
1471912025,s3,0.00,0.00,0.00,0,0,0.00,0.00,0.00,0,0,0.00,0.00,0,0
1471912025,s2-eth2,1205534.00,26862.00,1232396.00,26862,1205534,407.00,407.00,814.00,407,407,0.00,0.00,0,0
1471912025,s2-eth1,27204.00,1205534.00,1232738.00,1205534,27204,408.00,407.00,815.00,407,408,0.00,0.00,0,0
1471912025,lo,326.00,326.00,652.00,326,326,3.00,3.00,6.00,3,3,0.00,0.00,0,0
1471912025,s4,0.00,0.00,0.00,0,0,0.00,0.00,0.00,0,0,0.00,0.00,0,0
1471912025,s3-eth2,1205534.00,26862.00,1232396.00,26862,1205534,407.00,407.00,814.00,407,407,0.00,0.00,0,0
1471912025,s3-eth1,26862.00,1205534.00,1232396.00,1205534,26862,407.00,407.00,814.00,407,407,0.00,0.00,0,0
1471912025,total,3698540.00,3698198.00,7396738.00,3698198,3698540,2448.00,2447.00,4895.00,2447,2448,0.00,0.00,0,0
1471912026,s5,0.00,0.00,0.00,0,0,0.00,0.00,0.00,0,0,0.00,0.00,0,0
1471912026,s1,0.00,0.00,0.00,0,0,0.00,0.00,0.00,0,0,0.00,0.00,0,0
1471912026,eth0,0.00,0.00,0.00,0,0,0.00,0.00,0.00,0,0,0.00,0.00,0,0
1471912026,s2,0.00,0.00,0.00,0,0,0.00,0.00,0.00,0,0,0.00,0.00,0,0
1471912026,s1-eth2,27126.00,1220344.00,1247470.00,1220344,27126,411.00,412.00,823.00,412,411,0.00,0.00,0,0
1471912026,s1-eth1,1220344.00,27192.00,1247536.00,27192,1220344,412.00,412.00,824.00,412,412,0.00,0.00,0,0
1471912026,s3,0.00,0.00,0.00,0,0,0.00,0.00,0.00,0,0,0.00,0.00,0,0
1471912026,s2-eth2,1220344.00,27192.00,1247536.00,27192,1220344,412.00,412.00,824.00,412,412,0.00,0.00,0,0
1471912026,s2-eth1,27192.00,1220344.00,1247536.00,1220344,27192,412.00,412.00,824.00,412,412,0.00,0.00,0,0
1471912026,lo,0.00,0.00,0.00,0,0,0.00,0.00,0.00,0,0,0.00,0.00,0,0
1471912026,s4,0.00,0.00,0.00,0,0,0.00,0.00,0.00,0,0,0.00,0.00,0,0
1471912026,s3-eth2,1220344.00,27192.00,1247536.00,27192,1220344,412.00,412.00,824.00,412,412,0.00,0.00,0,0
1471912026,s3-eth1,27192.00,1220344.00,1247536.00,1220344,27192,412.00,412.00,824.00,412,412,0.00,0.00,0,0
1471912026,total,3742542.00,3742608.00,7485150.00,3742608,3742542,2471.00,2472.00,4943.00,2472,2471,0.00,0.00,0,0
1471912027,s5,0.00,0.00,0.00,0,0,0.00,0.00,0.00,0,0,0.00,0.00,0,0
1471912027,s1,0.00,0.00,0.00,0,0,0.00,0.00,0.00,0,0,0.00,0.00,0,0
1471912027,eth0,0.00,0.00,0.00,0,0,0.00,0.00,0.00,0,0,0.00,0.00,0,0
1471912027,s2,0.00,0.00,0.00,0,0,0.00,0.00,0.00,0,0,0.00,0.00,0,0
1471912027,s1-eth2,26796.00,1202572.00,1229368.00,1202572,26796,406.00,406.00,812.00,406,406,0.00,0.00,0,0
1471912027,s1-eth1,1202572.00,26730.00,1229302.00,26730,1202572,406.00,405.00,811.00,405,406,0.00,0.00,0,0
1471912027,s3,0.00,0.00,0.00,0,0,0.00,0.00,0.00,0,0,0.00,0.00,0,0
1471912027,s2-eth2,1202572.00,26796.00,1229368.00,26796,1202572,406.00,406.00,812.00,406,406,0.00,0.00,0,0
1471912027,s2-eth1,26730.00,1202572.00,1229302.00,1202572,26730,405.00,406.00,811.00,406,405,0.00,0.00,0,0
1471912027,lo,344.00,344.00,688.00,344,344,6.00,6.00,12.00,6,6,0.00,0.00,0,0
1471912027,s4,0.00,0.00,0.00,0,0,0.00,0.00,0.00,0,0,0.00,0.00,0,0
1471912027,s3-eth2,1202572.00,26730.00,1229302.00,26730,1202572,406.00,405.00,811.00,405,406,0.00,0.00,0,0
1471912027,s3-eth1,26796.00,1202572.00,1229368.00,1202572,26796,406.00,406.00,812.00,406,406,0.00,0.00,0,0
1471912027,total,3688382.00,3688316.00,7376698.00,3688316,3688382,2441.00,2440.00,4881.00,2440,2441,0.00,0.00,0,0
1471912028,s5,0.00,0.00,0.00,0,0,0.00,0.00,0.00,0,0,0.00,0.00,0,0
1471912028,s1,0.00,0.00,0.00,0,0,0.00,0.00,0.00,0,0,0.00,0.00,0,0
1471912028,eth0,0.00,0.00,0.00,0,0,0.00,0.00,0.00,0,0,0.00,0.00,0,0
1471912028,s2,0.00,0.00,0.00,0,0,0.00,0.00,0.00,0,0,0.00,0.00,0,0
1471912028,s1-eth2,26796.00,1202572.00,1229368.00,1202572,26796,406.00,406.00,812.00,406,406,0.00,0.00,0,0
1471912028,s1-eth1,1202572.00,26796.00,1229368.00,26796,1202572,406.00,406.00,812.00,406,406,0.00,0.00,0,0
1471912028,s3,0.00,0.00,0.00,0,0,0.00,0.00,0.00,0,0,0.00,0.00,0,0
1471912028,s2-eth2,1202572.00,26796.00,1229368.00,26796,1202572,406.00,406.00,812.00,406,406,0.00,0.00,0,0
1471912028,s2-eth1,26796.00,1202572.00,1229368.00,1202572,26796,406.00,406.00,812.00,406,406,0.00,0.00,0,0
1471912028,lo,0.00,0.00,0.00,0,0,0.00,0.00,0.00,0,0,0.00,0.00,0,0
1471912028,s4,0.00,0.00,0.00,0,0,0.00,0.00,0.00,0,0,0.00,0.00,0,0
1471912028,s3-eth2,1202572.00,26796.00,1229368.00,26796,1202572,406.00,406.00,812.00,406,406,0.00,0.00,0,0
1471912028,s3-eth1,26796.00,1202572.00,1229368.00,1202572,26796,406.00,406.00,812.00,406,406,0.00,0.00,0,0
1471912028,total,3688104.00,3688104.00,7376208.00,3688104,3688104,2436.00,2436.00,4872.00,2436,2436,0.00,0.00,0,0
1471912029,s5,0.00,0.00,0.00,0,0,0.00,0.00,0.00,0,0,0.00,0.00,0,0
1471912029,s1,0.00,0.00,0.00,0,0,0.00,0.00,0.00,0,0,0.00,0.00,0,0
1471912029,eth0,0.00,0.00,0.00,0,0,0.00,0.00,0.00,0,0,0.00,0.00,0,0
1471912029,s2,0.00,0.00,0.00,0,0,0.00,0.00,0.00,0,0,0.00,0.00,0,0
1471912029,s1-eth2,9702.00,355212.00,364914.00,355212,9702,147.00,122.00,269.00,122,147,0.00,0.00,0,0
1471912029,s1-eth1,381870.00,9702.00,391572.00,9702,381870,131.00,147.00,278.00,147,131,0.00,0.00,0,0
1471912029,s3,0.00,0.00,0.00,0,0,0.00,0.00,0.00,0,0,0.00,0.00,0,0
1471912029,s2-eth2,393718.00,9636.00,403354.00,9636,393718,135.00,146.00,281.00,146,135,0.00,0.00,0,0
1471912029,s2-eth1,9702.00,381870.00,391572.00,381870,9702,147.00,131.00,278.00,131,147,0.00,0.00,0,0
1471912029,lo,344.00,344.00,688.00,344,344,6.00,6.00,12.00,6,6,0.00,0.00,0,0
1471912029,s4,0.00,0.00,0.00,0,0,0.00,0.00,0.00,0,0,0.00,0.00,0,0
1471912029,s3-eth2,426300.00,9636.00,435936.00,9636,426300,146.00,146.00,292.00,146,146,0.00,0.00,0,0
1471912029,s3-eth1,9636.00,393718.00,403354.00,393718,9636,146.00,135.00,281.00,135,146,0.00,0.00,0,0
1471912029,total,1231272.00,1160118.00,2391390.00,1160118,1231272,858.00,833.00,1691.00,833,858,0.00,0.00,0,0
1471912030,s5,0.00,0.00,0.00,0,0,0.00,0.00,0.00,0,0,0.00,0.00,0,0
1471912030,s1,0.00,0.00,0.00,0,0,0.00,0.00,0.00,0,0,0.00,0.00,0,0
1471912030,eth0,0.00,0.00,0.00,0,0,0.00,0.00,0.00,0,0,0.00,0.00,0,0
1471912030,s2,0.00,0.00,0.00,0,0,0.00,0.00,0.00,0,0,0.00,0.00,0,0
1471912030,s1-eth2,0.00,0.00,0.00,0,0,0.00,0.00,0.00,0,0,0.00,0.00,0,0
1471912030,s1-eth1,0.00,0.00,0.00,0,0,0.00,0.00,0.00,0,0,0.00,0.00,0,0
1471912030,s3,0.00,0.00,0.00,0,0,0.00,0.00,0.00,0,0,0.00,0.00,0,0
1471912030,s2-eth2,0.00,0.00,0.00,0,0,0.00,0.00,0.00,0,0,0.00,0.00,0,0
1471912030,s2-eth1,0.00,0.00,0.00,0,0,0.00,0.00,0.00,0,0,0.00,0.00,0,0
1471912030,lo,172.00,172.00,344.00,172,172,3.00,3.00,6.00,3,3,0.00,0.00,0,0
1471912030,s4,0.00,0.00,0.00,0,0,0.00,0.00,0.00,0,0,0.00,0.00,0,0
1471912030,s3-eth2,0.00,0.00,0.00,0,0,0.00,0.00,0.00,0,0,0.00,0.00,0,0
1471912030,s3-eth1,0.00,0.00,0.00,0,0,0.00,0.00,0.00,0,0,0.00,0.00,0,0
1471912030,total,172.00,172.00,344.00,172,172,3.00,3.00,6.00,3,3,0.00,0.00,0,0
1471912031,s5,0.00,0.00,0.00,0,0,0.00,0.00,0.00,0,0,0.00,0.00,0,0
1471912031,s1,0.00,556.00,556.00,556,0,0.00,3.00,3.00,3,0,0.00,0.00,0,0
1471912031,eth0,0.00,0.00,0.00,0,0,0.00,0.00,0.00,0,0,0.00,0.00,0,0
1471912031,s2,0.00,214.00,214.00,214,0,0.00,2.00,2.00,2,0,0.00,0.00,0,0
1471912031,s1-eth2,1005.00,0.00,1005.00,0,1005,5.00,0.00,5.00,0,5,0.00,0.00,0,0
1471912031,s1-eth1,107.00,556.00,663.00,556,107,1.00,3.00,4.00,3,1,0.00,0.00,0,0
1471912031,s3,0.00,214.00,214.00,214,0,0.00,2.00,2.00,2,0,0.00,0.00,0,0
1471912031,s2-eth2,214.00,107.00,321.00,107,214,2.00,1.00,3.00,1,2,0.00,0.00,0,0
1471912031,s2-eth1,556.00,107.00,663.00,107,556,3.00,1.00,4.00,1,3,0.00,0.00,0,0
1471912031,lo,2156.00,2156.00,4312.00,2156,2156,21.00,21.00,42.00,21,21,0.00,0.00,0,0
1471912031,s4,0.00,0.00,0.00,0,0,0.00,0.00,0.00,0,0,0.00,0.00,0,0
1471912031,s3-eth2,321.00,0.00,321.00,0,321,3.00,0.00,3.00,0,3,0.00,0.00,0,0
1471912031,s3-eth1,107.00,214.00,321.00,214,107,1.00,2.00,3.00,2,1,0.00,0.00,0,0
1471912031,total,4466.00,4124.00,8590.00,4124,4466,36.00,35.00,71.00,35,36,0.00,0.00,0,0
1471912032,s5,0.00,0.00,0.00,0,0,0.00,0.00,0.00,0,0,0.00,0.00,0,0
1471912032,s1,0.00,0.00,0.00,0,0,0.00,0.00,0.00,0,0,0.00,0.00,0,0
1471912032,eth0,0.00,0.00,0.00,0,0,0.00,0.00,0.00,0,0,0.00,0.00,0,0
1471912032,s2,0.00,0.00,0.00,0,0,0.00,0.00,0.00,0,0,0.00,0.00,0,0
1471912032,s1-eth2,0.00,0.00,0.00,0,0,0.00,0.00,0.00,0,0,0.00,0.00,0,0
1471912032,s1-eth1,0.00,0.00,0.00,0,0,0.00,0.00,0.00,0,0,0.00,0.00,0,0
1471912032,s3,0.00,0.00,0.00,0,0,0.00,0.00,0.00,0,0,0.00,0.00,0,0
1471912032,s2-eth2,0.00,0.00,0.00,0,0,0.00,0.00,0.00,0,0,0.00,0.00,0,0
1471912032,s2-eth1,0.00,0.00,0.00,0,0,0.00,0.00,0.00,0,0,0.00,0.00,0,0
1471912032,lo,344.00,344.00,688.00,344,344,6.00,6.00,12.00,6,6,0.00,0.00,0,0
1471912032,s4,0.00,0.00,0.00,0,0,0.00,0.00,0.00,0,0,0.00,0.00,0,0
1471912032,s3-eth2,0.00,0.00,0.00,0,0,0.00,0.00,0.00,0,0,0.00,0.00,0,0
1471912032,s3-eth1,0.00,0.00,0.00,0,0,0.00,0.00,0.00,0,0,0.00,0.00,0,0
1471912032,total,344.00,344.00,688.00,344,344,6.00,6.00,12.00,6,6,0.00,0.00,0,0
1471912033,s5,0.00,0.00,0.00,0,0,0.00,0.00,0.00,0,0,0.00,0.00,0,0
1471912033,s1,0.00,0.00,0.00,0,0,0.00,0.00,0.00,0,0,0.00,0.00,0,0
1471912033,eth0,0.00,0.00,0.00,0,0,0.00,0.00,0.00,0,0,0.00,0.00,0,0
1471912033,s2,0.00,0.00,0.00,0,0,0.00,0.00,0.00,0,0,0.00,0.00,0,0
1471912033,s1-eth2,0.00,0.00,0.00,0,0,0.00,0.00,0.00,0,0,0.00,0.00,0,0
1471912033,s1-eth1,0.00,0.00,0.00,0,0,0.00,0.00,0.00,0,0,0.00,0.00,0,0
1471912033,s3,0.00,342.00,342.00,342,0,0.00,1.00,1.00,1,0,0.00,0.00,0,0
1471912033,s2-eth2,342.00,0.00,342.00,0,342,1.00,0.00,1.00,0,1,0.00,0.00,0,0
1471912033,s2-eth1,0.00,0.00,0.00,0,0,0.00,0.00,0.00,0,0,0.00,0.00,0,0
1471912033,lo,326.00,326.00,652.00,326,326,3.00,3.00,6.00,3,3,0.00,0.00,0,0
1471912033,s4,0.00,0.00,0.00,0,0,0.00,0.00,0.00,0,0,0.00,0.00,0,0
1471912033,s3-eth2,342.00,0.00,342.00,0,342,1.00,0.00,1.00,0,1,0.00,0.00,0,0
1471912033,s3-eth1,0.00,342.00,342.00,342,0,0.00,1.00,1.00,1,0,0.00,0.00,0,0
1471912033,total,