1471822430,s5,0.00,0.00,0.00,0,0,0.00,0.00,0.00,0,0,0.00,0.00,0,0
1471822430,s1,0.00,0.00,0.00,0,0,0.00,0.00,0.00,0,0,0.00,0.00,0,0
1471822430,eth0,0.00,0.00,0.00,0,0,0.00,0.00,0.00,0,0,0.00,0.00,0,0
1471822430,s2,0.00,0.00,0.00,0,0,0.00,0.00,0.00,0,0,0.00,0.00,0,0
1471822430,s1-eth2,0.00,0.00,0.00,0,0,0.00,0.00,0.00,0,0,0.00,0.00,0,0
1471822430,s1-eth1,0.00,0.00,0.00,0,0,0.00,0.00,0.00,0,0,0.00,0.00,0,0
1471822430,s3,0.00,0.00,0.00,0,0,0.00,0.00,0.00,0,0,0.00,0.00,0,0
1471822430,s2-eth2,0.00,0.00,0.00,0,0,0.00,0.00,0.00,0,0,0.00,0.00,0,0
1471822430,s2-eth1,0.00,0.00,0.00,0,0,0.00,0.00,0.00,0,0,0.00,0.00,0,0
1471822430,lo,0.00,0.00,0.00,0,0,0.00,0.00,0.00,0,0,0.00,0.00,0,0
1471822430,s4,0.00,0.00,0.00,0,0,0.00,0.00,0.00,0,0,0.00,0.00,0,0
1471822430,s3-eth2,0.00,0.00,0.00,0,0,0.00,0.00,0.00,0,0,0.00,0.00,0,0
1471822430,s3-eth1,0.00,0.00,0.00,0,0,0.00,0.00,0.00,0,0,0.00,0.00,0,0
1471822430,total,0.00,0.00,0.00,0,0,0.00,0.00,0.00,0,0,0.00,0.00,0,0
1471822431,s5,0.00,0.00,0.00,0,0,0.00,0.00,0.00,0,0,0.00,0.00,0,0
1471822431,s1,250.00,4115.00,4365.00,4115,250,3.00,24.00,27.00,24,3,0.00,0.00,0,0
1471822431,eth0,1307.00,2075.00,3382.00,2075,1307,17.00,19.00,36.00,19,17,0.00,0.00,0,0
1471822431,s2,250.00,4192.00,4442.00,4192,250,3.00,22.00,25.00,22,3,0.00,0.00,0,0
1471822431,s1-eth2,33017.00,1208586.00,1241603.00,1208586,33017,441.00,409.00,850.00,409,441,0.00,0.00,0,0
1471822431,s1-eth1,1201806.00,30821.00,1232627.00,30821,1201806,417.00,429.00,846.00,429,417,0.00,0.00,0,0
1471822431,s3,90.00,4385.00,4475.00,4385,90,1.00,27.00,28.00,27,1,0.00,0.00,0,0
1471822431,s2-eth2,1206797.00,28792.00,1235589.00,28792,1206797,431.00,416.00,847.00,416,431,0.00,0.00,0,0
1471822431,s2-eth1,30821.00,1201806.00,1232627.00,1201806,30821,429.00,417.00,846.00,417,429,0.00,0.00,0,0
1471822431,lo,25029.00,25029.00,50058.00,25029,25029,241.00,241.00,482.00,241,241,0.00,0.00,0,0
1471822431,s4,0.00,0.00,0.00,0,0,0.00,0.00,0.00,0,0,0.00,0.00,0,0
1471822431,s3-eth2,1208321.00,26890.00,1235211.00,26890,1208321,441.00,407.00,848.00,407,441,0.00,0.00,0,0
1471822431,s3-eth1,28792.00,1206797.00,1235589.00,1206797,28792,416.00,431.00,847.00,431,416,0.00,0.00,0,0
1471822431,total,3736480.00,3743488.00,7479968.00,3743488,3736480,2840.00,2842.00,5682.00,2842,2840,0.00,0.00,0,0
1471822432,s5,0.00,0.00,0.00,0,0,0.00,0.00,0.00,0,0,0.00,0.00,0,0
1471822432,s1,0.00,1567.00,1567.00,1567,0,0.00,7.00,7.00,7,0,0.00,0.00,0,0
1471822432,eth0,152.00,245.00,397.00,245,152,2.00,2.00,4.00,2,2,0.00,0.00,0,0
1471822432,s2,0.00,1567.00,1567.00,1567,0,0.00,7.00,7.00,7,0,0.00,0.00,0,0
1471822432,s1-eth2,28789.00,1211458.00,1240247.00,1211458,28789,417.00,409.00,826.00,409,417,0.00,0.00,0,0
1471822432,s1-eth1,1215041.00,28561.00,1243602.00,28561,1215041,413.00,416.00,829.00,416,413,0.00,0.00,0,0
1471822432,s3,0.00,1005.00,1005.00,1005,0,0.00,6.00,6.00,6,0,0.00,0.00,0,0
1471822432,s2-eth2,1212373.00,27874.00,1240247.00,27874,1212373,414.00,412.00,826.00,412,414,0.00,0.00,0,0
1471822432,s2-eth1,28561.00,1215041.00,1243602.00,1215041,28561,416.00,413.00,829.00,413,416,0.00,0.00,0,0
1471822432,lo,6715.00,6715.00,13430.00,6715,6715,65.00,65.00,130.00,65,65,0.00,0.00,0,0
1471822432,s4,0.00,0.00,0.00,0,0,0.00,0.00,0.00,0,0,0.00,0.00,0,0
1471822432,s3-eth2,1210719.00,27084.00,1237803.00,27084,1210719,418.00,410.00,828.00,410,418,0.00,0.00,0,0
1471822432,s3-eth1,27874.00,1212373.00,1240247.00,1212373,27874,412.00,414.00,826.00,414,412,0.00,0.00,0,0
1471822432,total,3730224.00,3733490.00,7463714.00,3733490,3730224,2557.00,2561.00,5118.00,2561,2557,0.00,0.00,0,0
1471822433,s5,0.00,0.00,0.00,0,0,0.00,0.00,0.00,0,0,0.00,0.00,0,0
1471822433,s1,0.00,776.00,776.00,776,0,0.00,3.00,3.00,3,0,0.00,0.00,0,0
1471822433,eth0,0.00,0.00,0.00,0,0,0.00,0.00,0.00,0,0,0.00,0.00,0,0
1471822433,s2,0.00,449.00,449.00,449,0,0.00,2.00,2.00,2,0,0.00,0.00,0,0
1471822433,s1-eth2,28637.00,1223306.00,1251943.00,1223306,28637,417.00,413.00,830.00,413,417,0.00,0.00,0,0
1471822433,s1-eth1,1220686.00,27902.00,1248588.00,27902,1220686,413.00,414.00,827.00,414,413,0.00,0.00,0,0
1471822433,s3,0.00,1338.00,1338.00,1338,0,0.00,4.00,4.00,4,0,0.00,0.00,0,0
1471822433,s2-eth2,1218720.00,27299.00,1246019.00,27299,1218720,415.00,413.00,828.00,413,415,0.00,0.00,0,0
1471822433,s2-eth1,27902.00,1220686.00,1248588.00,1220686,27902,414.00,413.00,827.00,413,414,0.00,0.00,0,0
1471822433,lo,2892.00,2892.00,5784.00,2892,2892,27.00,27.00,54.00,27,27,0.00,0.00,0,0
1471822433,s4,0.00,0.00,0.00,0,0,0.00,0.00,0.00,0,0,0.00,0.00,0,0
1471822433,s3-eth2,1222009.00,27126.00,1249135.00,27126,1222009,417.00,411.00,828.00,411,417,0.00,0.00,0,0
1471822433,s3-eth1,27299.00,1218720.00,1246019.00,1218720,27299,413.00,415.00,828.00,415,413,0.00,0.00,0,0
1471822433,total,3748145.00,3750494.00,7498639.00,3750494,3748145,2516.00,2515.00,5031.00,2515,2516,0.00,0.00,0,0
1471822434,s5,0.00,0.00,0.00,0,0,0.00,0.00,0.00,0,0,0.00,0.00,0,0
1471822434,s1,0.00,781.00,781.00,781,0,0.00,5.00,5.00,5,0,0.00,0.00,0,0
1471822434,eth0,60.00,60.00,120.00,60,60,1.00,1.00,2.00,1,1,0.00,0.00,0,0
1471822434,s2,0.00,851.00,851.00,851,0,0.00,6.00,6.00,6,0,0.00,0.00,0,0
1471822434,s1-eth2,28149.00,1217382.00,1245531.00,1217382,28149,416.00,411.00,827.00,411,416,0.00,0.00,0,0
1471822434,s1-eth1,1214864.00,27841.00,1242705.00,27841,1214864,413.00,415.00,828.00,415,413,0.00,0.00,0,0
1471822434,s3,70.00,818.00,888.00,818,70,1.00,5.00,6.00,5,1,0.00,0.00,0,0
1471822434,s2-eth2,1218200.00,27401.00,1245601.00,27401,1218200,416.00,412.00,828.00,412,416,0.00,0.00,0,0
1471822434,s2-eth1,27841.00,1214864.00,1242705.00,1214864,27841,415.00,413.00,828.00,413,415,0.00,0.00,0,0
1471822434,lo,5052.00,5052.00,10104.00,5052,5052,51.00,51.00,102.00,51,51,0.00,0.00,0,0
1471822434,s4,0.00,0.00,0.00,0,0,0.00,0.00,0.00,0,0,0.00,0.00,0,0
1471822434,s3-eth2,1212720.00,27060.00,1239780.00,27060,1212720,417.00,410.00,827.00,410,417,0.00,0.00,0,0
1471822434,s3-eth1,27401.00,1218200.00,1245601.00,1218200,27401,412.00,416.00,828.00,416,412,0.00,0.00,0,0
1471822434,total,3734357.00,3740310.00,7474667.00,3740310,3734357,2542.00,2545.00,5087.00,2545,2542,0.00,0.00,0,0
1471822435,s5,0.00,0.00,0.00,0,0,0.00,0.00,0.00,0,0,0.00,0.00,0,0
1471822435,s1,70.00,934.00,1004.00,934,70,1.00,6.00,7.00,6,1,0.00,0.00,0,0
1471822435,eth0,0.00,0.00,0.00,0,0,0.00,0.00,0.00,0,0,0.00,0.00,0,0
1471822435,s2,70.00,864.00,934.00,864,70,1.00,5.00,6.00,5,1,0.00,0.00,0,0
1471822435,s1-eth2,28523.00,1217452.00,1245975.00,1217452,28523,420.00,412.00,832.00,412,420,0.00,0.00,0,0
1471822435,s1-eth1,1217849.00,27990.00,1245839.00,27990,1217849,414.00,416.00,830.00,416,414,0.00,0.00,0,0
1471822435,s3,0.00,1004.00,1004.00,1004,0,0.00,7.00,7.00,7,0,0.00,0.00,0,0
1471822435,s2-eth2,1218316.00,27589.00,1245905.00,27589,1218316,417.00,414.00,831.00,414,417,0.00,0.00,0,0
1471822435,s2-eth1,27990.00,1217849.00,1245839.00,1217849,27990,416.00,414.00,830.00,414,416,0.00,0.00,0,0
1471822435,lo,5636.00,5636.00,11272.00,5636,5636,58.00,58.00,116.00,58,58,0.00,0.00,0,0
1471822435,s4,0.00,0.00,0.00,0,0,0.00,0.00,0.00,0,0,0.00,0.00,0,0
1471822435,s3-eth2,1218713.00,27196.00,1245909.00,27196,1218713,419.00,412.00,831.00,412,419,0.00,0.00,0,0
1471822435,s3-eth1,27589.00,1218316.00,1245905.00,1218316,27589,414.00,417.00,831.00,417,414,0.00,0.00,0,0
1471822435,total,3744756.00,3744830.00,7489586.00,3744830,3744756,2560.00,2561.00,5121.00,2561,2560,0.00,0.00,0,0
1471822436,s5,0.00,0.00,0.00,0,0,0.00,0.00,0.00,0,0,0.00,0.00,0,0
1471822436,s1,0.00,0.00,0.00,0,0,0.00,0.00,0.00,0,0,0.00,0.00,0,0
1471822436,eth0,0.00,0.00,0.00,0,0,0.00,0.00,0.00,0,0,0.00,0.00,0,0
1471822436,s2,0.00,0.00,0.00,0,0,0.00,0.00,0.00,0,0,0.00,0.00,0,0
1471822436,s1-eth2,26730.00,1202572.00,1229302.00,1202572,26730,405.00,406.00,811.00,406,405,0.00,0.00,0,0
1471822436,s1-eth1,1202572.00,26730.00,1229302.00,26730,1202572,406.00,405.00,811.00,405,406,0.00,0.00,0,0
1471822436,s3,0.00,0.00,0.00,0,0,0.00,0.00,0.00,0,0,0.00,0.00,0,0
1471822436,s2-eth2,1202572.00,26730.00,1229302.00,26730,1202572,406.00,405.00,811.00,405,406,0.00,0.00,0,0
1471822436,s2-eth1,26730.00,1202572.00,1229302.00,1202572,26730,405.00,406.00,811.00,406,405,0.00,0.00,0,0
1471822436,lo,0.00,0.00,0.00,0,0,0.00,0.00,0.00,0,0,0.00,0.00,0,0
1471822436,s4,0.00,0.00,0.00,0,0,0.00,0.00,0.00,0,0,0.00,0.00,0,0
1471822436,s3-eth2,1202572.00,26730.00,1229302.00,26730,1202572,406.00,405.00,811.00,405,406,0.00,0.00,0,0
1471822436,s3-eth1,26730.00,1202572.00,1229302.00,1202572,26730,405.00,406.00,811.00,406,405,0.00,0.00,0,0
1471822436,total,3687906.00,3687906.00,7375812.00,3687906,3687906,2433.00,2433.00,4866.00,2433,2433,0.00,0.00,0,0
1471822437,s5,0.00,0.00,0.00,0,0,0.00,0.00,0.00,0,0,0.00,0.00,0,0
1471822437,s1,0.00,107.00,107.00,107,0,0.00,1.00,1.00,1,0,0.00,0.00,0,0
1471822437,eth0,0.00,0.00,0.00,0,0,0.00,0.00,0.00,0,0,0.00,0.00,0,0
1471822437,s2,0.00,107.00,107.00,107,0,0.00,1.00,1.00,1,0,0.00,0.00,0,0
1471822437,s1-eth2,27575.00,1214420.00,1241995.00,1214420,27575,413.00,410.00,823.00,410,413,0.00,0.00,0,0
1471822437,s1-eth1,1214420.00,27233.00,1241653.00,27233,1214420,410.00,412.00,822.00,412,410,0.00,0.00,0,0
1471822437,s3,0.00,0.00,0.00,0,0,0.00,0.00,0.00,0,0,0.00,0.00,0,0
1471822437,s2-eth2,1214420.00,27233.00,1241653.00,27233,1214420,410.00,412.00,822.00,412,410,0.00,0.00,0,0
1471822437,s2-eth1,27233.00,1214420.00,1241653.00,1214420,27233,412.00,410.00,822.00,410,412,0.00,0.00,0,0
1471822437,lo,610.00,610.00,1220.00,610,610,6.00,6.00,12.00,6,6,0.00,0.00,0,0
1471822437,s4,0.00,0.00,0.00,0,0,0.00,0.00,0.00,0,0,0.00,0.00,0,0
1471822437,s3-eth2,1214420.00,27126.00,1241546.00,27126,1214420,410.00,411.00,821.00,411,410,0.00,0.00,0,0
1471822437,s3-eth1,27233.00,1214420.00,1241653.00,1214420,27233,412.00,410.00,822.00,410,412,0.00,0.00,0,0
1471822437,total,3725911.00,3725676.00,7451587.00,3725676,3725911,2473.00,2473.00,4946.00,2473,2473,0.00,0.00,0,0
1471822438,s5,0.00,0.00,0.00,0,0,0.00,0.00,0.00,0,0,0.00,0.00,0,0
1471822438,s1,0.00,931.00,931.00,931,0,0.00,5.00,5.00,5,0,0.00,0.00,0,0
1471822438,eth0,0.00,0.00,0.00,0,0,0.00,0.00,0.00,0,0,0.00,0.00,0,0
1471822438,s2,0.00,659.00,659.00,659,0,0.00,5.00,5.00,5,0,0.00,0.00,0,0
1471822438,s1-eth2,27702.00,1202572.00,1230274.00,1202572,27702,410.00,406.00,816.00,406,410,0.00,0.00,0,0
1471822438,s1-eth1,1202749.00,27595.00,1230344.00,27595,1202749,408.00,409.00,817.00,409,408,0.00,0.00,0,0
1471822438,s3,70.00,284.00,354.00,284,70,1.00,3.00,4.00,3,1,0.00,0.00,0,0
1471822438,s2-eth2,1199894.00,27146.00,1227040.00,27146,1199894,408.00,407.00,815.00,407,408,0.00,0.00,0,0
1471822438,s2-eth1,27661.00,1202749.00,1230410.00,1202749,27661,410.00,408.00,818.00,408,410,0.00,0.00,0,0
1471822438,lo,3970.00,3970.00,7940.00,3970,3970,40.00,40.00,80.00,40,40,0.00,0.00,0,0
1471822438,s4,0.00,0.00,0.00,0,0,0.00,0.00,0.00,0,0,0.00,0.00,0,0
1471822438,s3-eth2,1200071.00,26664.00,1226735.00,26664,1200071,410.00,404.00,814.00,404,410,0.00,0.00,0,0
1471822438,s3-eth1,27146.00,1199894.00,1227040.00,1199894,27146,407.00,408.00,815.00,408,407,0.00,0.00,0,0
1471822438,total,3689263.00,3692464.00,7381727.00,3692464,3689263,2494.00,2495.00,4989.00,2495,2494,0.00,0.00,0,0
1471822439,s5,0.00,0.00,0.00,0,0,0.00,0.00,0.00,0,0,0.00,0.00,0,0
1471822439,s1,70.00,280.00,350.00,280,70,1.00,4.00,5.00,4,1,0.00,0.00,0,0
1471822439,eth0,0.00,0.00,0.00,0,0,0.00,0.00,0.00,0,0,0.00,0.00,0,0
1471822439,s2,70.00,210.00,280.00,210,70,1.00,3.00,4.00,3,1,0.00,0.00,0,0
1471822439,s1-eth2,26552.00,1178946.00,1205498.00,1178946,26552,402.00,399.00,801.00,399,402,0.00,0.00,0,0
1471822439,s1-eth1,1176054.00,26478.00,1202532.00,26478,1176054,399.00,401.00,800.00,401,399,0.00,0.00,0,0
1471822439,s3,0.00,692.00,692.00,692,0,0.00,6.00,6.00,6,0,0.00,0.00,0,0
1471822439,s2-eth2,1176536.00,26272.00,1202808.00,26272,1176536,402.00,398.00,800.00,398,402,0.00,0.00,0,0
1471822439,s2-eth1,26412.00,1176054.00,1202466.00,1176054,26412,400.00,399.00,799.00,399,400,0.00,0.00,0,0
1471822439,lo,4182.00,4182.00,8364.00,4182,4182,47.00,47.00,94.00,47,47,0.00,0.00,0,0
1471822439,s4,0.00,0.00,0.00,0,0,0.00,0.00,0.00,0,0,0.00,0.00,0,0
1471822439,s3-eth2,1176948.00,26272.00,1203220.00,26272,1176948,404.00,398.00,802.00,398,404,0.00,0.00,0,0
1471822439,s3-eth1,26272.00,1176536.00,1202808.00,1176536,26272,398.00,402.00,800.00,402,398,0.00,0.00,0,0
1471822439,total,3613096.00,3615922.00,7229018.00,3615922,3613096,2454.00,2457.00,4911.00,2457,2454,0.00,0.00,0,0
1471822440,s5,0.00,0.00,0.00,0,0,0.00,0.00,0.00,0,0,0.00,0.00,0,0
1471822440,s1,0.00,0.00,0.00,0,0,0.00,0.00,0.00,0,0,0.00,0.00,0,0
1471822440,eth0,0.00,0.00,0.00,0,0,0.00,0.00,0.00,0,0,0.00,0.00,0,0
1471822440,s2,0.00,342.00,342.00,342,0,0.00,1.00,1.00,1,0,0.00,0.00,0,0
1471822440,s1-eth2,26928.00,1209156.00,1236084.00,1209156,26928,408.00,418.00,826.00,418,408,0.00,0.00,0,0
1471822440,s1-eth1,1210814.00,26862.00,1237676.00,26862,1210814,417.00,407.00,824.00,407,417,0.00,0.00,0,0
1471822440,s3,0.00,342.00,342.00,342,0,0.00,1.00,1.00,1,0,0.00,0.00,0,0
1471822440,s2-eth2,1209300.00,26862.00,1236162.00,26862,1209300,416.00,407.00,823.00,407,416,0.00,0.00,0,0
1471822440,s2-eth1,26862.00,1210814.00,1237676.00,1210814,26862,407.00,417.00,824.00,417,407,0.00,0.00,0,0
1471822440,lo,996.00,996.00,1992.00,996,996,12.00,12.00,24.00,12,12,0.00,0.00,0,0
1471822440,s4,0.00,0.00,0.00,0,0,0.00,0.00,0.00,0,0,0.00,0.00,0,0
1471822440,s3-eth2,1209168.00,26928.00,1236096.00,26928,1209168,414.00,408.00,822.00,408,414,0.00,0.00,0,0
1471822440,s3-eth1,26862.00,1209300.00,1236162.00,1209300,26862,407.00,416.00,823.00,416,407,0.00,0.00,0,0
1471822440,total,3710930.00,3711602.00,7422532.00,3711602,3710930,2481.00,2487.00,4968.00,2487,2481,0.00,0.00,0,0
1471822441,s5,0.00,0.00,0.00,0,0,0.00,0.00,0.00,0,0,0.00,0.00,0,0
1471822441,s1,0.00,0.00,0.00,0,0,0.00,0.00,0.00,0,0,0.00,0.00,0,0
1471822441,eth0,0.00,0.00,0.00,0,0,0.00,0.00,0.00,0,0,0.00,0.00,0,0
1471822441,s2,0.00,0.00,0.00,0,0,0.00,0.00,0.00,0,0,0.00,0.00,0,0
1471822441,s1-eth2,27060.00,1217984.00,1245044.00,1217984,27060,410.00,464.00,874.00,464,410,0.00,0.00,0,0
1471822441,s1-eth1,1219630.00,27126.00,1246756.00,27126,1219630,467.00,411.00,878.00,411,467,0.00,0.00,0,0
1471822441,s3,0.00,0.00,0.00,0,0,0.00,0.00,0.00,0,0,0.00,0.00,0,0
1471822441,s2-eth2,1218182.00,27126.00,1245308.00,27126,1218182,467.00,411.00,878.00,411,467,0.00,0.00,0,0
1471822441,s2-eth1,27126.00,1219630.00,1246756.00,1219630,27126,411.00,467.00,878.00,467,411,0.00,0.00,0,0
1471822441,lo,0.00,0.00,0.00,0,0,0.00,0.00,0.00,0,0,0.00,0.00,0,0
1471822441,s4,0.00,0.00,0.00,0,0,0.00,0.00,0.00,0,0,0.00,0.00,0,0
1471822441,s3-eth2,1218314.00,27126.00,1245440.00,27126,1218314,469.00,411.00,880.00,411,469,0.00,0.00,0,0
1471822441,s3-eth1,27126.00,1218182.00,1245308.00,1218182,27126,411.00,467.00,878.00,467,411,0.00,0.00,0,0
1471822441,total,3737438.00,3737174.00,7474612.00,3737174,3737438,2635.00,2631.00,5266.00,2631,2635,0.00,0.00,0,0
1471822442,s5,0.00,0.00,0.00,0,0,0.00,0.00,0.00,0,0,0.00,0.00,0,0
1471822442,s1,0.00,0.00,0.00,0,0,0.00,0.00,0.00,0,0,0.00,0.00,0,0
1471822442,eth0,0.00,0.00,0.00,0,0,0.00,0.00,0.00,0,0,0.00,0.00,0,0
1471822442,s2,0.00,0.00,0.00,0,0,0.00,0.00,0.00,0,0,0.00,0.00,0,0
1471822442,s1-eth2,26862.00,1208496.00,1235358.00,1208496,26862,407.00,408.00,815.00,408,407,0.00,0.00,0,0
1471822442,s1-eth1,1205534.00,26862.00,1232396.00,26862,1205534,407.00,407.00,814.00,407,407,0.00,0.00,0,0
1471822442,s3,0.00,0.00,0.00,0,0,0.00,0.00,0.00,0,0,0.00,0.00,0,0
1471822442,s2-eth2,1205534.00,26862.00,1232396.00,26862,1205534,407.00,407.00,814.00,407,407,0.00,0.00,0,0
1471822442,s2-eth1,26862.00,1205534.00,1232396.00,1205534,26862,407.00,407.00,814.00,407,407,0.00,0.00,0,0
1471822442,lo,0.00,0.00,0.00,0,0,0.00,0.00,0.00,0,0,0.00,0.00,0,0
1471822442,s4,0.00,0.00,0.00,0,0,0.00,0.00,0.00,0,0,0.00,0.00,0,0
1471822442,s3-eth2,1205534.00,26862.00,1232396.00,26862,1205534,407.00,407.00,814.00,407,407,0.00,0.00,0,0
1471822442,s3-eth1,26862.00,1205534.00,1232396.00,1205534,26862,407.00,407.00,814.00,407,407,0.00,0.00,0,0
1471822442,total,3697188.00,3700150.00,7397338.00,3700150,3697188,2442.00,2443.00,4885.00,2443,2442,0.00,0.00,0,0
1471822443,s5,0.00,0.00,0.00,0,0,0.00,0.00,0.00,0,0,0.00,0.00,0,0
1471822443,s1,0.00,0.00,0.00,0,0,0.00,0.00,0.00,0,0,0.00,0.00,0,0
1471822443,eth0,0.00,0.00,0.00,0,0,0.00,0.00,0.00,0,0,0.00,0.00,0,0
1471822443,s2,0.00,0.00,0.00,0,0,0.00,0.00,0.00,0,0,0.00,0.00,0,0
1471822443,s1-eth2,26664.00,1193686.00,1220350.00,1193686,26664,404.00,403.00,807.00,403,404,0.00,0.00,0,0
1471822443,s1-eth1,1193686.00,26598.00,1220284.00,26598,1193686,403.00,403.00,806.00,403,403,0.00,0.00,0,0
1471822443,s3,0.00,0.00,0.00,0,0,0.00,0.00,0.00,0,0,0.00,0.00,0,0
1471822443,s2-eth2,1193686.00,26664.00,1220350.00,26664,1193686,403.00,404.00,807.00,404,403,0.00,0.00,0,0
1471822443,s2-eth1,26598.00,1193686.00,1220284.00,1193686,26598,403.00,403.00,806.00,403,403,0.00,0.00,0,0
1471822443,lo,0.00,0.00,0.00,0,0,0.00,0.00,0.00,0,0,0.00,0.00,0,0
1471822443,s4,0.00,0.00,0.00,0,0,0.00,0.00,0.00,0,0,0.00,0.00,0,0
1471822443,s3-eth2,1193686.00,26598.00,1220284.00,26598,1193686,403.00,403.00,806.00,403,403,0.00,0.00,0,0
1471822443,s3-eth1,26664.00,1193686.00,1220350.00,1193686,26664,404.00,403.00,807.00,403,404,0.00,0.00,0,0
1471822443,total,3660984.00,3660918.00,7321902.00,3660918,3660984,2420.00,2419.00,4839.00,2419,2420,0.00,0.00,0,0
1471822444,s5,0.00,0.00,0.00,0,0,0.00,0.00,0.00,0,0,0.00,0.00,0,0
1471822444,s1,0.00,0.00,0.00,0,0,0.00,0.00,0.00,0,0,0.00,0.00,0,0
1471822444,eth0,0.00,0.00,0.00,0,0,0.00,0.00,0.00,0,0,0.00,0.00,0,0
1471822444,s2,0.00,0.00,0.00,0,0,0.00,0.00,0.00,0,0,0.00,0.00,0,0
1471822444,s1-eth2,27060.00,1211458.00,1238518.00,1211458,27060,410.00,409.00,819.00,409,410,0.00,0.00,0,0
1471822444,s1-eth1,1214420.00,27060.00,1241480.00,27060,1214420,410.00,410.00,820.00,410,410,0.00,0.00,0,0
1471822444,s3,0.00,0.00,0.00,0,0,0.00,0.00,0.00,0,0,0.00,0.00,0,0
1471822444,s2-eth2,1214420.00,27060.00,1241480.00,27060,1214420,410.00,410.00,820.00,410,410,0.00,0.00,0,0
1471822444,s2-eth1,27060.00,1214420.00,1241480.00,1214420,27060,410.00,410.00,820.00,410,410,0.00,0.00,0,0
1471822444,lo,172.00,172.00,344.00,172,172,3.00,3.00,6.00,3,3,0.00,0.00,0,0
1471822444,s4,0.00,0.00,0.00,0,0,0.00,0.00,0.00,0,0,0.00,0.00,0,0
1471822444,s3-eth2,1214420.00,27060.00,1241480.00,27060,1214420,410.00,410.00,820.00,410,410,0.00,0.00,0,0
1471822444,s3-eth1,27060.00,1214420.00,1241480.00,1214420,27060,410.00,410.00,820.00,410,410,0.00,0.00,0,0
1471822444,total,3724612.00,3721650.00,7446262.00,3721650,3724612,2463.00,2462.00,4925.00,2462,2463,0.00,0.00,0,0
1471822445,s5,0.00,0.00,0.00,0,0,0.00,0.00,0.00,0,0,0.00,0.00,0,0
1471822445,s1,0.00,107.00,107.00,107,0,0.00,1.00,1.00,1,0,0.00,0.00,0,0
1471822445,eth0,0.00,0.00,0.00,0,0,0.00,0.00,0.00,0,0,0.00,0.00,0,0
1471822445,s2,0.00,107.00,107.00,107,0,0.00,1.00,1.00,1,0,0.00,0.00,0,0
1471822445,s1-eth2,26639.00,1196648.00,1223287.00,1196648,26639,403.00,404.00,807.00,404,403,0.00,0.00,0,0
1471822445,s1-eth1,1193686.00,26639.00,1220325.00,26639,1193686,403.00,403.00,806.00,403,403,0.00,0.00,0,0
1471822445,s3,0.00,0.00,0.00,0,0,0.00,0.00,0.00,0,0,0.00,0.00,0,0
1471822445,s2-eth2,1193686.00,26639.00,1220325.00,26639,1193686,403.00,403.00,806.00,403,403,0.00,0.00,0,0
1471822445,s2-eth1,26639.00,1193686.00,1220325.00,1193686,26639,403.00,403.00,806.00,403,403,0.00,0.00,0,0
1471822445,lo,1298.00,1298.00,2596.00,1298,1298,18.00,18.00,36.00,18,18,0.00,0.00,0,0
1471822445,s4,0.00,0.00,0.00,0,0,0.00,0.00,0.00,0,0,0.00,0.00,0,0
1471822445,s3-eth2,1193686.00,26532.00,1220218.00,26532,1193686,403.00,402.00,805.00,402,403,0.00,0.00,0,0
1471822445,s3-eth1,26639.00,1193686.00,1220325.00,1193686,26639,403.00,403.00,806.00,403,403,0.00,0.00,0,0
1471822445,total,3662273.00,3665342.00,7327615.00,3665342,3662273,2436.00,2438.00,4874.00,2438,2436,0.00,0.00,0,0
1471822446,s5,0.00,0.00,0.00,0,0,0.00,0.00,0.00,0,0,0.00,0.00,0,0
1471822446,s1,0.00,107.00,107.00,107,0,0.00,1.00,1.00,1,0,0.00,0.00,0,0
1471822446,eth0,0.00,0.00,0.00,0,0,0.00,0.00,0.00,0,0,0.00,0.00,0,0
1471822446,s2,0.00,107.00,107.00,107,0,0.00,1.00,1.00,1,0,0.00,0.00,0,0
1471822446,s1-eth2,27406.00,1220344.00,1247750.00,1220344,27406,414.00,412.00,826.00,412,414,0.00,0.00,0,0
1471822446,s1-eth1,1220451.00,27365.00,1247816.00,27365,1220451,413.00,414.00,827.00,414,413,0.00,0.00,0,0
1471822446,s3,0.00,214.00,214.00,214,0,0.00,2.00,2.00,2,0,0.00,0.00,0,0
1471822446,s2-eth2,1220558.00,27192.00,1247750.00,27192,1220558,414.00,412.00,826.00,412,414,0.00,0.00,0,0
1471822446,s2-eth1,27365.00,1220451.00,1247816.00,1220451,27365,414.00,413.00,827.00,413,414,0.00,0.00,0,0
1471822446,lo,1220.00,1220.00,2440.00,1220,1220,12.00,12.00,24.00,12,12,0.00,0.00,0,0
1471822446,s4,0.00,0.00,0.00,0,0,0.00,0.00,0.00,0,0,0.00,0.00,0,0
1471822446,s3-eth2,1220665.00,27192.00,1247857.00,27192,1220665,415.00,412.00,827.00,412,415,0.00,0.00,0,0
1471822446,s3-eth1,27192.00,1220558.00,1247750.00,1220558,27192,412.00,414.00,826.00,414,412,0.00,0.00,0,0
1471822446,total,3744857.00,3744750.00,7489607.00,3744750,3744857,2494.00,2493.00,4987.00,2493,2494,0.00,0.00,0,0
1471822447,s5,0.00,0.00,0.00,0,0,0.00,0.00,0.00,0,0,0.00,0.00,0,0
1471822447,s1,0.00,0.00,0.00,0,0,0.00,0.00,0.00,0,0,0.00,0.00,0,0
1471822447,eth0,0.00,0.00,0.00,0,0,0.00,0.00,0.00,0,0,0.00,0.00,0,0
1471822447,s2,0.00,0.00,0.00,0,0,0.00,0.00,0.00,0,0,0.00,0.00,0,0
1471822447,s1-eth2,26994.00,1211458.00,1238452.00,1211458,26994,409.00,409.00,818.00,409,409,0.00,0.00,0,0
1471822447,s1-eth1,1211458.00,26928.00,1238386.00,26928,1211458,409.00,408.00,817.00,408,409,0.00,0.00,0,0
1471822447,s3,0.00,0.00,0.00,0,0,0.00,0.00,0.00,0,0,0.00,0.00,0,0
1471822447,s2-eth2,1211458.00,26994.00,1238452.00,26994,1211458,409.00,409.00,818.00,409,409,0.00,0.00,0,0
1471822447,s2-eth1,26928.00,1211458.00,1238386.00,1211458,26928,408.00,409.00,817.00,409,408,0.00,0.00,0,0
1471822447,lo,0.00,0.00,0.00,0,0,0.00,0.00,0.00,0,0,0.00,0.00,0,0
1471822447,s4,0.00,0.00,0.00,0,0,0.00,0.00,0.00,0,0,0.00,0.00,0,0
1471822447,s3-eth2,1211458.00,26994.00,1238452.00,26994,1211458,409.00,409.00,818.00,409,409,0.00,0.00,0,0
1471822447,s3-eth1,26994.00,1211458.00,1238452.00,1211458,26994,409.00,409.00,818.00,409,409,0.00,0.00,0,0
1471822447,total,3715290.00,3715290.00,7430580.00,3715290,3715290,2453.00,2453.00,4906.00,2453,2453,0.00,0.00,0,0
1471822448,s5,0.00,0.00,0.00,0,0,0.00,0.00,0.00,0,0,0.00,0.00,0,0
1471822448,s1,0.00,342.00,342.00,342,0,0.00,1.00,1.00,1,0,0.00,0.00,0,0
1471822448,eth0,0.00,0.00,0.00,0,0,0.00,0.00,0.00,0,0,0.00,0.00,0,0
1471822448,s2,0.00,0.00,0.00,0,0,0.00,0.00,0.00,0,0,0.00,0.00,0,0
1471822448,s1-eth2,27468.00,1217382.00,1244850.00,1217382,27468,412.00,411.00,823.00,411,412,0.00,0.00,0,0
1471822448,s1-eth1,1217382.00,27534.00,1244916.00,27534,1217382,411.00,413.00,824.00,413,411,0.00,0.00,0,0
1471822448,s3,0.00,0.00,0.00,0,0,0.00,0.00,0.00,0,0,0.00,0.00,0,0
1471822448,s2-eth2,1217382.00,27126.00,1244508.00,27126,1217382,411.00,411.00,822.00,411,411,0.00,0.00,0,0
1471822448,s2-eth1,27534.00,1217382.00,1244916.00,1217382,27534,413.00,411.00,824.00,411,413,0.00,0.00,0,0
1471822448,lo,326.00,326.00,652.00,326,326,3.00,3.00,6.00,3,3,0.00,0.00,0,0
1471822448,s4,0.00,0.00,0.00,0,0,0.00,0.00,0.00,0,0,0.00,0.00,0,0
1471822448,s3-eth2,1217382.00,27126.00,1244508.00,27126,1217382,411.00,411.00,822.00,411,411,0.00,0.00,0,0
1471822448,s3-eth1,27126.00,1217382.00,1244508.00,1217382,27126,411.00,411.00,822.00,411,411,0.00,0.00,0,0
1471822448,total,3734600.00,3734600.00,7469200.00,3734600,3734600,2472.00,2472.00,4944.00,2472,2472,0.00,0.00,0,0
1471822449,s5,0.00,0.00,0.00,0,0,0.00,0.00,0.00,0,0,0.00,0.00,0,0
1471822449,s1,0.00,0.00,0.00,0,0,0.00,0.00,0.00,0,0,0.00,0.00,0,0
1471822449,eth0,0.00,0.00,0.00,0,0,0.00,0.00,0.00,0,0,0.00,0.00,0,0
1471822449,s2,0.00,0.00,0.00,0,0,0.00,0.00,0.00,0,0,0.00,0.00,0,0
1471822449,s1-eth2,26967.03,1210247.75,1237214.88,1211458,26994,408.59,408.59,817.18,409,409,0.00,0.00,0,0
1471822449,s1-eth1,1210247.75,26901.10,1237148.88,26928,1211458,408.59,407.59,816.18,408,409,0.00,0.00,0,0
1471822449,s3,0.00,0.00,0.00,0,0,0.00,0.00,0.00,0,0,0.00,0.00,0,0
1471822449,s2-eth2,1210247.75,26967.03,1237214.88,26994,1211458,408.59,408.59,817.18,409,409,0.00,0.00,0,0
1471822449,s2-eth1,26967.03,1210247.75,1237214.88,1211458,26994,408.59,408.59,817.18,409,409,0.00,0.00,0,0
1471822449,lo,0.00,0.00,0.00,0,0,0.00,0.00,0.00,0,0,0.00,0.00,0,0
1471822449,s4,0.00,0.00,0.00,0,0,0.00,0.00,0.00,0,0,0.00,0.00,0,0
1471822449,s3-eth2,1210247.75,26967.03,1237214.88,26994,1211458,408.59,408.59,817.18,409,409,0.00,0.00,0,0
1471822449,s3-eth1,26967.03,1210247.75,1237214.88,1211458,26994,408.59,408.59,817.18,409,409,0.00,0.00,0,0
1471822449,total,3711644.50,3711578.50,7423223.00,3715290,3715356,2451.55,2450.55,4902.10,2453,2454,0.00,0.00,0,0
1471822450,s5,0.00,0.00,0.00,0,0,0.00,0.00,0.00,0,0,0.00,0.00,0,0
1471822450,s1,0.00,0.00,0.00,0,0,0.00,0.00,0.00,0,0,0.00,0.00,0,0
1471822450,eth0,0.00,0.00,0.00,0,0,0.00,0.00,0.00,0,0,0.00,0.00,0,0
1471822450,s2,0.00,0.00,0.00,0,0,0.00,0.00,0.00,0,0,0.00,0.00,0,0
1471822450,s1-eth2,26994.00,1219238.00,1246232.00,1219238,26994,409.00,483.00,892.00,483,409,0.00,0.00,0,0
1471822450,s1-eth1,1216276.00,27060.00,1243336.00,27060,1216276,482.00,410.00,892.00,410,482,0.00,0.00,0,0
1471822450,s3,0.00,0.00,0.00,0,0,0.00,0.00,0.00,0,0,0.00,0.00,0,0
1471822450,s2-eth2,1219238.00,26994.00,1246232.00,26994,1219238,483.00,409.00,892.00,409,483,0.00,0.00,0,0
1471822450,s2-eth1,26994.00,1216276.00,1243270.00,1216276,26994,409.00,482.00,891.00,482,409,0.00,0.00,0,0
1471822450,lo,344.00,344.00,688.00,344,344,6.00,6.00,12.00,6,6,0.00,0.00,0,0
1471822450,s4,0.00,0.00,0.00,0,0,0.00,0.00,0.00,0,0,0.00,0.00,0,0
1471822450,s3-eth2,1216276.00,27060.00,1243336.00,27060,1216276,482.00,410.00,892.00,410,482,0.00,0.00,0,0
1471822450,s3-eth1,26994.00,1219238.00,1246232.00,1219238,26994,409.00,483.00,892.00,483,409,0.00,0.00,0,0
1471822450,total,3733116.00,3736210.00,7469326.00,3736210,3733116,2680.00,2683.00,5363.00,2683,2680,0.00,0.00,0,0
1471822451,s5,0.00,0.00,0.00,0,0,0.00,0.00,0.00,0,0,0.00,0.00,0,0
1471822451,s1,0.00,0.00,0.00,0,0,0.00,0.00,0.00,0,0,0.00,0.00,0,0
1471822451,eth0,0.00,0.00,0.00,0,0,0.00,0.00,0.00,0,0,0.00,0.00,0,0
1471822451,s2,0.00,0.00,0.00,0,0,0.00,0.00,0.00,0,0,0.00,0.00,0,0
1471822451,s1-eth2,27600.00,1220344.00,1247944.00,1220344,27600,414.00,412.00,826.00,412,414,0.00,0.00,0,0
1471822451,s1-eth1,1220344.00,27192.00,1247536.00,27192,1220344,412.00,412.00,824.00,412,412,0.00,0.00,0,0
1471822451,s3,0.00,0.00,0.00,0,0,0.00,0.00,0.00,0,0,0.00,0.00,0,0
1471822451,s2-eth2,1220344.00,27192.00,1247536.00,27192,1220344,412.00,412.00,824.00,412,412,0.00,0.00,0,0
1471822451,s2-eth1,27192.00,1220344.00,1247536.00,1220344,27192,412.00,412.00,824.00,412,412,0.00,0.00,0,0
1471822451,lo,344.00,344.00,688.00,344,344,6.00,6.00,12.00,6,6,0.00,0.00,0,0
1471822451,s4,0.00,0.00,0.00,0,0,0.00,0.00,0.00,0,0,0.00,0.00,0,0
1471822451,s3-eth2,1220686.00,27192.00,1247878.00,27192,1220686,413.00,412.00,825.00,412,413,0.00,0.00,0,0
1471822451,s3-eth1,27192.00,1220344.00,1247536.00,1220344,27192,412.00,412.00,824.00,412,412,0.00,0.00,0,0
1471822451,total,3743702.00,3742952.00,7486654.00,3742952,3743702,2481.00,2478.00,4959.00,2478,2481,0.00,0.00,0,0
1471822452,s5,0.00,0.00,0.00,0,0,0.00,0.00,0.00,0,0,0.00,0.00,0,0
1471822452,s1,0.00,342.00,342.00,342,0,0.00,1.00,1.00,1,0,0.00,0.00,0,0
1471822452,eth0,0.00,0.00,0.00,0,0,0.00,0.00,0.00,0,0,0.00,0.00,0,0
1471822452,s2,0.00,342.00,342.00,342,0,0.00,1.00,1.00,1,0,0.00,0.00,0,0
1471822452,s1-eth2,27402.00,1217382.00,1244784.00,1217382,27402,411.00,411.00,822.00,411,411,0.00,0.00,0,0
1471822452,s1-eth1,1217382.00,27402.00,1244784.00,27402,1217382,411.00,411.00,822.00,411,411,0.00,0.00,0,0
1471822452,s3,0.00,0.00,0.00,0,0,0.00,0.00,0.00,0,0,0.00,0.00,0,0
1471822452,s2-eth2,1217382.00,27468.00,1244850.00,27468,1217382,411.00,412.00,823.00,412,411,0.00,0.00,0,0
1471822452,s2-eth1,27402.00,1217382.00,1244784.00,1217382,27402,411.00,411.00,822.00,411,411,0.00,0.00,0,0
1471822452,lo,652.00,652.00,1304.00,652,652,6.00,6.00,12.00,6,6,0.00,0.00,0,0
1471822452,s4,0.00,0.00,0.00,0,0,0.00,0.00,0.00,0,0,0.00,0.00,0,0
1471822452,s3-eth2,1214420.00,27060.00,1241480.00,27060,1214420,410.00,410.00,820.00,410,410,0.00,0.00,0,0
1471822452,s3-eth1,27468.00,1217382.00,1244850.00,1217382,27468,412.00,411.00,823.00,411,412,0.00,0.00,0,0
1471822452,total,3732108.00,3735412.00,7467520.00,3735412,3732108,2472.00,2474.00,4946.00,2474,2472,0.00,0.00,0,0
1471822453,s5,0.00,0.00,0.00,0,0,0.00,0.00,0.00,0,0,0.00,0.00,0,0
1471822453,s1,0.00,0.00,0.00,0,0,0.00,0.00,0.00,0,0,0.00,0.00,0,0
1471822453,eth0,0.00,0.00,0.00,0,0,0.00,0.00,0.00,0,0,0.00,0.00,0,0
1471822453,s2,0.00,342.00,342.00,342,0,0.00,1.00,1.00,1,0,0.00,0.00,0,0
1471822453,s1-eth2,27126.00,1220344.00,1247470.00,1220344,27126,411.00,412.00,823.00,412,411,0.00,0.00,0,0
1471822453,s1-eth1,1220686.00,27126.00,1247812.00,27126,1220686,413.00,411.00,824.00,411,413,0.00,0.00,0,0
1471822453,s3,0.00,342.00,342.00,342,0,0.00,1.00,1.00,1,0,0.00,0.00,0,0
1471822453,s2-eth2,1220686.00,27126.00,1247812.00,27126,1220686,413.00,411.00,824.00,411,413,0.00,0.00,0,0
1471822453,s2-eth1,27126.00,1220686.00,1247812.00,1220686,27126,411.00,413.00,824.00,413,411,0.00,0.00,0,0
1471822453,lo,652.00,652.00,1304.00,652,652,6.00,6.00,12.00,6,6,0.00,0.00,0,0
1471822453,s4,0.00,0.00,0.00,0,0,0.00,0.00,0.00,0,0,0.00,0.00,0,0
1471822453,s3-eth2,1220686.00,27126.00,1247812.00,27126,1220686,413.00,411.00,824.00,411,413,0.00,0.00,0,0
1471822453,s3-eth1,27126.00,1220686.00,1247812.00,1220686,27126,411.00,413.00,824.00,413,411,0.00,0.00,0,0
1471822453,total,3744088.00,3744430.00,7488518.00,3744430,3744088,2478.00,2479.00,4957.00,2479,2478,0.00,0.00,0,0
1471822454,s5,0.00,0.00,0.00,0,0,0.00,0.00,0.00,0,0,0.00,0.00,0,0
1471822454,s1,0.00,0.00,0.00,0,0,0.00,0.00,0.00,0,0,0.00,0.00,0,0
1471822454,eth0,0.00,0.00,0.00,0,0,0.00,0.00,0.00,0,0,0.00,0.00,0,0
1471822454,s2,0.00,0.00,0.00,0,0,0.00,0.00,0.00,0,0,0.00,0.00,0,0
1471822454,s1-eth2,26994.00,1211458.00,1238452.00,1211458,26994,409.00,409.00,818.00,409,409,0.00,0.00,0,0
1471822454,s1-eth1,1211458.00,26994.00,1238452.00,26994,1211458,409.00,409.00,818.00,409,409,0.00,0.00,0,0
1471822454,s3,0.00,0.00,0.00,0,0,0.00,0.00,0.00,0,0,0.00,0.00,0,0
1471822454,s2-eth2,1211458.00,26994.00,1238452.00,26994,1211458,409.00,409.00,818.00,409,409,0.00,0.00,0,0
1471822454,s2-eth1,26994.00,1211458.00,1238452.00,1211458,26994,409.00,409.00,818.00,409,409,0.00,0.00,0,0
1471822454,lo,0.00,0.00,0.00,0,0,0.00,0.00,0.00,0,0,0.00,0.00,0,0
1471822454,s4,0.00,0.00,0.00,0,0,0.00,0.00,0.00,0,0,0.00,0.00,0,0
1471822454,s3-eth2,1211458.00,26994.00,1238452.00,26994,1211458,409.00,409.00,818.00,409,409,0.00,0.00,0,0
1471822454,s3-eth1,26994.00,1211458.00,1238452.00,1211458,26994,409.00,409.00,818.00,409,409,0.00,0.00,0,0
1471822454,total,3715356.00,3715356.00,7430712.00,3715356,3715356,2454.00,2454.00,4908.00,2454,2454,0.00,0.00,0,0
1471822455,s5,0.00,0.00,0.00,0,0,0.00,0.00,0.00,0,0,0.00,0.00,0,0
1471822455,s1,0.00,0.00,0.00,0,0,0.00,0.00,0.00,0,0,0.00,0.00,0,0
1471822455,eth0,0.00,0.00,0.00,0,0,0.00,0.00,0.00,0,0,0.00,0.00,0,0
1471822455,s2,0.00,0.00,0.00,0,0,0.00,0.00,0.00,0,0,0.00,0.00,0,0
1471822455,s1-eth2,27258.00,1223306.00,1250564.00,1223306,27258,413.00,413.00,826.00,413,413,0.00,0.00,0,0
1471822455,s1-eth1,1223306.00,27258.00,1250564.00,27258,1223306,413.00,413.00,826.00,413,413,0.00,0.00,0,0
1471822455,s3,0.00,0.00,0.00,0,0,0.00,0.00,0.00,0,0,0.00,0.00,0,0
1471822455,s2-eth2,1223306.00,27258.00,1250564.00,27258,1223306,413.00,413.00,826.00,413,413,0.00,0.00,0,0
1471822455,s2-eth1,27258.00,1223306.00,1250564.00,1223306,27258,413.00,413.00,826.00,413,413,0.00,0.00,0,0
1471822455,lo,344.00,344.00,688.00,344,344,6.00,6.00,12.00,6,6,0.00,0.00,0,0
1471822455,s4,0.00,0.00,0.00,0,0,0.00,0.00,0.00,0,0,0.00,0.00,0,0
1471822455,s3-eth2,1223306.00,27258.00,1250564.00,27258,1223306,413.00,413.00,826.00,413,413,0.00,0.00,0,0
1471822455,s3-eth1,27258.00,1223306.00,1250564.00,1223306,27258,413.00,413.00,826.00,413,413,0.00,0.00,0,0
1471822455,total,3752036.00,3752036.00,7504072.00,3752036,3752036,2484.00,2484.00,4968.00,2484,2484,0.00,0.00,0,0
1471822456,s5,0.00,0.00,0.00,0,0,0.00,0.00,0.00,0,0,0.00,0.00,0,0
1471822456,s1,0.00,0.00,0.00,0,0,0.00,0.00,0.00,0,0,0.00,0.00,0,0
1471822456,eth0,0.00,0.00,0.00,0,0,0.00,0.00,0.00,0,0,0.00,0.00,0,0
1471822456,s2,0.00,0.00,0.00,0,0,0.00,0.00,0.00,0,0,0.00,0.00,0,0
1471822456,s1-eth2,27126.00,1217382.00,1244508.00,1217382,27126,411.00,411.00,822.00,411,411,0.00,0.00,0,0
1471822456,s1-eth1,1217382.00,27192.00,1244574.00,27192,1217382,411.00,412.00,823.00,412,411,0.00,0.00,0,0
1471822456,s3,0.00,342.00,342.00,342,0,0.00,1.00,1.00,1,0,0.00,0.00,0,0
1471822456,s2-eth2,1217724.00,27126.00,1244850.00,27126,1217724,412.00,411.00,823.00,411,412,0.00,0.00,0,0
1471822456,s2-eth1,27192.00,1217382.00,1244574.00,1217382,27192,412.00,411.00,823.00,411,412,0.00,0.00,0,0
1471822456,lo,326.00,326.00,652.00,326,326,3.00,3.00,6.00,3,3,0.00,0.00,0,0
1471822456,s4,0.00,0.00,0.00,0,0,0.00,0.00,0.00,0,0,0.00,0.00,0,0
1471822456,s3-eth2,1217724.00,27192.00,1244916.00,27192,1217724,412.00,412.00,824.00,412,412,0.00,0.00,0,0
1471822456,s3-eth1,27126.00,1217724.00,1244850.00,1217724,27126,411.00,412.00,823.00,412,411,0.00,0.00,0,0
1471822456,total,3734600.00,3734666.00,7469266.00,3734666,3734600,2472.00,2473.00,4945.00,2473,2472,0.00,0.00,0,0
1471822457,s5,0.00,0.00,0.00,0,0,0.00,0.00,0.00,0,0,0.00,0.00,0,0
1471822457,s1,0.00,0.00,0.00,0,0,0.00,0.00,0.00,0,0,0.00,0.00,0,0
1471822457,eth0,0.00,0.00,0.00,0,0,0.00,0.00,0.00,0,0,0.00,0.00,0,0
1471822457,s2,0.00,0.00,0.00,0,0,0.00,0.00,0.00,0,0,0.00,0.00,0,0
1471822457,s1-eth2,27126.00,1217382.00,1244508.00,1217382,27126,411.00,411.00,822.00,411,411,0.00,0.00,0,0
1471822457,s1-eth1,1217382.00,27060.00,1244442.00,27060,1217382,411.00,410.00,821.00,410,411,0.00,0.00,0,0
1471822457,s3,0.00,0.00,0.00,0,0,0.00,0.00,0.00,0,0,0.00,0.00,0,0
1471822457,s2-eth2,1217382.00,27126.00,1244508.00,27126,1217382,411.00,411.00,822.00,411,411,0.00,0.00,0,0
1471822457,s2-eth1,27060.00,1217382.00,1244442.00,1217382,27060,410.00,411.00,821.00,411,410,0.00,0.00,0,0
1471822457,lo,172.00,172.00,344.00,172,172,3.00,3.00,6.00,3,3,0.00,0.00,0,0
1471822457,s4,0.00,0.00,0.00,0,0,0.00,0.00,0.00,0,0,0.00,0.00,0,0
1471822457,s3-eth2,1217382.00,27060.00,1244442.00,27060,1217382,411.00,410.00,821.00,410,411,0.00,0.00,0,0
1471822457,s3-eth1,27126.00,1217382.00,1244508.00,1217382,27126,411.00,411.00,822.00,411,411,0.00,0.00,0,0
1471822457,total,3733630.00,3733564.00,7467194.00,3733564,3733630,2468.00,2467.00,4935.00,2467,2468,0.00,0.00,0,0
1471822458,s5,0.00,0.00,0.00,0,0,0.00,0.00,0.00,0,0,0.00,0.00,0,0
1471822458,s1,0.00,0.00,0.00,0,0,0.00,0.00,0.00,0,0,0.00,0.00,0,0
1471822458,eth0,0.00,0.00,0.00,0,0,0.00,0.00,0.00,0,0,0.00,0.00,0,0
1471822458,s2,0.00,0.00,0.00,0,0,0.00,0.00,0.00,0,0,0.00,0.00,0,0
1471822458,s1-eth2,26994.00,1211458.00,1238452.00,1211458,26994,409.00,409.00,818.00,409,409,0.00,0.00,0,0
1471822458,s1-eth1,1211458.00,27060.00,1238518.00,27060,1211458,409.00,410.00,819.00,410,409,0.00,0.00,0,0
1471822458,s3,0.00,0.00,0.00,0,0,0.00,0.00,0.00,0,0,0.00,0.00,0,0
1471822458,s2-eth2,1211458.00,26994.00,1238452.00,26994,1211458,409.00,409.00,818.00,409,409,0.00,0.00,0,0
1471822458,s2-eth1,27060.00,1211458.00,1238518.00,1211458,27060,410.00,409.00,819.00,409,410,0.00,0.00,0,0
1471822458,lo,172.00,172.00,344.00,172,172,3.00,3.00,6.00,3,3,0.00,0.00,0,0
1471822458,s4,0.00,0.00,0.00,0,0,0.00,0.00,0.00,0,0,0.00,0.00,0,0
1471822458,s3-eth2,1211458.00,26994.00,1238452.00,26994,1211458,409.00,409.00,818.00,409,409,0.00,0.00,0,0
1471822458,s3-eth1,26994.00,1211458.00,1238452.00,1211458,26994,409.00,409.00,818.00,409,409,0.00,0.00,0,0
1471822458,total,3715594.00,3715594.00,7431188.00,3715594,3715594,2458.00,2458.00,4916.00,2458,2458,0.00,0.00,0,0
1471822459,s5,0.00,0.00,0.00,0,0,0.00,0.00,0.00,0,0,0.00,0.00,0,0
1471822459,s1,0.00,0.00,0.00,0,0,0.00,0.00,0.00,0,0,0.00,0.00,0,0
1471822459,eth0,0.00,0.00,0.00,0,0,0.00,0.00,0.00,0,0,0.00,0.00,0,0
1471822459,s2,0.00,0.00,0.00,0,0,0.00,0.00,0.00,0,0,0.00,0.00,0,0
1471822459,s1-eth2,27126.00,1217910.00,1245036.00,1217910,27126,411.00,419.00,830.00,419,411,0.00,0.00,0,0
1471822459,s1-eth1,1217646.00,27126.00,1244772.00,27126,1217646,415.00,411.00,826.00,411,415,0.00,0.00,0,0
1471822459,s3,0.00,0.00,0.00,0,0,0.00,0.00,0.00,0,0,0.00,0.00,0,0
1471822459,s2-eth2,1217514.00,27126.00,1244640.00,27126,1217514,413.00,411.00,824.00,411,413,0.00,0.00,0,0
1471822459,s2-eth1,27126.00,1217646.00,1244772.00,1217646,27126,411.00,415.00,826.00,415,411,0.00,0.00,0,0
1471822459,lo,0.00,0.00,0.00,0,0,0.00,0.00,0.00,0,0,0.00,0.00,0,0
1471822459,s4,0.00,0.00,0.00,0,0,0.00,0.00,0.00,0,0,0.00,0.00,0,0
1471822459,s3-eth2,1217382.00,27192.00,1244574.00,27192,1217382,411.00,412.00,823.00,412,411,0.00,0.00,0,0
1471822459,s3-eth1,27126.00,1217514.00,1244640.00,1217514,27126,411.00,413.00,824.00,413,411,0.00,0.00,0,0
1471822459,total,3733920.00,3734514.00,7468434.00,3734514,3733920,2472.00,2481.00,4953.00,2481,2472,0.00,0.00,0,0
1471822460,s5,0.00,0.00,0.00,0,0,0.00,0.00,0.00,0,0,0.00,0.00,0,0
1471822460,s1,0.00,342.00,342.00,342,0,0.00,1.00,1.00,1,0,0.00,0.00,0,0
1471822460,eth0,0.00,0.00,0.00,0,0,0.00,0.00,0.00,0,0,0.00,0.00,0,0
1471822460,s2,0.00,0.00,0.00,0,0,0.00,0.00,0.00,0,0,0.00,0.00,0,0
1471822460,s1-eth2,27444.00,1215286.00,1242730.00,1215286,27444,412.00,467.00,879.00,467,412,0.00,0.00,0,0
1471822460,s1-eth1,1215550.00,27378.00,1242928.00,27378,1215550,471.00,411.00,882.00,411,471,0.00,0.00,0,0
1471822460,s3,0.00,0.00,0.00,0,0,0.00,0.00,0.00,0,0,0.00,0.00,0,0
1471822460,s2-eth2,1215682.00,27102.00,1242784.00,27102,1215682,473.00,411.00,884.00,411,473,0.00,0.00,0,0
1471822460,s2-eth1,27378.00,1215550.00,1242928.00,1215550,27378,411.00,471.00,882.00,471,411,0.00,0.00,0,0
1471822460,lo,1558.00,1558.00,3116.00,1558,1558,18.00,18.00,36.00,18,18,0.00,0.00,0,0
1471822460,s4,0.00,0.00,0.00,0,0,0.00,0.00,0.00,0,0,0.00,0.00,0,0
1471822460,s3-eth2,1215814.00,27036.00,1242850.00,27036,1215814,475.00,410.00,885.00,410,475,0.00,0.00,0,0
1471822460,s3-eth1,27102.00,1215682.00,1242784.00,1215682,27102,411.00,473.00,884.00,473,411,0.00,0.00,0,0
1471822460,total,3730528.00,3729934.00,7460462.00,3729934,3730528,2671.00,2662.00,5333.00,2662,2671,0.00,0.00,0,0
1471822461,s5,0.00,0.00,0.00,0,0,0.00,0.00,0.00,0,0,0.00,0.00,0,0
1471822461,s1,0.00,107.00,107.00,107,0,0.00,1.00,1.00,1,0,0.00,0.00,0,0
1471822461,eth0,0.00,0.00,0.00,0,0,0.00,0.00,0.00,0,0,0.00,0.00,0,0
1471822461,s2,0.00,107.00,107.00,107,0,0.00,1.00,1.00,1,0,0.00,0.00,0,0
1471822461,s1-eth2,27299.00,1223348.00,1250647.00,1223348,27299,413.00,414.00,827.00,414,413,0.00,0.00,0,0
1471822461,s1-eth1,1223348.00,27299.00,1250647.00,27299,1223348,414.00,413.00,827.00,413,414,0.00,0.00,0,0
1471822461,s3,0.00,0.00,0.00,0,0,0.00,0.00,0.00,0,0,0.00,0.00,0,0
1471822461,s2-eth2,1223348.00,27299.00,1250647.00,27299,1223348,414.00,413.00,827.00,413,414,0.00,0.00,0,0
1471822461,s2-eth1,27299.00,1223348.00,1250647.00,1223348,27299,413.00,414.00,827.00,414,413,0.00,0.00,0,0
1471822461,lo,610.00,610.00,1220.00,610,610,6.00,6.00,12.00,6,6,0.00,0.00,0,0
1471822461,s4,0.00,0.00,0.00,0,0,0.00,0.00,0.00,0,0,0.00,0.00,0,0
1471822461,s3-eth2,1223690.00,27192.00,1250882.00,27192,1223690,415.00,412.00,827.00,412,415,0.00,0.00,0,0
1471822461,s3-eth1,27299.00,1223348.00,1250647.00,1223348,27299,413.00,414.00,827.00,414,413,0.00,0.00,0,0
1471822461,total,3752893.00,3752658.00,7505551.00,3752658,3752893,2488.00,2488.00,4976.00,2488,2488,0.00,0.00,0,0
1471822462,s5,0.00,0.00,0.00,0,0,0.00,0.00,0.00,0,0,0.00,0.00,0,0
1471822462,s1,0.00,107.00,107.00,107,0,0.00,1.00,1.00,1,0,0.00,0.00,0,0
1471822462,eth0,0.00,0.00,0.00,0,0,0.00,0.00,0.00,0,0,0.00,0.00,0,0
1471822462,s2,0.00,107.00,107.00,107,0,0.00,1.00,1.00,1,0,0.00,0.00,0,0
1471822462,s1-eth2,27274.00,1214420.00,1241694.00,1214420,27274,412.00,410.00,822.00,410,412,0.00,0.00,0,0
1471822462,s1-eth1,1214527.00,27233.00,1241760.00,27233,1214527,411.00,412.00,823.00,412,411,0.00,0.00,0,0
1471822462,s3,0.00,214.00,214.00,214,0,0.00,2.00,2.00,2,0,0.00,0.00,0,0
1471822462,s2-eth2,1214634.00,27060.00,1241694.00,27060,1214634,412.00,410.00,822.00,410,412,0.00,0.00,0,0
1471822462,s2-eth1,27233.00,1214527.00,1241760.00,1214527,27233,412.00,411.00,823.00,411,412,0.00,0.00,0,0
1471822462,lo,1220.00,1220.00,2440.00,1220,1220,12.00,12.00,24.00,12,12,0.00,0.00,0,0
1471822462,s4,0.00,0.00,0.00,0,0,0.00,0.00,0.00,0,0,0.00,0.00,0,0
1471822462,s3-eth2,1214741.00,27060.00,1241801.00,27060,1214741,413.00,410.00,823.00,410,413,0.00,0.00,0,0
1471822462,s3-eth1,27060.00,1214634.00,1241694.00,1214634,27060,410.00,412.00,822.00,412,410,0.00,0.00,0,0
1471822462,total,3726689.00,3726582.00,7453271.00,3726582,3726689,2482.00,2481.00,4963.00,2481,2482,0.00,0.00,0,0
1471822463,s5,0.00,0.00,0.00,0,0,0.00,0.00,0.00,0,0,0.00,0.00,0,0
1471822463,s1,0.00,0.00,0.00,0,0,0.00,0.00,0.00,0,0,0.00,0.00,0,0
1471822463,eth0,0.00,0.00,0.00,0,0,0.00,0.00,0.00,0,0,0.00,0.00,0,0
1471822463,s2,0.00,0.00,0.00,0,0,0.00,0.00,0.00,0,0,0.00,0.00,0,0
1471822463,s1-eth2,27192.00,1220344.00,1247536.00,1220344,27192,412.00,412.00,824.00,412,412,0.00,0.00,0,0
1471822463,s1-eth1,1220344.00,27192.00,1247536.00,27192,1220344,412.00,412.00,824.00,412,412,0.00,0.00,0,0
1471822463,s3,0.00,0.00,0.00,0,0,0.00,0.00,0.00,0,0,0.00,0.00,0,0
1471822463,s2-eth2,1220344.00,27192.00,1247536.00,27192,1220344,412.00,412.00,824.00,412,412,0.00,0.00,0,0
1471822463,s2-eth1,27192.00,1220344.00,1247536.00,1220344,27192,412.00,412.00,824.00,412,412,0.00,0.00,0,0
1471822463,lo,0.00,0.00,0.00,0,0,0.00,0.00,0.00,0,0,0.00,0.00,0,0
1471822463,s4,0.00,0.00,0.00,0,0,0.00,0.00,0.00,0,0,0.00,0.00,0,0
1471822463,s3-eth2,1220344.00,27258.00,1247602.00,27258,1220344,412.00,413.00,825.00,413,412,0.00,0.00,0,0
1471822463,s3-eth1,27192.00,1220344.00,1247536.00,1220344,27192,412.00,412.00,824.00,412,412,0.00,0.00,0,0
1471822463,total,3742608.00,3742674.00,7485282.00,3742674,3742608,2472.00,2473.00,4945.00,2473,2472,0.00,0.00,0,0
1471822464,s5,0.00,0.00,0.00,0,0,0.00,0.00,0.00,0,0,0.00,0.00,0,0
1471822464,s1,0.00,342.00,342.00,342,0,0.00,1.00,1.00,1,0,0.00,0.00,0,0
1471822464,eth0,0.00,0.00,0.00,0,0,0.00,0.00,0.00,0,0,0.00,0.00,0,0
1471822464,s2,0.00,342.00,342.00,342,0,0.00,1.00,1.00,1,0,0.00,0.00,0,0
1471822464,s1-eth2,27612.00,1208496.00,1236108.00,1208496,27612,410.00,408.00,818.00,408,410,0.00,0.00,0,0
1471822464,s1-eth1,1208496.00,27270.00,1235766.00,27270,1208496,408.00,409.00,817.00,409,408,0.00,0.00,0,0
1471822464,s3,0.00,0.00,0.00,0,0,0.00,0.00,0.00,0,0,0.00,0.00,0,0
1471822464,s2-eth2,1208496.00,27270.00,1235766.00,27270,1208496,408.00,409.00,817.00,409,408,0.00,0.00,0,0
1471822464,s2-eth1,27270.00,1208496.00,1235766.00,1208496,27270,409.00,408.00,817.00,408,409,0.00,0.00,0,0
1471822464,lo,652.00,652.00,1304.00,652,652,6.00,6.00,12.00,6,6,0.00,0.00,0,0
1471822464,s4,0.00,0.00,0.00,0,0,0.00,0.00,0.00,0,0,0.00,0.00,0,0
1471822464,s3-eth2,1208496.00,26928.00,1235424.00,26928,1208496,408.00,408.00,816.00,408,408,0.00,0.00,0,0
1471822464,s3-eth1,27270.00,1208496.00,1235766.00,1208496,27270,409.00,408.00,817.00,408,409,0.00,0.00,0,0
1471822464,total,3708292.00,3708292.00,7416584.00,3708292,3708292,2458.00,2458.00,4916.00,2458,2458,0.00,0.00,0,0
1471822465,s5,0.00,0.00,0.00,0,0,0.00,0.00,0.00,0,0,0.00,0.00,0,0
1471822465,s1,0.00,0.00,0.00,0,0,0.00,0.00,0.00,0,0,0.00,0.00,0,0
1471822465,eth0,0.00,0.00,0.00,0,0,0.00,0.00,0.00,0,0,0.00,0.00,0,0
1471822465,s2,0.00,0.00,0.00,0,0,0.00,0.00,0.00,0,0,0.00,0.00,0,0
1471822465,s1-eth2,27126.00,1217382.00,1244508.00,1217382,27126,411.00,411.00,822.00,411,411,0.00,0.00,0,0
1471822465,s1-eth1,1217382.00,27126.00,1244508.00,27126,1217382,411.00,411.00,822.00,411,411,0.00,0.00,0,0
1471822465,s3,0.00,0.00,0.00,0,0,0.00,0.00,0.00,0,0,0.00,0.00,0,0
1471822465,s2-eth2,1217382.00,27126.00,1244508.00,27126,1217382,411.00,411.00,822.00,411,411,0.00,0.00,0,0
1471822465,s2-eth1,27126.00,1217382.00,1244508.00,1217382,27126,411.00,411.00,822.00,411,411,0.00,0.00,0,0
1471822465,lo,344.00,344.00,688.00,344,344,6.00,6.00,12.00,6,6,0.00,0.00,0,0
1471822465,s4,0.00,0.00,0.00,0,0,0.00,0.00,0.00,0,0,0.00,0.00,0,0
1471822465,s3-eth2,1217382.00,27060.00,1244442.00,27060,1217382,411.00,410.00,821.00,410,411,0.00,0.00,0,0
1471822465,s3-eth1,27126.00,1217382.00,1244508.00,1217382,27126,411.00,411.00,822.00,411,411,0.00,0.00,0,0
1471822465,total,3733868.00,3733802.00,7467670.00,3733802,3733868,2472.00,2471.00,4943.00,2471,2472,0.00,0.00,0,0
1471822466,s5,0.00,0.00,0.00,0,0,0.00,0.00,0.00,0,0,0.00,0.00,0,0
1471822466,s1,0.00,0.00,0.00,0,0,0.00,0.00,0.00,0,0,0.00,0.00,0,0
1471822466,eth0,0.00,0.00,0.00,0,0,0.00,0.00,0.00,0,0,0.00,0.00,0,0
1471822466,s2,0.00,0.00,0.00,0,0,0.00,0.00,0.00,0,0,0.00,0.00,0,0
1471822466,s1-eth2,27060.00,1216994.00,1244054.00,1216994,27060,410.00,449.00,859.00,449,410,0.00,0.00,0,0
1471822466,s1-eth1,1216796.00,27060.00,1243856.00,27060,1216796,446.00,410.00,856.00,410,446,0.00,0.00,0,0
1471822466,s3,0.00,0.00,0.00,0,0,0.00,0.00,0.00,0,0,0.00,0.00,0,0
1471822466,s2-eth2,1216730.00,27060.00,1243790.00,27060,1216730,445.00,410.00,855.00,410,445,0.00,0.00,0,0
1471822466,s2-eth1,27060.00,1216796.00,1243856.00,1216796,27060,410.00,446.00,856.00,446,410,0.00,0.00,0,0
1471822466,lo,0.00,0.00,0.00,0,0,0.00,0.00,0.00,0,0,0.00,0.00,0,0
1471822466,s4,0.00,0.00,0.00,0,0,0.00,0.00,0.00,0,0,0.00,0.00,0,0
1471822466,s3-eth2,1216598.00,27060.00,1243658.00,27060,1216598,443.00,410.00,853.00,410,443,0.00,0.00,0,0
1471822466,s3-eth1,27060.00,1216730.00,1243790.00,1216730,27060,410.00,445.00,855.00,445,410,0.00,0.00,0,0
1471822466,total,3731304.00,3731700.00,7463004.00,3731700,3731304,2564.00,2570.00,5134.00,2570,2564,0.00,0.00,0,0
1471822467,s5,0.00,0.00,0.00,0,0,0.00,0.00,0.00,0,0,0.00,0.00,0,0
1471822467,s1,0.00,0.00,0.00,0,0,0.00,0.00,0.00,0,0,0.00,0.00,0,0
1471822467,eth0,0.00,0.00,0.00,0,0,0.00,0.00,0.00,0,0,0.00,0.00,0,0
1471822467,s2,0.00,0.00,0.00,0,0,0.00,0.00,0.00,0,0,0.00,0.00,0,0
1471822467,s1-eth2,27192.00,1219098.00,1246290.00,1219098,27192,412.00,437.00,849.00,437,412,0.00,0.00,0,0
1471822467,s1-eth1,1219296.00,27126.00,1246422.00,27126,1219296,440.00,411.00,851.00,411,440,0.00,0.00,0,0
1471822467,s3,0.00,0.00,0.00,0,0,0.00,0.00,0.00,0,0,0.00,0.00,0,0
1471822467,s2-eth2,1219362.00,27192.00,1246554.00,27192,1219362,441.00,412.00,853.00,412,441,0.00,0.00,0,0
1471822467,s2-eth1,27126.00,1219296.00,1246422.00,1219296,27126,411.00,440.00,851.00,440,411,0.00,0.00,0,0
1471822467,lo,172.00,172.00,344.00,172,172,3.00,3.00,6.00,3,3,0.00,0.00,0,0
1471822467,s4,0.00,0.00,0.00,0,0,0.00,0.00,0.00,0,0,0.00,0.00,0,0
1471822467,s3-eth2,1219494.00,27192.00,1246686.00,27192,1219494,443.00,412.00,855.00,412,443,0.00,0.00,0,0
1471822467,s3-eth1,27192.00,1219362.00,1246554.00,1219362,27192,412.00,441.00,853.00,441,412,0.00,0.00,0,0
1471822467,total,3739834.00,3739438.00,7479272.00,3739438,3739834,2562.00,2556.00,5118.00,2556,2562,0.00,0.00,0,0
1471822468,s5,0.00,0.00,0.00,0,0,0.00,0.00,0.00,0,0,0.00,0.00,0,0
1471822468,s1,0.00,0.00,0.00,0,0,0.00,0.00,0.00,0,0,0.00,0.00,0,0
1471822468,eth0,0.00,0.00,0.00,0,0,0.00,0.00,0.00,0,0,0.00,0.00,0,0
1471822468,s2,0.00,0.00,0.00,0,0,0.00,0.00,0.00,0,0,0.00,0.00,0,0
1471822468,s1-eth2,26928.00,1211458.00,1238386.00,1211458,26928,408.00,409.00,817.00,409,408,0.00,0.00,0,0
1471822468,s1-eth1,1211458.00,26994.00,1238452.00,26994,1211458,409.00,409.00,818.00,409,409,0.00,0.00,0,0
1471822468,s3,0.00,0.00,0.00,0,0,0.00,0.00,0.00,0,0,0.00,0.00,0,0
1471822468,s2-eth2,1211458.00,26928.00,1238386.00,26928,1211458,409.00,408.00,817.00,408,409,0.00,0.00,0,0
1471822468,s2-eth1,26994.00,1211458.00,1238452.00,1211458,26994,409.00,409.00,818.00,409,409,0.00,0.00,0,0
1471822468,lo,0.00,0.00,0.00,0,0,0.00,0.00,0.00,0,0,0.00,0.00,0,0
1471822468,s4,0.00,0.00,0.00,0,0,0.00,0.00,0.00,0,0,0.00,0.00,0,0
1471822468,s3-eth2,1211458.00,26994.00,1238452.00,26994,1211458,409.00,409.00,818.00,409,409,0.00,0.00,0,0
1471822468,s3-eth1,26928.00,1211458.00,1238386.00,1211458,26928,408.00,409.00,817.00,409,408,0.00,0.00,0,0
1471822468,total,3715224.00,3715290.00,7430514.00,3715290,3715224,2452.00,2453.00,4905.00,2453,2452,0.00,0.00,0,0
1471822469,s5,0.00,0.00,0.00,0,0,0.00,0.00,0.00,0,0,0.00,0.00,0,0
1471822469,s1,0.00,0.00,0.00,0,0,0.00,0.00,0.00,0,0,0.00,0.00,0,0
1471822469,eth0,0.00,0.00,0.00,0,0,0.00,0.00,0.00,0,0,0.00,0.00,0,0
1471822469,s2,0.00,0.00,0.00,0,0,0.00,0.00,0.00,0,0,0.00,0.00,0,0
1471822469,s1-eth2,27258.00,1223306.00,1250564.00,1223306,27258,413.00,413.00,826.00,413,413,0.00,0.00,0,0
1471822469,s1-eth1,1223306.00,27258.00,1250564.00,27258,1223306,413.00,413.00,826.00,413,413,0.00,0.00,0,0
1471822469,s3,0.00,0.00,0.00,0,0,0.00,0.00,0.00,0,0,0.00,0.00,0,0
1471822469,s2-eth2,1223306.00,27258.00,1250564.00,27258,1223306,413.00,413.00,826.00,413,413,0.00,0.00,0,0
1471822469,s2-eth1,27258.00,1223306.00,1250564.00,1223306,27258,413.00,413.00,826.00,413,413,0.00,0.00,0,0
1471822469,lo,344.00,344.00,688.00,344,344,6.00,6.00,12.00,6,6,0.00,0.00,0,0
1471822469,s4,0.00,0.00,0.00,0,0,0.00,0.00,0.00,0,0,0.00,0.00,0,0
1471822469,s3-eth2,1223306.00,27258.00,1250564.00,27258,1223306,413.00,413.00,826.00,413,413,0.00,0.00,0,0
1471822469,s3-eth1,27258.00,1223306.00,1250564.00,1223306,27258,413.00,413.00,826.00,413,413,0.00,0.00,0,0
1471822469,total,3752036.00,3752036.00,7504072.00,3752036,3752036,2484.00,2484.00,4968.00,2484,2484,0.00,0.00,0,0
1471822470,s5,0.00,0.00,0.00,0,0,0.00,0.00,0.00,0,0,0.00,0.00,0,0
1471822470,s1,0.00,0.00,0.00,0,0,0.00,0.00,0.00,0,0,0.00,0.00,0,0
1471822470,eth0,0.00,0.00,0.00,0,0,0.00,0.00,0.00,0,0,0.00,0.00,0,0
1471822470,s2,0.00,0.00,0.00,0,0,0.00,0.00,0.00,0,0,0.00,0.00,0,0
1471822470,s1-eth2,26994.00,1211458.00,1238452.00,1211458,26994,409.00,409.00,818.00,409,409,0.00,0.00,0,0
1471822470,s1-eth1,1211458.00,26928.00,1238386.00,26928,1211458,409.00,408.00,817.00,408,409,0.00,0.00,0,0
1471822470,s3,0.00,0.00,0.00,0,0,0.00,0.00,0.00,0,0,0.00,0.00,0,0
1471822470,s2-eth2,1208496.00,26994.00,1235490.00,26994,1208496,408.00,409.00,817.00,409,408,0.00,0.00,0,0
1471822470,s2-eth1,26928.00,1211458.00,1238386.00,1211458,26928,408.00,409.00,817.00,409,408,0.00,0.00,0,0
1471822470,lo,344.00,344.00,688.00,344,344,6.00,6.00,12.00,6,6,0.00,0.00,0,0
1471822470,s4,0.00,0.00,0.00,0,0,0.00,0.00,0.00,0,0,0.00,0.00,0,0
1471822470,s3-eth2,1208496.00,26928.00,1235424.00,26928,1208496,408.00,408.00,816.00,408,408,0.00,0.00,0,0
1471822470,s3-eth1,26994.00,1208496.00,1235490.00,1208496,26994,409.00,408.00,817.00,408,409,0.00,0.00,0,0
1471822470,total,3709710.00,3712606.00,7422316.00,3712606,3709710,2457.00,2457.00,4914.00,2457,2457,0.00,0.00,0,0
1471822471,s5,0.00,0.00,0.00,0,0,0.00,0.00,0.00,0,0,0.00,0.00,0,0
1471822471,s1,0.00,0.00,0.00,0,0,0.00,0.00,0.00,0,0,0.00,0.00,0,0
1471822471,eth0,0.00,0.00,0.00,0,0,0.00,0.00,0.00,0,0,0.00,0.00,0,0
1471822471,s2,0.00,0.00,0.00,0,0,0.00,0.00,0.00,0,0,0.00,0.00,0,0
1471822471,s1-eth2,27060.00,1217382.00,1244442.00,1217382,27060,410.00,411.00,821.00,411,410,0.00,0.00,0,0
1471822471,s1-eth1,1214420.00,27126.00,1241546.00,27126,1214420,410.00,411.00,821.00,411,410,0.00,0.00,0,0
1471822471,s3,0.00,0.00,0.00,0,0,0.00,0.00,0.00,0,0,0.00,0.00,0,0
1471822471,s2-eth2,1217382.00,27060.00,1244442.00,27060,1217382,411.00,410.00,821.00,410,411,0.00,0.00,0,0
1471822471,s2-eth1,27126.00,1214420.00,1241546.00,1214420,27126,411.00,410.00,821.00,410,411,0.00,0.00,0,0
1471822471,lo,0.00,0.00,0.00,0,0,0.00,0.00,0.00,0,0,0.00,0.00,0,0
1471822471,s4,0.00,0.00,0.00,0,0,0.00,0.00,0.00,0,0,0.00,0.00,0,0
1471822471,s3-eth2,1217724.00,27060.00,1244784.00,27060,1217724,412.00,410.00,822.00,410,412,0.00,0.00,0,0
1471822471,s3-eth1,27060.00,1217382.00,1244442.00,1217382,27060,410.00,411.00,821.00,411,410,0.00,0.00,0,0
1471822471,total,3730772.00,3730430.00,7461202.00,3730430,3730772,2464.00,2463.00,4927.00,2463,2464,0.00,0.00,0,0
1471822472,s5,0.00,0.00,0.00,0,0,0.00,0.00,0.00,0,0,0.00,0.00,0,0
1471822472,s1,0.00,0.00,0.00,0,0,0.00,0.00,0.00,0,0,0.00,0.00,0,0
1471822472,eth0,0.00,0.00,0.00,0,0,0.00,0.00,0.00,0,0,0.00,0.00,0,0
1471822472,s2,0.00,0.00,0.00,0,0,0.00,0.00,0.00,0,0,0.00,0.00,0,0
1471822472,s1-eth2,27192.00,1220344.00,1247536.00,1220344,27192,412.00,412.00,824.00,412,412,0.00,0.00,0,0
1471822472,s1-eth1,1220344.00,27192.00,1247536.00,27192,1220344,412.00,412.00,824.00,412,412,0.00,0.00,0,0
1471822472,s3,0.00,0.00,0.00,0,0,0.00,0.00,0.00,0,0,0.00,0.00,0,0
1471822472,s2-eth2,1220344.00,27192.00,1247536.00,27192,1220344,412.00,412.00,824.00,412,412,0.00,0.00,0,0
1471822472,s2-eth1,27192.00,1220344.00,1247536.00,1220344,27192,412.00,412.00,824.00,412,412,0.00,0.00,0,0
1471822472,lo,172.00,172.00,344.00,172,172,3.00,3.00,6.00,3,3,0.00,0.00,0,0
1471822472,s4,0.00,0.00,0.00,0,0,0.00,0.00,0.00,0,0,0.00,0.00,0,0
1471822472,s3-eth2,1220344.00,27258.00,1247602.00,27258,1220344,412.00,413.00,825.00,413,412,0.00,0.00,0,0
1471822472,s3-eth1,27192.00,1220344.00,1247536.00,1220344,27192,412.00,412.00,824.00,412,412,0.00,0.00,0,0
1471822472,total,3742780.00,3742846.00,7485626.00,3742846,3742780,2475.00,2476.00,4951.00,2476,2475,0.00,0.00,0,0
1471822473,s5,0.00,0.00,0.00,0,0,0.00,0.00,0.00,0,0,0.00,0.00,0,0
1471822473,s1,0.00,0.00,0.00,0,0,0.00,0.00,0.00,0,0,0.00,0.00,0,0
1471822473,eth0,0.00,0.00,0.00,0,0,0.00,0.00,0.00,0,0,0.00,0.00,0,0
1471822473,s2,0.00,342.00,342.00,342,0,0.00,1.00,1.00,1,0,0.00,0.00,0,0
1471822473,s1-eth2,26928.00,1208496.00,1235424.00,1208496,26928,408.00,408.00,816.00,408,408,0.00,0.00,0,0
1471822473,s1-eth1,1208838.00,26862.00,1235700.00,26862,1208838,409.00,407.00,816.00,407,409,0.00,0.00,0,0
1471822473,s3,0.00,342.00,342.00,342,0,0.00,1.00,1.00,1,0,0.00,0.00,0,0
1471822473,s2-eth2,1208838.00,26928.00,1235766.00,26928,1208838,409.00,408.00,817.00,408,409,0.00,0.00,0,0
1471822473,s2-eth1,26862.00,1208838.00,1235700.00,1208838,26862,407.00,409.00,816.00,409,407,0.00,0.00,0,0
1471822473,lo,652.00,652.00,1304.00,652,652,6.00,6.00,12.00,6,6,0.00,0.00,0,0
1471822473,s4,0.00,0.00,0.00,0,0,0.00,0.00,0.00,0,0,0.00,0.00,0,0
1471822473,s3-eth2,1208838.00,26862.00,1235700.00,26862,1208838,409.00,407.00,816.00,407,409,0.00,0.00,0,0
1471822473,s3-eth1,26928.00,1208838.00,1235766.00,1208838,26928,408.00,409.00,817.00,409,408,0.00,0.00,0,0
1471822473,total,3707884.00,3708160.00,7416044.00,3708160,3707884,2456.00,2456.00,4912.00,2456,2456,0.00,0.00,0,0
1471822474,s5,0.00,0.00,0.00,0,0,0.00,0.00,0.00,0,0,0.00,0.00,0,0
1471822474,s1,0.00,0.00,0.00,0,0,0.00,0.00,0.00,0,0,0.00,0.00,0,0
1471822474,eth0,0.00,0.00,0.00,0,0,0.00,0.00,0.00,0,0,0.00,0.00,0,0
1471822474,s2,0.00,0.00,0.00,0,0,0.00,0.00,0.00,0,0,0.00,0.00,0,0
1471822474,s1-eth2,27060.00,1217382.00,1244442.00,1217382,27060,410.00,411.00,821.00,411,410,0.00,0.00,0,0
1471822474,s1-eth1,1214420.00,27060.00,1241480.00,27060,1214420,410.00,410.00,820.00,410,410,0.00,0.00,0,0
1471822474,s3,0.00,0.00,0.00,0,0,0.00,0.00,0.00,0,0,0.00,0.00,0,0
1471822474,s2-eth2,1214420.00,27060.00,1241480.00,27060,1214420,410.00,410.00,820.00,410,410,0.00,0.00,0,0
1471822474,s2-eth1,27060.00,1214420.00,1241480.00,1214420,27060,410.00,410.00,820.00,410,410,0.00,0.00,0,0
1471822474,lo,172.00,172.00,344.00,172,172,3.00,3.00,6.00,3,3,0.00,0.00,0,0
1471822474,s4,0.00,0.00,0.00,0,0,0.00,0.00,0.00,0,0,0.00,0.00,0,0
1471822474,s3-eth2,1214420.00,27060.00,1241480.00,27060,1214420,410.00,410.00,820.00,410,410,0.00,0.00,0,0
1471822474,s3-eth1,27060.00,1214420.00,1241480.00,1214420,27060,410.00,410.00,820.00,410,410,0.00,0.00,0,0
1471822474,total,3724612.00,3727574.00,7452186.00,3727574,3724612,2463.00,2464.00,4927.00,2464,2463,0.00,0.00,0,0
1471822475,s5,0.00,0.00,0.00,0,0,0.00,0.00,0.00,0,0,0.00,0.00,0,0
1471822475,s1,0.00,0.00,0.00,0,0,0.00,0.00,0.00,0,0,0.00,0.00,0,0
1471822475,eth0,0.00,0.00,0.00,0,0,0.00,0.00,0.00,0,0,0.00,0.00,0,0
1471822475,s2,0.00,0.00,0.00,0,0,0.00,0.00,0.00,0,0,0.00,0.00,0,0
1471822475,s1-eth2,26136.00,1169990.00,1196126.00,1169990,26136,396.00,395.00,791.00,395,396,0.00,0.00,0,0
1471822475,s1-eth1,1172952.00,26136.00,1199088.00,26136,1172952,396.00,396.00,792.00,396,396,0.00,0.00,0,0
1471822475,s3,0.00,0.00,0.00,0,0,0.00,0.00,0.00,0,0,0.00,0.00,0,0
1471822475,s2-eth2,1172952.00,26136.00,1199088.00,26136,1172952,396.00,396.00,792.00,396,396,0.00,0.00,0,0
1471822475,s2-eth1,26136.00,1172952.00,1199088.00,1172952,26136,396.00,396.00,792.00,396,396,0.00,0.00,0,0
1471822475,lo,344.00,344.00,688.00,344,344,6.00,6.00,12.00,6,6,0.00,0.00,0,0
1471822475,s4,0.00,0.00,0.00,0,0,0.00,0.00,0.00,0,0,0.00,0.00,0,0
1471822475,s3-eth2,1172952.00,26136.00,1199088.00,26136,1172952,396.00,396.00,792.00,396,396,0.00,0.00,0,0
1471822475,s3-eth1,26136.00,1172952.00,1199088.00,1172952,26136,396.00,396.00,792.00,396,396,0.00,0.00,0,0
1471822475,total,3597608.00,3594646.00,7192254.00,3594646,3597608,2382.00,2381.00,4763.00,2381,2382,0.00,0.00,0,0
1471822476,s5,0.00,0.00,0.00,0,0,0.00,0.00,0.00,0,0,0.00,0.00,0,0
1471822476,s1,0.00,0.00,0.00,0,0,0.00,0.00,0.00,0,0,0.00,0.00,0,0
1471822476,eth0,0.00,0.00,0.00,0,0,0.00,0.00,0.00,0,0,0.00,0.00,0,0
1471822476,s2,0.00,0.00,0.00,0,0,0.00,0.00,0.00,0,0,0.00,0.00,0,0
1471822476,s1-eth2,26994.00,1215814.00,1242808.00,1215814,26994,409.00,475.00,884.00,475,409,0.00,0.00,0,0
1471822476,s1-eth1,1218776.00,26994.00,1245770.00,26994,1218776,476.00,409.00,885.00,409,476,0.00,0.00,0,0
1471822476,s3,0.00,0.00,0.00,0,0,0.00,0.00,0.00,0,0,0.00,0.00,0,0
1471822476,s2-eth2,1215814.00,26994.00,1242808.00,26994,1215814,475.00,409.00,884.00,409,475,0.00,0.00,0,0
1471822476,s2-eth1,26994.00,1218776.00,1245770.00,1218776,26994,409.00,476.00,885.00,476,409,0.00,0.00,0,0
1471822476,lo,0.00,0.00,0.00,0,0,0.00,0.00,0.00,0,0,0.00,0.00,0,0
1471822476,s4,0.00,0.00,0.00,0,0,0.00,0.00,0.00,0,0,0.00,0.00,0,0
1471822476,s3-eth2,1218776.00,27060.00,1245836.00,27060,1218776,476.00,410.00,886.00,410,476,0.00,0.00,0,0
1471822476,s3-eth1,26994.00,1215814.00,1242808.00,1215814,26994,409.00,475.00,884.00,475,409,0.00,0.00,0,0
1471822476,total,3734348.00,3731452.00,7465800.00,3731452,3734348,2654.00,2654.00,5308.00,2654,2654,0.00,0.00,0,0
1471822477,s5,0.00,0.00,0.00,0,0,0.00,0.00,0.00,0,0,0.00,0.00,0,0
1471822477,s1,0.00,0.00,0.00,0,0,0.00,0.00,0.00,0,0,0.00,0.00,0,0
1471822477,eth0,0.00,0.00,0.00,0,0,0.00,0.00,0.00,0,0,0.00,0.00,0,0
1471822477,s2,0.00,0.00,0.00,0,0,0.00,0.00,0.00,0,0,0.00,0.00,0,0
1471822477,s1-eth2,27324.00,1223306.00,1250630.00,1223306,27324,414.00,413.00,827.00,413,414,0.00,0.00,0,0
1471822477,s1-eth1,1223306.00,27390.00,1250696.00,27390,1223306,413.00,415.00,828.00,415,413,0.00,0.00,0,0
1471822477,s3,0.00,0.00,0.00,0,0,0.00,0.00,0.00,0,0,0.00,0.00,0,0
1471822477,s2-eth2,1223306.00,27324.00,1250630.00,27324,1223306,413.00,414.00,827.00,414,413,0.00,0.00,0,0
1471822477,s2-eth1,27390.00,1223306.00,1250696.00,1223306,27390,415.00,413.00,828.00,413,415,0.00,0.00,0,0
1471822477,lo,0.00,0.00,0.00,0,0,0.00,0.00,0.00,0,0,0.00,0.00,0,0
1471822477,s4,0.00,0.00,0.00,0,0,0.00,0.00,0.00,0,0,0.00,0.00,0,0
1471822477,s3-eth2,1223306.00,27258.00,1250564.00,27258,1223306,413.00,413.00,826.00,413,413,0.00,0.00,0,0
1471822477,s3-eth1,27324.00,1223306.00,1250630.00,1223306,27324,414.00,413.00,827.00,413,414,0.00,0.00,0,0
1471822477,total,3751956.00,3751890.00,7503846.00,3751890,3751956,2482.00,2481.00,4963.00,2481,2482,0.00,0.00,0,0
1471822478,s5,0.00,0.00,0.00,0,0,0.00,0.00,0.00,0,0,0.00,0.00,0,0
1471822478,s1,0.00,1280.00,1280.00,1280,0,0.00,8.00,8.00,8,0,0.00,0.00,0,0
1471822478,eth0,609.00,884.00,1493.00,884,609,8.00,8.00,16.00,8,8,0.00,0.00,0,0
1471822478,s2,0.00,1260.00,1260.00,1260,0,0.00,8.00,8.00,8,0,0.00,0.00,0,0
1471822478,s1-eth2,27054.00,1125560.00,1152614.00,1125560,27054,393.00,380.00,773.00,380,393,0.00,0.00,0,0
1471822478,s1-eth1,1129142.00,26492.00,1155634.00,26492,1129142,385.00,390.00,775.00,390,385,0.00,0.00,0,0
1471822478,s3,0.00,1240.00,1240.00,1240,0,0.00,8.00,8.00,8,0,0.00,0.00,0,0
1471822478,s2-eth2,1132724.00,25852.00,1158576.00,25852,1132724,390.00,386.00,776.00,386,390,0.00,0.00,0,0
1471822478,s2-eth1,26492.00,1129142.00,1155634.00,1129142,26492,390.00,385.00,775.00,385,390,0.00,0.00,0,0
1471822478,lo,8251.00,8251.00,16502.00,8251,8251,83.00,83.00,166.00,83,83,0.00,0.00,0,0
1471822478,s4,0.00,0.00,0.00,0,0,0.00,0.00,0.00,0,0,0.00,0.00,0,0
1471822478,s3-eth2,1133364.00,25278.00,1158642.00,25278,1133364,394.00,383.00,777.00,383,394,0.00,0.00,0,0
1471822478,s3-eth1,25852.00,1132724.00,1158576.00,1132724,25852,386.00,390.00,776.00,390,386,0.00,0.00,0,0
1471822478,total,3483488.00,3477963.00,6961451.00,3477963,3483488,2429.00,2429.00,4858.00,2429,2429,0.00,0.00,0,0
1471822479,s5,0.00,0.00,0.00,0,0,0.00,0.00,0.00,0,0,0.00,0.00,0,0
1471822479,s1,0.00,2523.00,2523.00,2523,0,0.00,17.00,17.00,17,0,0.00,0.00,0,0
1471822479,eth0,1218.00,1768.00,2986.00,1768,1218,16.00,16.00,32.00,16,16,0.00,0.00,0,0
1471822479,s2,0.00,2088.00,2088.00,2088,0,0.00,15.00,15.00,15,0,0.00,0.00,0,0
1471822479,s1-eth2,29595.00,1211458.00,1241053.00,1211458,29595,427.00,409.00,836.00,409,427,0.00,0.00,0,0
1471822479,s1-eth1,1212457.00,29517.00,1241974.00,29517,1212457,416.00,426.00,842.00,426,416,0.00,0.00,0,0
1471822479,s3,0.00,1998.00,1998.00,1998,0,0.00,14.00,14.00,14,0,0.00,0.00,0,0
1471822479,s2-eth2,1213456.00,28083.00,1241539.00,28083,1213456,423.00,417.00,840.00,417,423,0.00,0.00,0,0
1471822479,s2-eth1,29517.00,1212457.00,1241974.00,1212457,29517,426.00,416.00,842.00,416,426,0.00,0.00,0,0
1471822479,lo,15006.00,15006.00,30012.00,15006,15006,145.00,145.00,290.00,145,145,0.00,0.00,0,0
1471822479,s4,0.00,0.00,0.00,0,0,0.00,0.00,0.00,0,0,0.00,0.00,0,0
1471822479,s3-eth2,1214800.00,26928.00,1241728.00,26928,1214800,431.00,408.00,839.00,408,431,0.00,0.00,0,0
1471822479,s3-eth1,28083.00,1213456.00,1241539.00,1213456,28083,417.00,423.00,840.00,423,417,0.00,0.00,0,0
1471822479,total,3744132.00,3745282.00,7489414.00,3745282,3744132,2701.00,2706.00,5407.00,2706,2701,0.00,0.00,0,0
1471822480,s5,0.00,0.00,0.00,0,0,0.00,0.00,0.00,0,0,0.00,0.00,0,0
1471822480,s1,0.00,2619.00,2619.00,2619,0,0.00,10.00,10.00,10,0,0.00,0.00,0,0
1471822480,eth0,305.00,394.00,699.00,394,305,4.00,4.00,8.00,4,4,0.00,0.00,0,0
1471822480,s2,0.00,3396.00,3396.00,3396,0,0.00,13.00,13.00,13,0,0.00,0.00,0,0
1471822480,s1-eth2,31929.00,1208496.00,1240425.00,1208496,31929,429.00,408.00,837.00,408,429,0.00,0.00,0,0
1471822480,s1-eth1,1207277.00,29415.00,1236692.00,29415,1207277,414.00,416.00,830.00,416,414,0.00,0.00,0,0
1471822480,s3,0.00,3299.00,3299.00,3299,0,0.00,13.00,13.00,13,0,0.00,0.00,0,0
1471822480,s2-eth2,1208833.00,28515.00,1237348.00,28515,1208833,420.00,413.00,833.00,413,420,0.00,0.00,0,0
1471822480,s2-eth1,29415.00,1207277.00,1236692.00,1207277,29415,416.00,414.00,830.00,414,416,0.00,0.00,0,0
1471822480,lo,12025.00,12025.00,24050.00,12025,12025,115.00,115.00,230.00,115,115,0.00,0.00,0,0
1471822480,s4,0.00,0.00,0.00,0,0,0.00,0.00,0.00,0,0,0.00,0.00,0,0
1471822480,s3-eth2,1210231.00,26862.00,1237093.00,26862,1210231,426.00,407.00,833.00,407,426,0.00,0.00,0,0
1471822480,s3-eth1,28515.00,1208833.00,1237348.00,1208833,28515,413.00,420.00,833.00,420,413,0.00,0.00,0,0
1471822480,total,3728530.00,3731131.00,7459661.00,3731131,3728530,2637.00,2633.00,5270.00,2633,2637,0.00,0.00,0,0
1471822481,s5,0.00,0.00,0.00,0,0,0.00,0.00,0.00,0,0,0.00,0.00,0,0
1471822481,s1,0.00,996.00,996.00,996,0,0.00,3.00,3.00,3,0,0.00,0.00,0,0
1471822481,eth0,152.00,245.00,397.00,245,152,2.00,2.00,4.00,2,2,0.00,0.00,0,0
1471822481,s2,0.00,654.00,654.00,654,0,0.00,2.00,2.00,2,0,0.00,0.00,0,0
1471822481,s1-eth2,28350.00,1214420.00,1242770.00,1214420,28350,415.00,410.00,825.00,410,415,0.00,0.00,0,0
1471822481,s1-eth1,1214747.00,28056.00,1242803.00,28056,1214747,411.00,413.00,824.00,413,411,0.00,0.00,0,0
1471822481,s3,0.00,841.00,841.00,841,0,0.00,3.00,3.00,3,0,0.00,0.00,0,0
1471822481,s2-eth2,1215261.00,27321.00,1242582.00,27321,1215261,413.00,410.00,823.00,410,413,0.00,0.00,0,0
1471822481,s2-eth1,28056.00,1214747.00,1242803.00,1214747,28056,413.00,411.00,824.00,411,413,0.00,0.00,0,0
1471822481,lo,2949.00,2949.00,5898.00,2949,2949,28.00,28.00,56.00,28,28,0.00,0.00,0,0
1471822481,s4,0.00,0.00,0.00,0,0,0.00,0.00,0.00,0,0,0.00,0.00,0,0
1471822481,s3-eth2,1215588.00,27060.00,1242648.00,27060,1215588,414.00,410.00,824.00,410,414,0.00,0.00,0,0
1471822481,s3-eth1,27321.00,1215261.00,1242582.00,1215261,27321,410.00,413.00,823.00,413,410,0.00,0.00,0,0
1471822481,total,3732424.00,3732550.00,7464974.00,3732550,3732424,2506.00,2505.00,5011.00,2505,2506,0.00,0.00,0,0
1471822482,s5,0.00,0.00,0.00,0,0,0.00,0.00,0.00,0,0,0.00,0.00,0,0
1471822482,s1,0.00,748.00,748.00,748,0,0.00,4.00,4.00,4,0,0.00,0.00,0,0
1471822482,eth0,0.00,0.00,0.00,0,0,0.00,0.00,0.00,0,0,0.00,0.00,0,0
1471822482,s2,0.00,748.00,748.00,748,0,0.00,4.00,4.00,4,0,0.00,0.00,0,0
1471822482,s1-eth2,28135.00,1222002.00,1250137.00,1222002,28135,415.00,481.00,896.00,481,415,0.00,0.00,0,0
1471822482,s1-eth1,1219414.00,27808.00,1247222.00,27808,1219414,482.00,414.00,896.00,414,482,0.00,0.00,0,0
1471822482,s3,0.00,481.00,481.00,481,0,0.00,3.00,3.00,3,0,0.00,0.00,0,0
1471822482,s2-eth2,1219521.00,27434.00,1246955.00,27434,1219521,483.00,412.00,895.00,412,483,0.00,0.00,0,0
1471822482,s2-eth1,27808.00,1219414.00,1247222.00,1219414,27808,414.00,482.00,896.00,482,414,0.00,0.00,0,0
1471822482,lo,3408.00,3408.00,6816.00,3408,3408,32.00,32.00,64.00,32,32,0.00,0.00,0,0
1471822482,s4,0.00,0.00,0.00,0,0,0.00,0.00,0.00,0,0,0.00,0.00,0,0
1471822482,s3-eth2,1216933.00,27060.00,1243993.00,27060,1216933,484.00,410.00,894.00,410,484,0.00,0.00,0,0
1471822482,s3-eth1,27434.00,1219521.00,1246955.00,1219521,27434,412.00,483.00,895.00,483,412,0.00,0.00,0,0
1471822482,total,3742653.00,3748624.00,7491277.00,3748624,3742653,2722.00,2725.00,5447.00,2725,2722,0.00,0.00,0,0
1471822483,s5,0.00,0.00,0.00,0,0,0.00,0.00,0.00,0,0,0.00,0.00,0,0
1471822483,s1,0.00,794.00,794.00,794,0,0.00,4.00,4.00,4,0,0.00,0.00,0,0
1471822483,eth0,60.00,60.00,120.00,60,60,1.00,1.00,2.00,1,1,0.00,0.00,0,0
1471822483,s2,0.00,1136.00,1136.00,1136,0,0.00,5.00,5.00,5,0,0.00,0.00,0,0
1471822483,s1-eth2,28162.00,1214420.00,1242582.00,1214420,28162,415.00,410.00,825.00,410,415,0.00,0.00,0,0
1471822483,s1-eth1,1215159.00,27854.00,1243013.00,27854,1215159,413.00,414.00,827.00,414,413,0.00,0.00,0,0
1471822483,s3,0.00,1403.00,1403.00,1403,0,0.00,6.00,6.00,6,0,0.00,0.00,0,0
1471822483,s2-eth2,1215823.00,27457.00,1243280.00,27457,1215823,416.00,412.00,828.00,412,416,0.00,0.00,0,0
1471822483,s2-eth1,27854.00,1215159.00,1243013.00,1215159,27854,414.00,413.00,827.00,413,414,0.00,0.00,0,0
1471822483,lo,4490.00,4490.00,8980.00,4490,4490,44.00,44.00,88.00,44,44,0.00,0.00,0,0
1471822483,s4,0.00,0.00,0.00,0,0,0.00,0.00,0.00,0,0,0.00,0.00,0,0
1471822483,s3-eth2,1216562.00,27060.00,1243622.00,27060,1216562,419.00,410.00,829.00,410,419,0.00,0.00,0,0
1471822483,s3-eth1,27457.00,1215823.00,1243280.00,1215823,27457,412.00,416.00,828.00,416,412,0.00,0.00,0,0
1471822483,total,3735567.00,3735656.00,7471223.00,3735656,3735567,2534.00,2535.00,5069.00,2535,2534,0.00,0.00,0,0
1471822484,s5,0.00,0.00,0.00,0,0,0.00,0.00,0.00,0,0,0.00,0.00,0,0
1471822484,s1,0.00,342.00,342.00,342,0,0.00,1.00,1.00,1,0,0.00,0.00,0,0
1471822484,eth0,0.00,0.00,0.00,0,0,0.00,0.00,0.00,0,0,0.00,0.00,0,0
1471822484,s2,0.00,0.00,0.00,0,0,0.00,0.00,0.00,0,0,0.00,0.00,0,0
1471822484,s1-eth2,28207.00,1217382.00,1245589.00,1217382,28207,415.00,411.00,826.00,411,415,0.00,0.00,0,0
1471822484,s1-eth1,1217382.00,27468.00,1244850.00,27468,1217382,411.00,412.00,823.00,412,411,0.00,0.00,0,0
1471822484,s3,0.00,0.00,0.00,0,0,0.00,0.00,0.00,0,0,0.00,0.00,0,0
1471822484,s2-eth2,1217382.00,27192.00,1244574.00,27192,1217382,411.00,412.00,823.00,412,411,0.00,0.00,0,0
1471822484,s2-eth1,27468.00,1217382.00,1244850.00,1217382,27468,412.00,411.00,823.00,411,412,0.00,0.00,0,0
1471822484,lo,326.00,326.00,652.00,326,326,3.00,3.00,6.00,3,3,0.00,0.00,0,0
1471822484,s4,0.00,0.00,0.00,0,0,0.00,0.00,0.00,0,0,0.00,0.00,0,0
1471822484,s3-eth2,1217382.00,27126.00,1244508.00,27126,1217382,411.00,411.00,822.00,411,411,0.00,0.00,0,0
1471822484,s3-eth1,27192.00,1217382.00,1244574.00,1217382,27192,412.00,411.00,823.00,411,412,0.00,0.00,0,0
1471822484,total,3735339.00,3734600.00,7469939.00,3734600,3735339,2475.00,2472.00,4947.00,2472,2475,0.00,0.00,0,0
1471822485,s5,0.00,0.00,0.00,0,0,0.00,0.00,0.00,0,0,0.00,0.00,0,0
1471822485,s1,0.00,342.00,342.00,342,0,0.00,1.00,1.00,1,0,0.00,0.00,0,0
1471822485,eth0,0.00,0.00,0.00,0,0,0.00,0.00,0.00,0,0,0.00,0.00,0,0
1471822485,s2,0.00,342.00,342.00,342,0,0.00,1.00,1.00,1,0,0.00,0.00,0,0
1471822485,s1-eth2,27270.00,1208496.00,1235766.00,1208496,27270,409.00,408.00,817.00,408,409,0.00,0.00,0,0
1471822485,s1-eth1,1208496.00,27270.00,1235766.00,27270,1208496,408.00,409.00,817.00,409,408,0.00,0.00,0,0
1471822485,s3,0.00,0.00,0.00,0,0,0.00,0.00,0.00,0,0,0.00,0.00,0,0
1471822485,s2-eth2,1208496.00,27204.00,1235700.00,27204,1208496,408.00,408.00,816.00,408,408,0.00,0.00,0,0
1471822485,s2-eth1,27270.00,1208496.00,1235766.00,1208496,27270,409.00,408.00,817.00,408,409,0.00,0.00,0,0
1471822485,lo,996.00,996.00,1992.00,996,996,12.00,12.00,24.00,12,12,0.00,0.00,0,0
1471822485,s4,0.00,0.00,0.00,0,0,0.00,0.00,0.00,0,0,0.00,0.00,0,0
1471822485,s3-eth2,1208496.00,26862.00,1235358.00,26862,1208496,408.00,407.00,815.00,407,408,0.00,0.00,0,0
1471822485,s3-eth1,27204.00,1208496.00,1235700.00,1208496,27204,408.00,408.00,816.00,408,408,0.00,0.00,0,0
1471822485,total,3708228.00,3708504.00,7416732.00,3708504,3708228,2462.00,2462.00,4924.00,2462,2462,0.00,0.00,0,0
1471822486,s5,0.00,0.00,0.00,0,0,0.00,0.00,0.00,0,0,0.00,0.00,0,0
1471822486,s1,0.00,214.00,214.00,214,0,0.00,2.00,2.00,2,0,0.00,0.00,0,0
1471822486,eth0,0.00,0.00,0.00,0,0,0.00,0.00,0.00,0,0,0.00,0.00,0,0
1471822486,s2,0.00,214.00,214.00,214,0,0.00,2.00,2.00,2,0,0.00,0.00,0,0
1471822486,s1-eth2,27538.00,1223306.00,1250844.00,1223306,27538,416.00,413.00,829.00,413,416,0.00,0.00,0,0
1471822486,s1-eth1,1222190.88,27444.56,1249635.38,27472,1223413,413.59,414.59,828.17,415,414,0.00,0.00,0,0
1471822486,s3,0.00,213.79,213.79,214,0,0.00,2.00,2.00,2,0,0.00,0.00,0,0
1471822486,s2-eth2,1222297.75,27337.66,1249635.38,27365,1223520,414.59,413.59,828.17,414,415,0.00,0.00,0,0
1471822486,s2-eth1,27444.56,1222190.88,1249635.38,1223413,27472,414.59,413.59,828.17,414,415,0.00,0.00,0,0
1471822486,lo,1828.17,1828.17,3656.34,1830,1830,17.98,17.98,35.96,18,18,0.00,0.00,0,0
1471822486,s4,0.00,0.00,0.00,0,0,0.00,0.00,0.00,0,0,0.00,0.00,0,0
1471822486,s3-eth2,1222404.62,27296.70,1249701.38,27324,1223627,415.58,413.59,829.17,414,416,0.00,0.00,0,0
1471822486,s3-eth1,27337.66,1222297.75,1249635.38,1223520,27365,413.59,414.59,828.17,415,414,0.00,0.00,0,0
1471822486,total,3751014.00,3751121.00,7502135.00,3754872,3754765,2505.49,2506.49,5011.99,2509,2508,0.00,0.00,0,0
1471822487,s5,0.00,0.00,0.00,0,0,0.00,0.00,0.00,0,0,0.00,0.00,0,0
1471822487,s1,0.00,140.00,140.00,140,0,0.00,2.00,2.00,2,0,0.00,0.00,0,0
1471822487,eth0,0.00,0.00,0.00,0,0,0.00,0.00,0.00,0,0,0.00,0.00,0,0
1471822487,s2,0.00,482.00,482.00,482,0,0.00,3.00,3.00,3,0,0.00,0.00,0,0
1471822487,s1-eth2,27109.00,1208496.00,1235605.00,1208496,27109,410.00,408.00,818.00,408,410,0.00,0.00,0,0
1471822487,s1-eth1,1208908.00,27002.00,1235910.00,27002,1208908,410.00,409.00,819.00,409,410,0.00,0.00,0,0
1471822487,s3,0.00,824.00,824.00,824,0,0.00,4.00,4.00,4,0,0.00,0.00,0,0
1471822487,s2-eth2,1209320.00,26998.00,1236318.00,26998,1209320,412.00,409.00,821.00,409,412,0.00,0.00,0,0
1471822487,s2-eth1,27002.00,1208908.00,1235910.00,1208908,27002,409.00,410.00,819.00,410,409,0.00,0.00,0,0
1471822487,lo,2586.00,2586.00,5172.00,2586,2586,27.00,27.00,54.00,27,27,0.00,0.00,0,0
1471822487,s4,0.00,0.00,0.00,0,0,0.00,0.00,0.00,0,0,0.00,0.00,0,0
1471822487,s3-eth2,1206428.00,26862.00,1233290.00,26862,1206428,412.00,407.00,819.00,407,412,0.00,0.00,0,0
1471822487,s3-eth1,26998.00,1209320.00,1236318.00,1209320,26998,409.00,412.00,821.00,412,409,0.00,0.00,0,0
1471822487,total,3708351.00,3711618.00,7419969.00,3711618,3708351,2489.00,2491.00,4980.00,2491,2489,0.00,0.00,0,0
1471822488,s5,0.00,0.00,0.00,0,0,0.00,0.00,0.00,0,0,0.00,0.00,0,0
1471822488,s1,0.00,0.00,0.00,0,0,0.00,0.00,0.00,0,0,0.00,0.00,0,0
1471822488,eth0,0.00,0.00,0.00,0,0,0.00,0.00,0.00,0,0,0.00,0.00,0,0
1471822488,s2,0.00,0.00,0.00,0,0,0.00,0.00,0.00,0,0,0.00,0.00,0,0
1471822488,s1-eth2,27472.00,1217382.00,1244854.00,1217382,27472,412.00,411.00,823.00,411,412,0.00,0.00,0,0
1471822488,s1-eth1,1217382.00,27060.00,1244442.00,27060,1217382,411.00,410.00,821.00,410,411,0.00,0.00,0,0
1471822488,s3,0.00,0.00,0.00,0,0,0.00,0.00,0.00,0,0,0.00,0.00,0,0
1471822488,s2-eth2,1217382.00,27060.00,1244442.00,27060,1217382,411.00,410.00,821.00,410,411,0.00,0.00,0,0
1471822488,s2-eth1,27060.00,1217382.00,1244442.00,1217382,27060,410.00,411.00,821.00,411,410,0.00,0.00,0,0
1471822488,lo,0.00,0.00,0.00,0,0,0.00,0.00,0.00,0,0,0.00,0.00,0,0
1471822488,s4,0.00,0.00,0.00,0,0,0.00,0.00,0.00,0,0,0.00,0.00,0,0
1471822488,s3-eth2,1217382.00,27060.00,1244442.00,27060,1217382,411.00,410.00,821.00,410,411,0.00,0.00,0,0
1471822488,s3-eth1,27060.00,1217382.00,1244442.00,1217382,27060,410.00,411.00,821.00,411,410,0.00,0.00,0,0
1471822488,total,3733738.00,3733326.00,7467064.00,3733326,3733738,2465.00,2463.00,4928.00,2463,2465,0.00,0.00,0,0
1471822489,s5,0.00,0.00,0.00,0,0,0.00,0.00,0.00,0,0,0.00,0.00,0,0
1471822489,s1,0.00,0.00,0.00,0,0,0.00,0.00,0.00,0,0,0.00,0.00,0,0
1471822489,eth0,0.00,0.00,0.00,0,0,0.00,0.00,0.00,0,0,0.00,0.00,0,0
1471822489,s2,0.00,0.00,0.00,0,0,0.00,0.00,0.00,0,0,0.00,0.00,0,0
1471822489,s1-eth2,26862.00,1208496.00,1235358.00,1208496,26862,407.00,408.00,815.00,408,407,0.00,0.00,0,0
1471822489,s1-eth1,1208496.00,26928.00,1235424.00,26928,1208496,408.00,408.00,816.00,408,408,0.00,0.00,0,0
1471822489,s3,0.00,0.00,0.00,0,0,0.00,0.00,0.00,0,0,0.00,0.00,0,0
1471822489,s2-eth2,1208496.00,26862.00,1235358.00,26862,1208496,408.00,407.00,815.00,407,408,0.00,0.00,0,0
1471822489,s2-eth1,26928.00,1208496.00,1235424.00,1208496,26928,408.00,408.00,816.00,408,408,0.00,0.00,0,0
1471822489,lo,0.00,0.00,0.00,0,0,0.00,0.00,0.00,0,0,0.00,0.00,0,0
1471822489,s4,0.00,0.00,0.00,0,0,0.00,0.00,0.00,0,0,0.00,0.00,0,0
1471822489,s3-eth2,1205876.00,26928.00,1232804.00,26928,1205876,408.00,408.00,816.00,408,408,0.00,0.00,0,0
1471822489,s3-eth1,26862.00,1208496.00,1235358.00,1208496,26862,407.00,408.00,815.00,408,407,0.00,0.00,0,0
1471822489,total,3703520.00,3706206.00,7409726.00,3706206,3703520,2446.00,2447.00,4893.00,2447,2446,0.00,0.00,0,0
1471822490,s5,0.00,0.00,0.00,0,0,0.00,0.00,0.00,0,0,0.00,0.00,0,0
1471822490,s1,0.00,0.00,0.00,0,0,0.00,0.00,0.00,0,0,0.00,0.00,0,0
1471822490,eth0,0.00,0.00,0.00,0,0,0.00,0.00,0.00,0,0,0.00,0.00,0,0
1471822490,s2,0.00,342.00,342.00,342,0,0.00,1.00,1.00,1,0,0.00,0.00,0,0
1471822490,s1-eth2,27060.00,1217382.00,1244442.00,1217382,27060,410.00,411.00,821.00,411,410,0.00,0.00,0,0
1471822490,s1-eth1,1214762.00,27060.00,1241822.00,27060,1214762,411.00,410.00,821.00,410,411,0.00,0.00,0,0
1471822490,s3,0.00,342.00,342.00,342,0,0.00,1.00,1.00,1,0,0.00,0.00,0,0
1471822490,s2-eth2,1214762.00,27060.00,1241822.00,27060,1214762,411.00,410.00,821.00,410,411,0.00,0.00,0,0
1471822490,s2-eth1,27060.00,1214762.00,1241822.00,1214762,27060,410.00,411.00,821.00,411,410,0.00,0.00,0,0
1471822490,lo,996.00,996.00,1992.00,996,996,12.00,12.00,24.00,12,12,0.00,0.00,0,0
1471822490,s4,0.00,0.00,0.00,0,0,0.00,0.00,0.00,0,0,0.00,0.00,0,0
1471822490,s3-eth2,1214762.00,26994.00,1241756.00,26994,1214762,411.00,409.00,820.00,409,411,0.00,0.00,0,0
1471822490,s3-eth1,27060.00,1214762.00,1241822.00,1214762,27060,410.00,411.00,821.00,411,410,0.00,0.00,0,0
1471822490,total,3726462.00,3729700.00,7456162.00,3729700,3726462,2475.00,2476.00,4951.00,2476,2475,0.00,0.00,0,0
1471822491,s5,0.00,0.00,0.00,0,0,0.00,0.00,0.00,0,0,0.00,0.00,0,0
1471822491,s1,0.00,0.00,0.00,0,0,0.00,0.00,0.00,0,0,0.00,0.00,0,0
1471822491,eth0,0.00,0.00,0.00,0,0,0.00,0.00,0.00,0,0,0.00,0.00,0,0
1471822491,s2,0.00,0.00,0.00,0,0,0.00,0.00,0.00,0,0,0.00,0.00,0,0
1471822491,s1-eth2,23472.00,990626.00,1014098.00,990626,23472,356.00,337.00,693.00,337,356,0.00,0.00,0,0
1471822491,s1-eth1,1017284.00,23406.00,1040690.00,23406,1017284,346.00,355.00,701.00,355,346,0.00,0.00,0,0
1471822491,s3,0.00,0.00,0.00,0,0,0.00,0.00,0.00,0,0,0.00,0.00,0,0
1471822491,s2-eth2,1023208.00,23406.00,1046614.00,23406,1023208,348.00,355.00,703.00,355,348,0.00,0.00,0,0
1471822491,s2-eth1,23406.00,1017284.00,1040690.00,1017284,23406,355.00,346.00,701.00,346,355,0.00,0.00,0,0
1471822491,lo,0.00,0.00,0.00,0,0,0.00,0.00,0.00,0,0,0.00,0.00,0,0
1471822491,s4,0.00,0.00,0.00,0,0,0.00,0.00,0.00,0,0,0.00,0.00,0,0
1471822491,s3-eth2,1043942.00,23406.00,1067348.00,23406,1043942,355.00,355.00,710.00,355,355,0.00,0.00,0,0
1471822491,s3-eth1,23406.00,1023208.00,1046614.00,1023208,23406,355.00,348.00,703.00,348,355,0.00,0.00,0,0
1471822491,total,3154718.00,3101336.00,6256054.00,3101336,3154718,2115.00,2096.00,4211.00,2096,2115,0.00,0.00,0,0
1471822492,s5,0.00,0.00,0.00,0,0,0.00,0.00,0.00,0,0,0.00,0.00,0,0
1471822492,s1,0.00,0.00,0.00,0,0,0.00,0.00,0.00,0,0,0.00,0.00,0,0
1471822492,eth0,0.00,0.00,0.00,0,0,0.00,0.00,0.00,0,0,0.00,0.00,0,0
1471822492,s2,0.00,0.00,0.00,0,0,0.00,0.00,0.00,0,0,0.00,0.00,0,0
1471822492,s1-eth2,0.00,0.00,0.00,0,0,0.00,0.00,0.00,0,0,0.00,0.00,0,0
1471822492,s1-eth1,0.00,0.00,0.00,0,0,0.00,0.00,0.00,0,0,0.00,0.00,0,0
1471822492,s3,0.00,0.00,0.00,0,0,0.00,0.00,0.00,0,0,0.00,0.00,0,0
1471822492,s2-eth2,0.00,0.00,0.00,0,0,0.00,0.00,0.00,0,0,0.00,0.00,0,0
1471822492,s2-eth1,0.00,0.00,0.00,0,0,0.00,0.00,0.00,0,0,0.00,0.00,0,0
1471822492,lo,172.00,172.00,344.00,172,172,3.00,3.00,6.00,3,3,0.00,0.00,0,0
1471822492,s4,0.00,0.00,0.00,0,0,0.00,0.00,0.00,0,0,0.00,0.00,0,0
1471822492,s3-eth2,0.00,0.00,0.00,0,0,0.00,0.00,0.00,0,0,0.00,0.00,0,0
1471822492,s3-eth1,0.00,0.00,0.00,0,0,0.00,0.00,0.00,0,0,0.00,0.00,0,0
1471822492,total,172.00,172.00,344.00,172,172,3.00,3.00,6.00,3,3,0.00,0.00,0,0
1471822493,s5,0.00,0.00,0.00,0,0,0.00,0.00,0.00,0,0,0.00,0.00,0,0
1471822493,s1,0.00,342.00,342.00,342,0,0.00,1.00,1.00,1,0,0.00,0.00,0,0
1471822493,eth0,0.00,0.00,0.00,0,0,0.00,0.00,0.00,0,0,0.00,0.00,0,0
1471822493,s2,0.00,342.00,342.00,342,0,0.00,1.00,1.00,1,0,0.00,0.00,0,0
1471822493,s1-eth2,342.00,0.00,342.00,0,342,1.00,0.00,1.00,0,1,0.00,0.00,0,0
1471822493,s1-eth1,0.00,342.00,342.00,342,0,0.00,1.00,1.00,1,0,0.00,0.00,0,0
1471822493,s3,0.00,0.00,0.00,0,0,0.00,0.00,0.00,0,0,0.00,0.00,0,0
1471822493,s2-eth2,0.00,342.00,342.00,342,0,0.00,1.00,1.00,1,0,0.00,0.00,0,0
1471822493,s2-eth1,342.00,0.00,342.00,0,342,1.00,0.00,1.00,0,1,0.00,0.00,0,0
1471822493,lo,652.00,652.00,1304.00,652,652,6.00,6.00,12.00,6,6,0.00,0.00,0,0
1471822493,s4,0.00,0.00,0.00,0,0,0.00,0.00,0.00,0,0,0.00,0.00,0,0
1471822493,s3-eth2,0.00,0.00,0.00,0,0,0.00,0.00,0.00,0,0,0.00,0.00,0,0
1471822493,s3-eth1,342.00,0.00,342.00,0,342,1.00,0.00,1.00,0,1,0.00,0.00,0,0
1471822493,total,1678.00,2020.00,3698.00,2020,1678,9.00,10.00,19.00,10,9,0.00,0.00,0,0
1471822494,s5,0.00,0.00,0.00,0,0,0.00,0.00,0.00,0,0,0.00,0.00,0,0
1471822494,s1,0.00,213.57,213.57,214,0,0.00,2.00,2.00,2,0,0.00,0.00,0,0
1471822494,eth0,0.00,0.00,0.00,0,0,0.00,0.00,0.00,0,0,0.00,0.00,0,0
1471822494,s2,0.00,213.57,213.57,214,0,0.00,2.00,2.00,2,0,0.00,0.00,0,0
1471822494,s1-eth2,213.57,0.00,213.57,0,214,2.00,0.00,2.00,0,2,0.00,0.00,0,0
1471822494,s1-eth1,106.79,213.57,320.36,214,107,1.00,2.00,2.99,2,1,0.00,0.00,0,0
1471822494,s3,0.00,213.57,213.57,214,0,0.00,2.00,2.00,2,0,0.00,0.00,0,0
1471822494,s2-eth2,213.57,106.79,320.36,107,214,2.00,1.00,2.99,1,2,0.00,0.00,0,0
1471822494,s2-eth1,213.57,106.79,320.36,107,214,2.00,1.00,2.99,1,2,0.00,0.00,0,0
1471822494,lo,2169.66,2169.66,4339.32,2174,2174,23.95,23.95,47.90,24,24,0.00,0.00,0,0
1471822494,s4,0.00,0.00,0.00,0,0,0.00,0.00,0.00,0,0,0.00,0.00,0,0
1471822494,s3-eth2,320.36,0.00,320.36,0,321,2.99,0.00,2.99,0,3,0.00,0.00,0,0
1471822494,s3-eth1,106.79,213.57,320.36,214,107,1.00,2.00,2.99,2,1,0.00,0.00,0,0
1471822494,total,3344.31,3451.10,6795.41,3458,3351,34.93,35.93,70.86,36,35,0.00,0.00,0,0
1471822495,s5,0.00,0.00,0.00,0,0,0.00,0.00,0.00,0,0,0.00,0.00,0,0
1471822495,s1,0.00,342.00,342.00,342,0,0.00,1.00,1.00,1,0,0.00,0.00,0,0
1471822495,eth0,0.00,0.00,0.00,0,0,0.00,0.00,0.00,0,0,0.00,0.00,0,0
1471822495,s2,0.00,0.00,0.00,0,0,0.00,0.00,0.00,0,0,0.00,0.00,0,0
1471822495,s1-eth2,449.00,0.00,449.00,0,449,2.00,0.00,2.00,0,2,0.00,0.00,0,0
1471822495,s1-eth1,0.00,342.00,342.00,342,0,0.00,1.00,1.00,1,0,0.00,0.00,0,0
1471822495,s3,0.00,0.00,0.00,0,0,0.00,0.00,0.00,0,0,0.00,0.00,0,0
1471822495,s2-eth2,0.00,0.00,0.00,0,0,0.00,0.00,0.00,0,0,0.00,0.00,0,0
1471822495,s2-eth1,342.00,0.00,342.00,0,342,1.00,0.00,1.00,0,1,0.00,0.00,0,0
1471822495,lo,326.00,326.00,652.00,326,326,3.00,3.00,6.00,3,3,0.00,0.00,0,0
1471822495,s4,0.00,0.00,0.00,0,0,0.00,0.00,0.00,0,0,0.00,0.00,0,0
1471822495,s3-eth2,0.00,0.00,0.00,0,0,0.00,0.00,0.00,0,0,0.00,0.00,0,0
1471822495,s3-eth1,0.00,0.00,0.00,0,0,0.00,0.00,0.00,0,0,0.00,0.00,0,0
1471822495,total,1117.00,1010.00,2127.00,1010,1117,6.00,5.00,11.00,5,6,0.00,0.00,0,0
1471822496,s5,0.00,0.00,0.00,0,0,0.00,0.00,0.00,0,0,0.00,0.00,0,0
1471822496,s1,0.00,0.00,0.00,0,0,0.00,0.00,0.00,0,0,0.00,0.00,0,0
1471822496,eth0,0.00,0.00,0.00,0,0,0.00,0.00,0.00,0,0,0.00,0.00,0,0
1471822496,s2,0.00,0.00,0.00,0,0,0.00,0.00,0.00,0,0,0.00,0.00,0,0
1471822496,s1-eth2,0.00,0.00,0.00,0,0,0.00,0.00,0.00,0,0,0.00,0.00,0,0
1471822496,s1-eth1,0.00,0.00,0.00,0,0,0.00,0.00,0.00,0,0,0.00,0.00,0,0
1471822496,s3,0.00,0.00,0.00,0,0,0.00,0.00,0.00,0,0,0.00,0.00,0,0
1471822496,s2-eth2,0.00,0.00,0.00,0,0,0.00,0.00,0.00,0,0,0.00,0.00,0,0
1471822496,s2-eth1,0.00,0.00,0.00,0,0,0.00,0.00,0.00,0,0,0.00,0.00,0,0
1471822496,lo,0.00,0.00,0.00,0,0,0.00,0.00,0.00,0,0,0.00,0.00,0,0
1471822496,s4,0.00,0.00,0.00,0,0,0.00,0.00,0.00,0,0,0.00,0.00,0,0
1471822496,s3-eth2,0.00,0.00,0.00,0,0,0.00,0.00,0.00,0,0,0.00,0.00,0,0
1471822496,s3-eth1,0.00,0.00,0.00,0,0,0.00,0.00,0.00,0,0,0.00,0.00,0,0
1471822496,total,0.00,0.00,0.00,0,0,0.00,0.00,0.00,0,0,0.00,0.00,0,0
1471822497,s5,0.00,0.00,0.00,0,0,0.00,0.00,0.00,0,0,0.00,0.00,0,0
1471822497,s1,0.00,0.00,0.00,0,0,0.00,0.00,0.00,0,0,0.00,0.00,0,0
14718224