1476928501,s1,0.00,0.00,0.00,0,0,0.00,0.00,0.00,0,0,0.00,0.00,0,0
1476928501,eth0,0.00,0.00,0.00,0,0,0.00,0.00,0.00,0,0,0.00,0.00,0,0
1476928501,s2,0.00,0.00,0.00,0,0,0.00,0.00,0.00,0,0,0.00,0.00,0,0
1476928501,s1-eth2,0.00,0.00,0.00,0,0,0.00,0.00,0.00,0,0,0.00,0.00,0,0
1476928501,s1-eth1,0.00,0.00,0.00,0,0,0.00,0.00,0.00,0,0,0.00,0.00,0,0
1476928501,s2-eth2,0.00,0.00,0.00,0,0,0.00,0.00,0.00,0,0,0.00,0.00,0,0
1476928501,s2-eth1,0.00,0.00,0.00,0,0,0.00,0.00,0.00,0,0,0.00,0.00,0,0
1476928501,lo,0.00,0.00,0.00,0,0,0.00,0.00,0.00,0,0,0.00,0.00,0,0
1476928501,total,0.00,0.00,0.00,0,0,0.00,0.00,0.00,0,0,0.00,0.00,0,0
1476928502,s1,250.00,340.00,590.00,340,250,3.00,4.00,7.00,4,3,0.00,0.00,0,0
1476928502,eth0,424.00,610.00,1034.00,610,424,6.00,6.00,12.00,6,6,0.00,0.00,0,0
1476928502,s2,250.00,180.00,430.00,180,250,3.00,2.00,5.00,2,3,0.00,0.00,0,0
1476928502,s1-eth2,4310.00,197598.00,201908.00,197598,4310,48.00,75.00,123.00,75,48,0.00,0.00,0,0
1476928502,s1-eth1,113184.00,2642.00,115826.00,2642,113184,54.00,39.00,93.00,39,54,0.00,0.00,0,0
1476928502,s2-eth2,1648.00,90.00,1738.00,90,1648,9.00,1.00,10.00,1,9,0.00,0.00,0,0
1476928502,s2-eth1,1664.00,90.00,1754.00,90,1664,10.00,1.00,11.00,1,10,0.00,0.00,0,0
1476928502,lo,6038.00,6038.00,12076.00,6038,6038,59.00,59.00,118.00,59,59,0.00,0.00,0,0
1476928502,total,127768.00,207588.00,335356.00,207588,127768,192.00,187.00,379.00,187,192,0.00,0.00,0,0
1476928503,s1,0.00,0.00,0.00,0,0,0.00,0.00,0.00,0,0,0.00,0.00,0,0
1476928503,eth0,152.00,245.00,397.00,245,152,2.00,2.00,4.00,2,2,0.00,0.00,0,0
1476928503,s2,0.00,0.00,0.00,0,0,0.00,0.00,0.00,0,0,0.00,0.00,0,0
1476928503,s1-eth2,6921.00,250326.00,257247.00,250326,6921,86.00,107.00,193.00,107,86,0.00,0.00,0,0
1476928503,s1-eth1,242886.00,6594.00,249480.00,6594,242886,94.00,85.00,179.00,85,94,0.00,0.00,0,0
1476928503,s2-eth2,327.00,0.00,327.00,0,327,1.00,0.00,1.00,0,1,0.00,0.00,0,0
1476928503,s2-eth1,856.00,0.00,856.00,0,856,3.00,0.00,3.00,0,3,0.00,0.00,0,0
1476928503,lo,341.00,341.00,682.00,341,341,4.00,4.00,8.00,4,4,0.00,0.00,0,0
1476928503,total,251483.00,257506.00,508989.00,257506,251483,190.00,198.00,388.00,198,190,0.00,0.00,0,0
1476928504,s1,0.00,0.00,0.00,0,0,0.00,0.00,0.00,0,0,0.00,0.00,0,0
1476928504,eth0,0.00,0.00,0.00,0,0,0.00,0.00,0.00,0,0,0.00,0.00,0,0
1476928504,s2,0.00,0.00,0.00,0,0,0.00,0.00,0.00,0,0,0.00,0.00,0,0
1476928504,s1-eth2,8720.00,221890.00,230610.00,221890,8720,119.00,93.00,212.00,93,119,0.00,0.00,0,0
1476928504,s1-eth1,249513.00,8346.00,257859.00,8346,249513,116.00,117.00,233.00,117,116,0.00,0.00,0,0
1476928504,s2-eth2,374.00,0.00,374.00,0,374,2.00,0.00,2.00,0,2,0.00,0.00,0,0
1476928504,s2-eth1,107.00,0.00,107.00,0,107,1.00,0.00,1.00,0,1,0.00,0.00,0,0
1476928504,lo,0.00,0.00,0.00,0,0,0.00,0.00,0.00,0,0,0.00,0.00,0,0
1476928504,total,258714.00,230236.00,488950.00,230236,258714,238.00,210.00,448.00,210,238,0.00,0.00,0,0
1476928505,s1,0.00,69.93,69.93,70,0,0.00,1.00,1.00,1,0,0.00,0.00,0,0
1476928505,eth0,0.00,0.00,0.00,0,0,0.00,0.00,0.00,0,0,0.00,0.00,0,0
1476928505,s2,0.00,139.86,139.86,140,0,0.00,2.00,2.00,2,0,0.00,0.00,0,0
1476928505,s1-eth2,5815.19,238701.31,244516.48,238940,5821,81.92,87.91,169.83,88,82,0.00,0.00,0,0
1476928505,s1-eth1,243304.70,5496.50,248801.20,5502,243548,84.92,80.92,165.83,81,85,0.00,0.00,0,0
1476928505,s2-eth2,466.53,69.93,536.46,70,467,3.00,1.00,4.00,1,3,0.00,0.00,0,0
1476928505,s2-eth1,733.27,69.93,803.20,70,734,4.00,1.00,5.00,1,4,0.00,0.00,0,0
1476928505,lo,803.20,803.20,1606.39,804,804,8.99,8.99,17.98,9,9,0.00,0.00,0,0
1476928505,total,251122.89,245350.66,496473.53,245596,251374,182.82,182.82,365.63,183,183,0.00,0.00,0,0
1476928506,s1,70.00,70.00,140.00,70,70,1.00,1.00,2.00,1,1,0.00,0.00,0,0
1476928506,eth0,0.00,0.00,0.00,0,0,0.00,0.00,0.00,0,0,0.00,0.00,0,0
1476928506,s2,70.00,0.00,70.00,0,70,1.00,0.00,1.00,0,1,0.00,0.00,0,0
1476928506,s1-eth2,8126.00,206820.00,214946.00,206820,8126,109.00,106.00,215.00,106,109,0.00,0.00,0,0
1476928506,s1-eth1,238090.00,7978.00,246068.00,7978,238090,119.00,107.00,226.00,107,119,0.00,0.00,0,0
1476928506,s2-eth2,70.00,0.00,70.00,0,70,1.00,0.00,1.00,0,1,0.00,0.00,0,0
1476928506,s2-eth1,412.00,0.00,412.00,0,412,2.00,0.00,2.00,0,2,0.00,0.00,0,0
1476928506,lo,804.00,804.00,1608.00,804,804,9.00,9.00,18.00,9,9,0.00,0.00,0,0
1476928506,total,247642.00,215672.00,463314.00,215672,247642,242.00,223.00,465.00,223,242,0.00,0.00,0,0
1476928507,s1,0.00,0.00,0.00,0,0,0.00,0.00,0.00,0,0,0.00,0.00,0,0
1476928507,eth0,60.00,60.00,120.00,60,60,1.00,1.00,2.00,1,1,0.00,0.00,0,0
1476928507,s2,0.00,0.00,0.00,0,0,0.00,0.00,0.00,0,0,0.00,0.00,0,0
1476928507,s1-eth2,5460.00,223796.00,229256.00,223796,5460,82.00,78.00,160.00,78,82,0.00,0.00,0,0
1476928507,s1-eth1,224060.00,5460.00,229520.00,5460,224060,82.00,82.00,164.00,82,82,0.00,0.00,0,0
1476928507,s2-eth2,0.00,0.00,0.00,0,0,0.00,0.00,0.00,0,0,0.00,0.00,0,0
1476928507,s2-eth1,0.00,0.00,0.00,0,0,0.00,0.00,0.00,0,0,0.00,0.00,0,0
1476928507,lo,0.00,0.00,0.00,0,0,0.00,0.00,0.00,0,0,0.00,0.00,0,0
1476928507,total,229580.00,229316.00,458896.00,229316,229580,165.00,161.00,326.00,161,165,0.00,0.00,0,0
1476928508,s1,0.00,0.00,0.00,0,0,0.00,0.00,0.00,0,0,0.00,0.00,0,0
1476928508,eth0,0.00,0.00,0.00,0,0,0.00,0.00,0.00,0,0,0.00,0.00,0,0
1476928508,s2,0.00,0.00,0.00,0,0,0.00,0.00,0.00,0,0,0.00,0.00,0,0
1476928508,s1-eth2,5327.00,226824.00,232151.00,226824,5327,79.00,80.00,159.00,80,79,0.00,0.00,0,0
1476928508,s1-eth1,228181.00,5220.00,233401.00,5220,228181,78.00,78.00,156.00,78,78,0.00,0.00,0,0
1476928508,s2-eth2,107.00,0.00,107.00,0,107,1.00,0.00,1.00,0,1,0.00,0.00,0,0
1476928508,s2-eth1,107.00,0.00,107.00,0,107,1.00,0.00,1.00,0,1,0.00,0.00,0,0
1476928508,lo,0.00,0.00,0.00,0,0,0.00,0.00,0.00,0,0,0.00,0.00,0,0
1476928508,total,233722.00,232044.00,465766.00,232044,233722,159.00,158.00,317.00,158,159,0.00,0.00,0,0
1476928509,s1,0.00,70.00,70.00,70,0,0.00,1.00,1.00,1,0,0.00,0.00,0,0
1476928509,eth0,0.00,0.00,0.00,0,0,0.00,0.00,0.00,0,0,0.00,0.00,0,0
1476928509,s2,0.00,70.00,70.00,70,0,0.00,1.00,1.00,1,0,0.00,0.00,0,0
1476928509,s1-eth2,4540.00,152122.00,156662.00,152122,4540,64.00,67.00,131.00,67,64,0.00,0.00,0,0
1476928509,s1-eth1,148124.00,4470.00,152594.00,4470,148124,68.00,63.00,131.00,63,68,0.00,0.00,0,0
1476928509,s2-eth2,70.00,70.00,140.00,70,70,1.00,1.00,2.00,1,1,0.00,0.00,0,0
1476928509,s2-eth1,140.00,0.00,140.00,0,140,2.00,0.00,2.00,0,2,0.00,0.00,0,0
1476928509,lo,536.00,536.00,1072.00,536,536,6.00,6.00,12.00,6,6,0.00,0.00,0,0
1476928509,total,153410.00,157338.00,310748.00,157338,153410,141.00,139.00,280.00,139,141,0.00,0.00,0,0
1476928510,s1,70.00,70.00,140.00,70,70,1.00,1.00,2.00,1,1,0.00,0.00,0,0
1476928510,eth0,0.00,0.00,0.00,0,0,0.00,0.00,0.00,0,0,0.00,0.00,0,0
1476928510,s2,70.00,0.00,70.00,0,70,1.00,0.00,1.00,0,1,0.00,0.00,0,0
1476928510,s1-eth2,2360.00,84780.00,87140.00,84780,2360,34.00,34.00,68.00,34,34,0.00,0.00,0,0
1476928510,s1-eth1,78926.00,2290.00,81216.00,2290,78926,33.00,33.00,66.00,33,33,0.00,0.00,0,0
1476928510,s2-eth2,70.00,0.00,70.00,0,70,1.00,0.00,1.00,0,1,0.00,0.00,0,0
1476928510,s2-eth1,70.00,0.00,70.00,0,70,1.00,0.00,1.00,0,1,0.00,0.00,0,0
1476928510,lo,804.00,804.00,1608.00,804,804,9.00,9.00,18.00,9,9,0.00,0.00,0,0
1476928510,total,82370.00,87944.00,170314.00,87944,82370,80.00,77.00,157.00,77,80,0.00,0.00,0,0
1476928511,s1,0.00,0.00,0.00,0,0,0.00,0.00,0.00,0,0,0.00,0.00,0,0
1476928511,eth0,0.00,0.00,0.00,0,0,0.00,0.00,0.00,0,0,0.00,0.00,0,0
1476928511,s2,0.00,0.00,0.00,0,0,0.00,0.00,0.00,0,0,0.00,0.00,0,0
1476928511,s1-eth2,2094.00,69772.00,71866.00,69772,2094,27.00,26.00,53.00,26,27,0.00,0.00,0,0
1476928511,s1-eth1,77342.00,1752.00,79094.00,1752,77342,31.00,26.00,57.00,26,31,0.00,0.00,0,0
1476928511,s2-eth2,342.00,0.00,342.00,0,342,1.00,0.00,1.00,0,1,0.00,0.00,0,0
1476928511,s2-eth1,342.00,0.00,342.00,0,342,1.00,0.00,1.00,0,1,0.00,0.00,0,0
1476928511,lo,0.00,0.00,0.00,0,0,0.00,0.00,0.00,0,0,0.00,0.00,0,0
1476928511,total,80120.00,71524.00,151644.00,71524,80120,60.00,52.00,112.00,52,60,0.00,0.00,0,0
1476928512,s1,0.00,0.00,0.00,0,0,0.00,0.00,0.00,0,0,0.00,0.00,0,0
1476928512,eth0,0.00,0.00,0.00,0,0,0.00,0.00,0.00,0,0,0.00,0.00,0,0
1476928512,s2,0.00,0.00,0.00,0,0,0.00,0.00,0.00,0,0,0.00,0.00,0,0
1476928512,s1-eth2,1764.00,74182.00,75946.00,74182,1764,26.00,27.00,53.00,27,26,0.00,0.00,0,0
1476928512,s1-eth1,59372.00,1764.00,61136.00,1764,59372,22.00,26.00,48.00,26,22,0.00,0.00,0,0
1476928512,s2-eth2,0.00,0.00,0.00,0,0,0.00,0.00,0.00,0,0,0.00,0.00,0,0
1476928512,s2-eth1,0.00,0.00,0.00,0,0,0.00,0.00,0.00,0,0,0.00,0.00,0,0
1476928512,lo,0.00,0.00,0.00,0,0,0.00,0.00,0.00,0,0,0.00,0.00,0,0
1476928512,total,61136.00,75946.00,137082.00,75946,61136,48.00,53.00,101.00,53,48,0.00,0.00,0,0
1476928513,s1,0.00,0.00,0.00,0,0,0.00,0.00,0.00,0,0,0.00,0.00,0,0
1476928513,eth0,0.00,0.00,0.00,0,0,0.00,0.00,0.00,0,0,0.00,0.00,0,0
1476928513,s2,0.00,0.00,0.00,0,0,0.00,0.00,0.00,0,0,0.00,0.00,0,0
1476928513,s1-eth2,1584.00,71088.00,72672.00,71088,1584,24.00,24.00,48.00,24,24,0.00,0.00,0,0
1476928513,s1-eth1,82936.00,1584.00,84520.00,1584,82936,28.00,24.00,52.00,24,28,0.00,0.00,0,0
1476928513,s2-eth2,0.00,0.00,0.00,0,0,0.00,0.00,0.00,0,0,0.00,0.00,0,0
1476928513,s2-eth1,0.00,0.00,0.00,0,0,0.00,0.00,0.00,0,0,0.00,0.00,0,0
1476928513,lo,0.00,0.00,0.00,0,0,0.00,0.00,0.00,0,0,0.00,0.00,0,0
1476928513,total,84520.00,72672.00,157192.00,72672,84520,52.00,48.00,100.00,48,52,0.00,0.00,0,0
1476928514,s1,0.00,0.00,0.00,0,0,0.00,0.00,0.00,0,0,0.00,0.00,0,0
1476928514,eth0,0.00,0.00,0.00,0,0,0.00,0.00,0.00,0,0,0.00,0.00,0,0
1476928514,s2,0.00,0.00,0.00,0,0,0.00,0.00,0.00,0,0,0.00,0.00,0,0
1476928514,s1-eth2,1980.00,91822.00,93802.00,91822,1980,30.00,31.00,61.00,31,30,0.00,0.00,0,0
1476928514,s1-eth1,79974.00,1980.00,81954.00,1980,79974,27.00,30.00,57.00,30,27,0.00,0.00,0,0
1476928514,s2-eth2,0.00,0.00,0.00,0,0,0.00,0.00,0.00,0,0,0.00,0.00,0,0
1476928514,s2-eth1,0.00,0.00,0.00,0,0,0.00,0.00,0.00,0,0,0.00,0.00,0,0
1476928514,lo,344.00,344.00,688.00,344,344,6.00,6.00,12.00,6,6,0.00,0.00,0,0
1476928514,total,82298.00,94146.00,176444.00,94146,82298,63.00,67.00,130.00,67,63,0.00,0.00,0,0
1476928515,s1,0.00,0.00,0.00,0,0,0.00,0.00,0.00,0,0,0.00,0.00,0,0
1476928515,eth0,0.00,0.00,0.00,0,0,0.00,0.00,0.00,0,0,0.00,0.00,0,0
1476928515,s2,0.00,0.00,0.00,0,0,0.00,0.00,0.00,0,0,0.00,0.00,0,0
1476928515,s1-eth2,2046.00,97746.00,99792.00,97746,2046,31.00,33.00,64.00,33,31,0.00,0.00,0,0
1476928515,s1-eth1,106632.00,2046.00,108678.00,2046,106632,36.00,31.00,67.00,31,36,0.00,0.00,0,0
1476928515,s2-eth2,0.00,0.00,0.00,0,0,0.00,0.00,0.00,0,0,0.00,0.00,0,0
1476928515,s2-eth1,0.00,0.00,0.00,0,0,0.00,0.00,0.00,0,0,0.00,0.00,0,0
1476928515,lo,0.00,0.00,0.00,0,0,0.00,0.00,0.00,0,0,0.00,0.00,0,0
1476928515,total,108678.00,99792.00,208470.00,99792,108678,67.00,64.00,131.00,64,67,0.00,0.00,0,0
1476928516,s1,0.00,0.00,0.00,0,0,0.00,0.00,0.00,0,0,0.00,0.00,0,0
1476928516,eth0,0.00,0.00,0.00,0,0,0.00,0.00,0.00,0,0,0.00,0.00,0,0
1476928516,s2,0.00,0.00,0.00,0,0,0.00,0.00,0.00,0,0,0.00,0.00,0,0
1476928516,s1-eth2,2567.00,100906.00,103473.00,100906,2567,37.00,37.00,74.00,37,37,0.00,0.00,0,0
1476928516,s1-eth1,89165.00,2460.00,91625.00,2460,89165,34.00,36.00,70.00,36,34,0.00,0.00,0,0
1476928516,s2-eth2,107.00,0.00,107.00,0,107,1.00,0.00,1.00,0,1,0.00,0.00,0,0
1476928516,s2-eth1,107.00,0.00,107.00,0,107,1.00,0.00,1.00,0,1,0.00,0.00,0,0
1476928516,lo,0.00,0.00,0.00,0,0,0.00,0.00,0.00,0,0,0.00,0.00,0,0
1476928516,total,91946.00,103366.00,195312.00,103366,91946,73.00,73.00,146.00,73,73,0.00,0.00,0,0
1476928517,s1,0.00,0.00,0.00,0,0,0.00,0.00,0.00,0,0,0.00,0.00,0,0
1476928517,eth0,0.00,0.00,0.00,0,0,0.00,0.00,0.00,0,0,0.00,0.00,0,0
1476928517,s2,0.00,0.00,0.00,0,0,0.00,0.00,0.00,0,0,0.00,0.00,0,0
1476928517,s1-eth2,2373.63,112443.56,114817.19,112556,2376,35.96,37.96,73.93,38,36,0.00,0.00,0,0
1476928517,s1-eth1,118361.64,2439.56,120801.20,2442,118480,39.96,36.96,76.92,37,40,0.00,0.00,0,0
1476928517,s2-eth2,0.00,0.00,0.00,0,0,0.00,0.00,0.00,0,0,0.00,0.00,0,0
1476928517,s2-eth1,0.00,0.00,0.00,0,0,0.00,0.00,0.00,0,0,0.00,0.00,0,0
1476928517,lo,0.00,0.00,0.00,0,0,0.00,0.00,0.00,0,0,0.00,0.00,0,0
1476928517,total,120735.27,114883.12,235618.39,114998,120856,75.92,74.93,150.85,75,76,0.00,0.00,0,0
1476928518,s1,0.00,0.00,0.00,0,0,0.00,0.00,0.00,0,0,0.00,0.00,0,0
1476928518,eth0,0.00,0.00,0.00,0,0,0.00,0.00,0.00,0,0,0.00,0.00,0,0
1476928518,s2,0.00,0.00,0.00,0,0,0.00,0.00,0.00,0,0,0.00,0.00,0,0
1476928518,s1-eth2,2532.00,112622.00,115154.00,112622,2532,38.00,39.00,77.00,39,38,0.00,0.00,0,0
1476928518,s1-eth1,112898.00,2466.00,115364.00,2466,112898,39.00,37.00,76.00,37,39,0.00,0.00,0,0
1476928518,s2-eth2,0.00,0.00,0.00,0,0,0.00,0.00,0.00,0,0,0.00,0.00,0,0
1476928518,s2-eth1,0.00,0.00,0.00,0,0,0.00,0.00,0.00,0,0,0.00,0.00,0,0
1476928518,lo,0.00,0.00,0.00,0,0,0.00,0.00,0.00,0,0,0.00,0.00,0,0
1476928518,total,115430.00,115088.00,230518.00,115088,115430,77.00,76.00,153.00,76,77,0.00,0.00,0,0
1476928519,s1,0.00,0.00,0.00,0,0,0.00,0.00,0.00,0,0,0.00,0.00,0,0
1476928519,eth0,0.00,0.00,0.00,0,0,0.00,0.00,0.00,0,0,0.00,0.00,0,0
1476928519,s2,0.00,0.00,0.00,0,0,0.00,0.00,0.00,0,0,0.00,0.00,0,0
1476928519,s1-eth2,2304.00,97878.00,100182.00,97878,2304,34.00,35.00,69.00,35,34,0.00,0.00,0,0
1476928519,s1-eth1,92020.00,2304.00,94324.00,2304,92020,34.00,34.00,68.00,34,34,0.00,0.00,0,0
1476928519,s2-eth2,0.00,0.00,0.00,0,0,0.00,0.00,0.00,0,0,0.00,0.00,0,0
1476928519,s2-eth1,0.00,0.00,0.00,0,0,0.00,0.00,0.00,0,0,0.00,0.00,0,0
1476928519,lo,344.00,344.00,688.00,344,344,6.00,6.00,12.00,6,6,0.00,0.00,0,0
1476928519,total,94668.00,100526.00,195194.00,100526,94668,74.00,75.00,149.00,75,74,0.00,0.00,0,0
1476928520,s1,0.00,0.00,0.00,0,0,0.00,0.00,0.00,0,0,0.00,0.00,0,0
1476928520,eth0,0.00,0.00,0.00,0,0,0.00,0.00,0.00,0,0,0.00,0.00,0,0
1476928520,s2,0.00,0.00,0.00,0,0,0.00,0.00,0.00,0,0,0.00,0.00,0,0
1476928520,s1-eth2,2328.00,94982.00,97310.00,94982,2328,34.00,35.00,69.00,35,34,0.00,0.00,0,0
1476928520,s1-eth1,92020.00,2328.00,94348.00,2328,92020,34.00,34.00,68.00,34,34,0.00,0.00,0,0
1476928520,s2-eth2,342.00,0.00,342.00,0,342,1.00,0.00,1.00,0,1,0.00,0.00,0,0
1476928520,s2-eth1,0.00,0.00,0.00,0,0,0.00,0.00,0.00,0,0,0.00,0.00,0,0
1476928520,lo,0.00,0.00,0.00,0,0,0.00,0.00,0.00,0,0,0.00,0.00,0,0
1476928520,total,94690.00,97310.00,192000.00,97310,94690,69.00,69.00,138.00,69,69,0.00,0.00,0,0
1476928521,s1,0.00,0.00,0.00,0,0,0.00,0.00,0.00,0,0,0.00,0.00,0,0
1476928521,eth0,0.00,0.00,0.00,0,0,0.00,0.00,0.00,0,0,0.00,0.00,0,0
1476928521,s2,0.00,0.00,0.00,0,0,0.00,0.00,0.00,0,0,0.00,0.00,0,0
1476928521,s1-eth2,1582.42,49318.68,50901.10,49368,1584,21.98,23.98,45.95,24,22,0.00,0.00,0,0
1476928521,s1-eth1,47806.20,1582.42,49388.61,1584,47854,22.98,21.98,44.96,22,23,0.00,0.00,0,0
1476928521,s2-eth2,0.00,0.00,0.00,0,0,0.00,0.00,0.00,0,0,0.00,0.00,0,0
1476928521,s2-eth1,341.66,0.00,341.66,0,342,1.00,0.00,1.00,0,1,0.00,0.00,0,0
1476928521,lo,0.00,0.00,0.00,0,0,0.00,0.00,0.00,0,0,0.00,0.00,0,0
1476928521,total,49730.27,50901.10,100631.38,50952,49780,45.95,45.95,91.91,46,46,0.00,0.00,0,0
1476928522,s1,0.00,0.00,0.00,0,0,0.00,0.00,0.00,0,0,0.00,0.00,0,0
1476928522,eth0,0.00,0.00,0.00,0,0,0.00,0.00,0.00,0,0,0.00,0.00,0,0
1476928522,s2,0.00,0.00,0.00,0,0,0.00,0.00,0.00,0,0,0.00,0.00,0,0
1476928522,s1-eth2,1596.00,57792.00,59388.00,57792,1596,20.00,20.00,40.00,20,20,0.00,0.00,0,0
1476928522,s1-eth1,53382.00,1254.00,54636.00,1254,53382,19.00,19.00,38.00,19,19,0.00,0.00,0,0
1476928522,s2-eth2,0.00,0.00,0.00,0,0,0.00,0.00,0.00,0,0,0.00,0.00,0,0
1476928522,s2-eth1,0.00,0.00,0.00,0,0,0.00,0.00,0.00,0,0,0.00,0.00,0,0
1476928522,lo,0.00,0.00,0.00,0,0,0.00,0.00,0.00,0,0,0.00,0.00,0,0
1476928522,total,54978.00,59046.00,114024.00,59046,54978,39.00,39.00,78.00,39,39,0.00,0.00,0,0
1476928523,s1,0.00,0.00,0.00,0,0,0.00,0.00,0.00,0,0,0.00,0.00,0,0
1476928523,eth0,0.00,0.00,0.00,0,0,0.00,0.00,0.00,0,0,0.00,0.00,0,0
1476928523,s2,0.00,0.00,0.00,0,0,0.00,0.00,0.00,0,0,0.00,0.00,0,0
1476928523,s1-eth2,1320.00,62202.00,63522.00,62202,1320,20.00,21.00,41.00,21,20,0.00,0.00,0,0
1476928523,s1-eth1,59240.00,1320.00,60560.00,1320,59240,20.00,20.00,40.00,20,20,0.00,0.00,0,0
1476928523,s2-eth2,0.00,0.00,0.00,0,0,0.00,0.00,0.00,0,0,0.00,0.00,0,0
1476928523,s2-eth1,0.00,0.00,0.00,0,0,0.00,0.00,0.00,0,0,0.00,0.00,0,0
1476928523,lo,0.00,0.00,0.00,0,0,0.00,0.00,0.00,0,0,0.00,0.00,0,0
1476928523,total,60560.00,63522.00,124082.00,63522,60560,40.00,41.00,81.00,41,40,0.00,0.00,0,0
1476928524,s1,0.00,0.00,0.00,0,0,0.00,0.00,0.00,0,0,0.00,0.00,0,0
1476928524,eth0,0.00,0.00,0.00,0,0,0.00,0.00,0.00,0,0,0.00,0.00,0,0
1476928524,s2,0.00,0.00,0.00,0,0,0.00,0.00,0.00,0,0,0.00,0.00,0,0
1476928524,s1-eth2,1554.00,68192.00,69746.00,68192,1554,23.00,24.00,47.00,24,23,0.00,0.00,0,0
1476928524,s1-eth1,74116.00,1554.00,75670.00,1554,74116,26.00,23.00,49.00,23,26,0.00,0.00,0,0
1476928524,s2-eth2,0.00,0.00,0.00,0,0,0.00,0.00,0.00,0,0,0.00,0.00,0,0
1476928524,s2-eth1,0.00,0.00,0.00,0,0,0.00,0.00,0.00,0,0,0.00,0.00,0,0
1476928524,lo,344.00,344.00,688.00,344,344,6.00,6.00,12.00,6,6,0.00,0.00,0,0
1476928524,total,76014.00,70090.00,146104.00,70090,76014,55.00,53.00,108.00,53,55,0.00,0.00,0,0
1476928525,s1,0.00,0.00,0.00,0,0,0.00,0.00,0.00,0,0,0.00,0.00,0,0
1476928525,eth0,0.00,0.00,0.00,0,0,0.00,0.00,0.00,0,0,0.00,0.00,0,0
1476928525,s2,0.00,0.00,0.00,0,0,0.00,0.00,0.00,0,0,0.00,0.00,0,0
1476928525,s1-eth2,1728.00,77078.00,78806.00,77078,1728,26.00,27.00,53.00,27,26,0.00,0.00,0,0
1476928525,s1-eth1,68192.00,1728.00,69920.00,1728,68192,24.00,26.00,50.00,26,24,0.00,0.00,0,0
1476928525,s2-eth2,0.00,0.00,0.00,0,0,0.00,0.00,0.00,0,0,0.00,0.00,0,0
1476928525,s2-eth1,0.00,0.00,0.00,0,0,0.00,0.00,0.00,0,0,0.00,0.00,0,0
1476928525,lo,0.00,0.00,0.00,0,0,0.00,0.00,0.00,0,0,0.00,0.00,0,0
1476928525,total,69920.00,78806.00,148726.00,78806,69920,50.00,53.00,103.00,53,50,0.00,0.00,0,0
1476928526,s1,0.00,0.00,0.00,0,0,0.00,0.00,0.00,0,0,0.00,0.00,0,0
1476928526,eth0,0.00,0.00,0.00,0,0,0.00,0.00,0.00,0,0,0.00,0.00,0,0
1476928526,s2,0.00,0.00,0.00,0,0,0.00,0.00,0.00,0,0,0.00,0.00,0,0
1476928526,s1-eth2,1584.00,74050.00,75634.00,74050,1584,24.00,25.00,49.00,25,24,0.00,0.00,0,0
1476928526,s1-eth1,79974.00,1584.00,81558.00,1584,79974,27.00,24.00,51.00,24,27,0.00,0.00,0,0
1476928526,s2-eth2,0.00,0.00,0.00,0,0,0.00,0.00,0.00,0,0,0.00,0.00,0,0
1476928526,s2-eth1,0.00,0.00,0.00,0,0,0.00,0.00,0.00,0,0,0.00,0.00,0,0
1476928526,lo,0.00,0.00,0.00,0,0,0.00,0.00,0.00,0,0,0.00,0.00,0,0
1476928526,total,81558.00,75634.00,157192.00,75634,81558,51.00,49.00,100.00,49,51,0.00,0.00,0,0
1476928527,s1,0.00,0.00,0.00,0,0,0.00,0.00,0.00,0,0,0.00,0.00,0,0
1476928527,eth0,0.00,0.00,0.00,0,0,0.00,0.00,0.00,0,0,0.00,0.00,0,0
1476928527,s2,0.00,0.00,0.00,0,0,0.00,0.00,0.00,0,0,0.00,0.00,0,0
1476928527,s1-eth2,1914.00,94784.00,96698.00,94784,1914,29.00,32.00,61.00,32,29,0.00,0.00,0,0
1476928527,s1-eth1,91822.00,1914.00,93736.00,1914,91822,31.00,29.00,60.00,29,31,0.00,0.00,0,0
1476928527,s2-eth2,0.00,0.00,0.00,0,0,0.00,0.00,0.00,0,0,0.00,0.00,0,0
1476928527,s2-eth1,0.00,0.00,0.00,0,0,0.00,0.00,0.00,0,0,0.00,0.00,0,0
1476928527,lo,0.00,0.00,0.00,0,0,0.00,0.00,0.00,0,0,0.00,0.00,0,0
1476928527,total,93736.00,96698.00,190434.00,96698,93736,60.00,61.00,121.00,61,60,0.00,0.00,0,0
1476928528,s1,0.00,0.00,0.00,0,0,0.00,0.00,0.00,0,0,0.00,0.00,0,0
1476928528,eth0,0.00,0.00,0.00,0,0,0.00,0.00,0.00,0,0,0.00,0.00,0,0
1476928528,s2,0.00,0.00,0.00,0,0,0.00,0.00,0.00,0,0,0.00,0.00,0,0
1476928528,s1-eth2,2376.00,112556.00,114932.00,112556,2376,36.00,38.00,74.00,38,36,0.00,0.00,0,0
1476928528,s1-eth1,109594.00,2376.00,111970.00,2376,109594,37.00,36.00,73.00,36,37,0.00,0.00,0,0
1476928528,s2-eth2,0.00,0.00,0.00,0,0,0.00,0.00,0.00,0,0,0.00,0.00,0,0
1476928528,s2-eth1,0.00,0.00,0.00,0,0,0.00,0.00,0.00,0,0,0.00,0.00,0,0
1476928528,lo,0.00,0.00,0.00,0,0,0.00,0.00,0.00,0,0,0.00,0.00,0,0
1476928528,total,111970.00,114932.00,226902.00,114932,111970,73.00,74.00,147.00,74,73,0.00,0.00,0,0
1476928529,s1,0.00,0.00,0.00,0,0,0.00,0.00,0.00,0,0,0.00,0.00,0,0
1476928529,eth0,0.00,0.00,0.00,0,0,0.00,0.00,0.00,0,0,0.00,0.00,0,0
1476928529,s2,0.00,0.00,0.00,0,0,0.00,0.00,0.00,0,0,0.00,0.00,0,0
1476928529,s1-eth2,3408.00,168876.00,172284.00,168876,3408,52.00,58.00,110.00,58,52,0.00,0.00,0,0
1476928529,s1-eth1,162910.00,3408.00,166318.00,3408,162910,55.00,52.00,107.00,52,55,0.00,0.00,0,0
1476928529,s2-eth2,0.00,0.00,0.00,0,0,0.00,0.00,0.00,0,0,0.00,0.00,0,0
1476928529,s2-eth1,0.00,0.00,0.00,0,0,0.00,0.00,0.00,0,0,0.00,0.00,0,0
1476928529,lo,640.00,640.00,1280.00,640,640,9.00,9.00,18.00,9,9,0.00,0.00,0,0
1476928529,total,166958.00,172924.00,339882.00,172924,166958,116.00,119.00,235.00,119,116,0.00,0.00,0,0
1476928530,s1,0.00,0.00,0.00,0,0,0.00,0.00,0.00,0,0,0.00,0.00,0,0
1476928530,eth0,0.00,0.00,0.00,0,0,0.00,0.00,0.00,0,0,0.00,0.00,0,0
1476928530,s2,0.00,0.00,0.00,0,0,0.00,0.00,0.00,0,0,0.00,0.00,0,0
1476928530,s1-eth2,5604.00,231762.00,237366.00,231762,5604,82.00,89.00,171.00,89,82,0.00,0.00,0,0
1476928530,s1-eth1,229184.00,5604.00,234788.00,5604,229184,90.00,82.00,172.00,82,90,0.00,0.00,0,0
1476928530,s2-eth2,0.00,0.00,0.00,0,0,0.00,0.00,0.00,0,0,0.00,0.00,0,0
1476928530,s2-eth1,0.00,0.00,0.00,0,0,0.00,0.00,0.00,0,0,0.00,0.00,0,0
1476928530,lo,0.00,0.00,0.00,0,0,0.00,0.00,0.00,0,0,0.00,0.00,0,0
1476928530,total,234788.00,237366.00,472154.00,237366,234788,172.00,171.00,343.00,171,172,0.00,0.00,0,0
1476928531,s1,0.00,0.00,0.00,0,0,0.00,0.00,0.00,0,0,0.00,0.00,0,0
1476928531,eth0,0.00,0.00,0.00,0,0,0.00,0.00,0.00,0,0,0.00,0.00,0,0
1476928531,s2,0.00,0.00,0.00,0,0,0.00,0.00,0.00,0,0,0.00,0.00,0,0
1476928531,s1-eth2,5592.00,225838.00,231430.00,225838,5592,82.00,87.00,169.00,87,82,0.00,0.00,0,0
1476928531,s1-eth1,219914.00,5592.00,225506.00,5592,219914,85.00,82.00,167.00,82,85,0.00,0.00,0,0
1476928531,s2-eth2,0.00,0.00,0.00,0,0,0.00,0.00,0.00,0,0,0.00,0.00,0,0
1476928531,s2-eth1,0.00,0.00,0.00,0,0,0.00,0.00,0.00,0,0,0.00,0.00,0,0
1476928531,lo,0.00,0.00,0.00,0,0,0.00,0.00,0.00,0,0,0.00,0.00,0,0
1476928531,total,225506.00,231430.00,456936.00,231430,225506,167.00,169.00,336.00,169,167,0.00,0.00,0,0
1476928532,s1,0.00,0.00,0.00,0,0,0.00,0.00,0.00,0,0,0.00,0.00,0,0
1476928532,eth0,0.00,0.00,0.00,0,0,0.00,0.00,0.00,0,0,0.00,0.00,0,0
1476928532,s2,0.00,0.00,0.00,0,0,0.00,0.00,0.00,0,0,0.00,0.00,0,0
1476928532,s1-eth2,4661.00,210302.00,214963.00,210302,4661,70.00,71.00,141.00,71,70,0.00,0.00,0,0
1476928532,s1-eth1,213371.00,4554.00,217925.00,4554,213371,73.00,69.00,142.00,69,73,0.00,0.00,0,0
1476928532,s2-eth2,107.00,0.00,107.00,0,107,1.00,0.00,1.00,0,1,0.00,0.00,0,0
1476928532,s2-eth1,107.00,0.00,107.00,0,107,1.00,0.00,1.00,0,1,0.00,0.00,0,0
1476928532,lo,0.00,0.00,0.00,0,0,0.00,0.00,0.00,0,0,0.00,0.00,0,0
1476928532,total,218246.00,214856.00,433102.00,214856,218246,145.00,140.00,285.00,140,145,0.00,0.00,0,0
1476928533,s1,0.00,0.00,0.00,0,0,0.00,0.00,0.00,0,0,0.00,0.00,0,0
1476928533,eth0,0.00,0.00,0.00,0,0,0.00,0.00,0.00,0,0,0.00,0.00,0,0
1476928533,s2,0.00,0.00,0.00,0,0,0.00,0.00,0.00,0,0,0.00,0.00,0,0
1476928533,s1-eth2,4734.00,194440.00,199174.00,194440,4734,69.00,72.00,141.00,72,69,0.00,0.00,0,0
1476928533,s1-eth1,192662.00,4734.00,197396.00,4734,192662,67.00,69.00,136.00,69,67,0.00,0.00,0,0
1476928533,s2-eth2,0.00,0.00,0.00,0,0,0.00,0.00,0.00,0,0,0.00,0.00,0,0
1476928533,s2-eth1,0.00,0.00,0.00,0,0,0.00,0.00,0.00,0,0,0.00,0.00,0,0
1476928533,lo,0.00,0.00,0.00,0,0,0.00,0.00,0.00,0,0,0.00,0.00,0,0
1476928533,total,197396.00,199174.00,396570.00,199174,197396,136.00,141.00,277.00,141,136,0.00,0.00,0,0
1476928534,s1,0.00,0.00,0.00,0,0,0.00,0.00,0.00,0,0,0.00,0.00,0,0
1476928534,eth0,0.00,0.00,0.00,0,0,0.00,0.00,0.00,0,0,0.00,0.00,0,0
1476928534,s2,0.00,0.00,0.00,0,0,0.00,0.00,0.00,0,0,0.00,0.00,0,0
1476928534,s1-eth2,3400.00,92482.00,95882.00,92482,3400,44.00,41.00,85.00,41,44,0.00,0.00,0,0
1476928534,s1-eth1,95708.00,3058.00,98766.00,3058,95708,46.00,43.00,89.00,43,46,0.00,0.00,0,0
1476928534,s2-eth2,0.00,0.00,0.00,0,0,0.00,0.00,0.00,0,0,0.00,0.00,0,0
1476928534,s2-eth1,342.00,0.00,342.00,0,342,1.00,0.00,1.00,0,1,0.00,0.00,0,0
1476928534,lo,344.00,344.00,688.00,344,344,6.00,6.00,12.00,6,6,0.00,0.00,0,0
1476928534,total,99794.00,95884.00,195678.00,95884,99794,97.00,90.00,187.00,90,97,0.00,0.00,0,0
1476928535,s1,0.00,0.00,0.00,0,0,0.00,0.00,0.00,0,0,0.00,0.00,0,0
1476928535,eth0,0.00,0.00,0.00,0,0,0.00,0.00,0.00,0,0,0.00,0.00,0,0
1476928535,s2,0.00,0.00,0.00,0,0,0.00,0.00,0.00,0,0,0.00,0.00,0,0
1476928535,s1-eth2,2658.00,109990.00,112648.00,109990,2658,39.00,43.00,82.00,43,39,0.00,0.00,0,0
1476928535,s1-eth1,89256.00,2658.00,91914.00,2658,89256,36.00,39.00,75.00,39,36,0.00,0.00,0,0
1476928535,s2-eth2,0.00,0.00,0.00,0,0,0.00,0.00,0.00,0,0,0.00,0.00,0,0
1476928535,s2-eth1,0.00,0.00,0.00,0,0,0.00,0.00,0.00,0,0,0.00,0.00,0,0
1476928535,lo,0.00,0.00,0.00,0,0,0.00,0.00,0.00,0,0,0.00,0.00,0,0
1476928535,total,91914.00,112648.00,204562.00,112648,91914,75.00,82.00,157.00,82,75,0.00,0.00,0,0
1476928536,s1,0.00,0.00,0.00,0,0,0.00,0.00,0.00,0,0,0.00,0.00,0,0
1476928536,eth0,0.00,0.00,0.00,0,0,0.00,0.00,0.00,0,0,0.00,0.00,0,0
1476928536,s2,0.00,0.00,0.00,0,0,0.00,0.00,0.00,0,0,0.00,0.00,0,0
1476928536,s1-eth2,2310.00,106632.00,108942.00,106632,2310,35.00,36.00,71.00,36,35,0.00,0.00,0,0
1476928536,s1-eth1,124404.00,2310.00,126714.00,2310,124404,42.00,35.00,77.00,35,42,0.00,0.00,0,0
1476928536,s2-eth2,0.00,0.00,0.00,0,0,0.00,0.00,0.00,0,0,0.00,0.00,0,0
1476928536,s2-eth1,0.00,0.00,0.00,0,0,0.00,0.00,0.00,0,0,0.00,0.00,0,0
1476928536,lo,0.00,0.00,0.00,0,0,0.00,0.00,0.00,0,0,0.00,0.00,0,0
1476928536,total,126714.00,108942.00,235656.00,108942,126714,77.00,71.00,148.00,71,77,0.00,0.00,0,0
1476928537,s1,0.00,0.00,0.00,0,0,0.00,0.00,0.00,0,0,0.00,0.00,0,0
1476928537,eth0,0.00,0.00,0.00,0,0,0.00,0.00,0.00,0,0,0.00,0.00,0,0
1476928537,s2,0.00,0.00,0.00,0,0,0.00,0.00,0.00,0,0,0.00,0.00,0,0
1476928537,s1-eth2,2640.00,124404.00,127044.00,124404,2640,40.00,42.00,82.00,42,40,0.00,0.00,0,0
1476928537,s1-eth1,109594.00,2640.00,112234.00,2640,109594,37.00,40.00,77.00,40,37,0.00,0.00,0,0
1476928537,s2-eth2,0.00,0.00,0.00,0,0,0.00,0.00,0.00,0,0,0.00,0.00,0,0
1476928537,s2-eth1,0.00,0.00,0.00,0,0,0.00,0.00,0.00,0,0,0.00,0.00,0,0
1476928537,lo,0.00,0.00,0.00,0,0,0.00,0.00,0.00,0,0,0.00,0.00,0,0
1476928537,total,112234.00,127044.00,239278.00,127044,112234,77.00,82.00,159.00,82,77,0.00,0.00,0,0
1476928538,s1,0.00,0.00,0.00,0,0,0.00,0.00,0.00,0,0,0.00,0.00,0,0
1476928538,eth0,0.00,0.00,0.00,0,0,0.00,0.00,0.00,0,0,0.00,0.00,0,0
1476928538,s2,0.00,0.00,0.00,0,0,0.00,0.00,0.00,0,0,0.00,0.00,0,0
1476928538,s1-eth2,2730.00,98274.00,101004.00,98274,2730,39.00,41.00,80.00,41,39,0.00,0.00,0,0
1476928538,s1-eth1,104198.00,2808.00,107006.00,2808,104198,43.00,40.00,83.00,40,43,0.00,0.00,0,0
1476928538,s2-eth2,0.00,0.00,0.00,0,0,0.00,0.00,0.00,0,0,0.00,0.00,0,0
1476928538,s2-eth1,0.00,0.00,0.00,0,0,0.00,0.00,0.00,0,0,0.00,0.00,0,0
1476928538,lo,0.00,0.00,0.00,0,0,0.00,0.00,0.00,0,0,0.00,0.00,0,0
1476928538,total,106928.00,101082.00,208010.00,101082,106928,82.00,81.00,163.00,81,82,0.00,0.00,0,0
1476928539,s1,0.00,0.00,0.00,0,0,0.00,0.00,0.00,0,0,0.00,0.00,0,0
1476928539,eth0,0.00,0.00,0.00,0,0,0.00,0.00,0.00,0,0,0.00,0.00,0,0
1476928539,s2,0.00,0.00,0.00,0,0,0.00,0.00,0.00,0,0,0.00,0.00,0,0
1476928539,s1-eth2,2202.00,94850.00,97052.00,94850,2202,33.00,33.00,66.00,33,33,0.00,0.00,0,0
1476928539,s1-eth1,91888.00,2190.00,94078.00,2190,91888,32.00,33.00,65.00,33,32,0.00,0.00,0,0
1476928539,s2-eth2,0.00,0.00,0.00,0,0,0.00,0.00,0.00,0,0,0.00,0.00,0,0
1476928539,s2-eth1,0.00,0.00,0.00,0,0,0.00,0.00,0.00,0,0,0.00,0.00,0,0
1476928539,lo,344.00,344.00,688.00,344,344,6.00,6.00,12.00,6,6,0.00,0.00,0,0
1476928539,total,94434.00,97384.00,191818.00,97384,94434,71.00,72.00,143.00,72,71,0.00,0.00,0,0
1476928540,s1,0.00,0.00,0.00,0,0,0.00,0.00,0.00,0,0,0.00,0.00,0,0
1476928540,eth0,0.00,0.00,0.00,0,0,0.00,0.00,0.00,0,0,0.00,0.00,0,0
1476928540,s2,0.00,0.00,0.00,0,0,0.00,0.00,0.00,0,0,0.00,0.00,0,0
1476928540,s1-eth2,2238.00,86162.00,88400.00,86162,2238,33.00,33.00,66.00,33,33,0.00,0.00,0,0
1476928540,s1-eth1,86162.00,2172.00,88334.00,2172,86162,33.00,32.00,65.00,32,33,0.00,0.00,0,0
1476928540,s2-eth2,0.00,0.00,0.00,0,0,0.00,0.00,0.00,0,0,0.00,0.00,0,0
1476928540,s2-eth1,0.00,0.00,0.00,0,0,0.00,0.00,0.00,0,0,0.00,0.00,0,0
1476928540,lo,0.00,0.00,0.00,0,0,0.00,0.00,0.00,0,0,0.00,0.00,0,0
1476928540,total,88400.00,88334.00,176734.00,88334,88400,66.00,65.00,131.00,65,66,0.00,0.00,0,0
1476928541,s1,0.00,0.00,0.00,0,0,0.00,0.00,0.00,0,0,0.00,0.00,0,0
1476928541,eth0,0.00,0.00,0.00,0,0,0.00,0.00,0.00,0,0,0.00,0.00,0,0
1476928541,s2,0.00,0.00,0.00,0,0,0.00,0.00,0.00,0,0,0.00,0.00,0,0
1476928541,s1-eth2,1980.00,94784.00,96764.00,94784,1980,30.00,32.00,62.00,32,30,0.00,0.00,0,0
1476928541,s1-eth1,88860.00,1980.00,90840.00,1980,88860,30.00,30.00,60.00,30,30,0.00,0.00,0,0
1476928541,s2-eth2,342.00,0.00,342.00,0,342,1.00,0.00,1.00,0,1,0.00,0.00,0,0
1476928541,s2-eth1,342.00,0.00,342.00,0,342,1.00,0.00,1.00,0,1,0.00,0.00,0,0
1476928541,lo,0.00,0.00,0.00,0,0,0.00,0.00,0.00,0,0,0.00,0.00,0,0
1476928541,total,91524.00,96764.00,188288.00,96764,91524,62.00,62.00,124.00,62,62,0.00,0.00,0,0
1476928542,s1,0.00,0.00,0.00,0,0,0.00,0.00,0.00,0,0,0.00,0.00,0,0
1476928542,eth0,0.00,0.00,0.00,0,0,0.00,0.00,0.00,0,0,0.00,0.00,0,0
1476928542,s2,0.00,0.00,0.00,0,0,0.00,0.00,0.00,0,0,0.00,0.00,0,0
1476928542,s1-eth2,2112.00,94784.00,96896.00,94784,2112,32.00,32.00,64.00,32,32,0.00,0.00,0,0
1476928542,s1-eth1,97746.00,2112.00,99858.00,2112,97746,33.00,32.00,65.00,32,33,0.00,0.00,0,0
1476928542,s2-eth2,0.00,0.00,0.00,0,0,0.00,0.00,0.00,0,0,0.00,0.00,0,0
1476928542,s2-eth1,0.00,0.00,0.00,0,0,0.00,0.00,0.00,0,0,0.00,0.00,0,0
1476928542,lo,0.00,0.00,0.00,0,0,0.00,0.00,0.00,0,0,0.00,0.00,0,0
1476928542,total,99858.00,96896.00,196754.00,96896,99858,65.00,64.00,129.00,64,65,0.00,0.00,0,0
1476928543,s1,0.00,0.00,0.00,0,0,0.00,0.00,0.00,0,0,0.00,0.00,0,0
1476928543,eth0,0.00,0.00,0.00,0,0,0.00,0.00,0.00,0,0,0.00,0.00,0,0
1476928543,s2,0.00,0.00,0.00,0,0,0.00,0.00,0.00,0,0,0.00,0.00,0,0
1476928543,s1-eth2,2376.00,109594.00,111970.00,109594,2376,36.00,37.00,73.00,37,36,0.00,0.00,0,0
1476928543,s1-eth1,106632.00,2376.00,109008.00,2376,106632,36.00,36.00,72.00,36,36,0.00,0.00,0,0
1476928543,s2-eth2,0.00,0.00,0.00,0,0,0.00,0.00,0.00,0,0,0.00,0.00,0,0
1476928543,s2-eth1,0.00,0.00,0.00,0,0,0.00,0.00,0.00,0,0,0.00,0.00,0,0
1476928543,lo,0.00,0.00,0.00,0,0,0.00,0.00,0.00,0,0,0.00,0.00,0,0
1476928543,total,109008.00,111970.00,220978.00,111970,109008,72.00,73.00,145.00,73,72,0.00,0.00,0,0
1476928544,s1,0.00,0.00,0.00,0,0,0.00,0.00,0.00,0,0,0.00,0.00,0,0
1476928544,eth0,0.00,0.00,0.00,0,0,0.00,0.00,0.00,0,0,0.00,0.00,0,0
1476928544,s2,0.00,0.00,0.00,0,0,0.00,0.00,0.00,0,0,0.00,0.00,0,0
1476928544,s1-eth2,2706.00,124404.00,127110.00,124404,2706,41.00,42.00,83.00,42,41,0.00,0.00,0,0
1476928544,s1-eth1,121442.00,2706.00,124148.00,2706,121442,41.00,41.00,82.00,41,41,0.00,0.00,0,0
1476928544,s2-eth2,0.00,0.00,0.00,0,0,0.00,0.00,0.00,0,0,0.00,0.00,0,0
1476928544,s2-eth1,0.00,0.00,0.00,0,0,0.00,0.00,0.00,0,0,0.00,0.00,0,0
1476928544,lo,344.00,344.00,688.00,344,344,6.00,6.00,12.00,6,6,0.00,0.00,0,0
1476928544,total,124492.00,127454.00,251946.00,127454,124492,88.00,89.00,177.00,89,88,0.00,0.00,0,0
1476928545,s1,0.00,0.00,0.00,0,0,0.00,0.00,0.00,0,0,0.00,0.00,0,0
1476928545,eth0,0.00,0.00,0.00,0,0,0.00,0.00,0.00,0,0,0.00,0.00,0,0
1476928545,s2,0.00,0.00,0.00,0,0,0.00,0.00,0.00,0,0,0.00,0.00,0,0
1476928545,s1-eth2,3282.00,107424.00,110706.00,107424,3282,47.00,48.00,95.00,48,47,0.00,0.00,0,0
1476928545,s1-eth1,107424.00,3282.00,110706.00,3282,107424,48.00,47.00,95.00,47,48,0.00,0.00,0,0
1476928545,s2-eth2,0.00,0.00,0.00,0,0,0.00,0.00,0.00,0,0,0.00,0.00,0,0
1476928545,s2-eth1,0.00,0.00,0.00,0,0,0.00,0.00,0.00,0,0,0.00,0.00,0,0
1476928545,lo,0.00,0.00,0.00,0,0,0.00,0.00,0.00,0,0,0.00,0.00,0,0
1476928545,total,110706.00,110706.00,221412.00,110706,110706,95.00,95.00,190.00,95,95,0.00,0.00,0,0
1476928546,s1,0.00,0.00,0.00,0,0,0.00,0.00,0.00,0,0,0.00,0.00,0,0
1476928546,eth0,0.00,0.00,0.00,0,0,0.00,0.00,0.00,0,0,0.00,0.00,0,0
1476928546,s2,0.00,0.00,0.00,0,0,0.00,0.00,0.00,0,0,0.00,0.00,0,0
1476928546,s1-eth2,2190.00,72998.00,75188.00,72998,2190,31.00,31.00,62.00,31,31,0.00,0.00,0,0
1476928546,s1-eth1,74446.00,2190.00,76636.00,2190,74446,31.00,31.00,62.00,31,31,0.00,0.00,0,0
1476928546,s2-eth2,0.00,0.00,0.00,0,0,0.00,0.00,0.00,0,0,0.00,0.00,0,0
1476928546,s2-eth1,0.00,0.00,0.00,0,0,0.00,0.00,0.00,0,0,0.00,0.00,0,0
1476928546,lo,0.00,0.00,0.00,0,0,0.00,0.00,0.00,0,0,0.00,0.00,0,0
1476928546,total,76636.00,75188.00,151824.00,75188,76636,62.00,62.00,124.00,62,62,0.00,0.00,0,0
1476928547,s1,0.00,0.00,0.00,0,0,0.00,0.00,0.00,0,0,0.00,0.00,0,0
1476928547,eth0,0.00,0.00,0.00,0,0,0.00,0.00,0.00,0,0,0.00,0.00,0,0
1476928547,s2,0.00,0.00,0.00,0,0,0.00,0.00,0.00,0,0,0.00,0.00,0,0
1476928547,s1-eth2,1386.00,62202.00,63588.00,62202,1386,21.00,21.00,42.00,21,21,0.00,0.00,0,0
1476928547,s1-eth1,56278.00,1386.00,57664.00,1386,56278,19.00,21.00,40.00,21,19,0.00,0.00,0,0
1476928547,s2-eth2,0.00,0.00,0.00,0,0,0.00,0.00,0.00,0,0,0.00,0.00,0,0
1476928547,s2-eth1,0.00,0.00,0.00,0,0,0.00,0.00,0.00,0,0,0.00,0.00,0,0
1476928547,lo,0.00,0.00,0.00,0,0,0.00,0.00,0.00,0,0,0.00,0.00,0,0
1476928547,total,57664.00,63588.00,121252.00,63588,57664,40.00,42.00,82.00,42,40,0.00,0.00,0,0
1476928548,s1,0.00,0.00,0.00,0,0,0.00,0.00,0.00,0,0,0.00,0.00,0,0
1476928548,eth0,304.00,490.00,794.00,490,304,4.00,4.00,8.00,4,4,0.00,0.00,0,0
1476928548,s2,0.00,0.00,0.00,0,0,0.00,0.00,0.00,0,0,0.00,0.00,0,0
1476928548,s1-eth2,1636.00,34294.00,35930.00,34294,1636,18.00,15.00,33.00,15,18,0.00,0.00,0,0
1476928548,s1-eth1,36272.00,996.00,37268.00,996,36272,18.00,14.00,32.00,14,18,0.00,0.00,0,0
1476928548,s2-eth2,562.00,0.00,562.00,0,562,3.00,0.00,3.00,0,3,0.00,0.00,0,0
1476928548,s2-eth1,452.00,0.00,452.00,0,452,2.00,0.00,2.00,0,2,0.00,0.00,0,0
1476928548,lo,682.00,682.00,1364.00,682,682,8.00,8.00,16.00,8,8,0.00,0.00,0,0
1476928548,total,39908.00,36462.00,76370.00,36462,39908,53.00,41.00,94.00,41,53,0.00,0.00,0,0
1476928549,s1,0.00,0.00,0.00,0,0,0.00,0.00,0.00,0,0,0.00,0.00,0,0
1476928549,eth0,456.00,735.00,1191.00,735,456,6.00,6.00,12.00,6,6,0.00,0.00,0,0
1476928549,s2,0.00,0.00,0.00,0,0,0.00,0.00,0.00,0,0,0.00,0.00,0,0
1476928549,s1-eth2,1813.00,41468.00,43281.00,41468,1813,20.00,14.00,34.00,14,20,0.00,0.00,0,0
1476928549,s1-eth1,36888.00,924.00,37812.00,924,36888,20.00,14.00,34.00,14,20,0.00,0.00,0,0
1476928549,s2-eth2,78.00,0.00,78.00,0,78,1.00,0.00,1.00,0,1,0.00,0.00,0,0
1476928549,s2-eth1,188.00,0.00,188.00,0,188,2.00,0.00,2.00,0,2,0.00,0.00,0,0
1476928549,lo,1367.00,1367.00,2734.00,1367,1367,18.00,18.00,36.00,18,18,0.00,0.00,0,0
1476928549,total,40790.00,44494.00,85284.00,44494,40790,67.00,52.00,119.00,52,67,0.00,0.00,0,0
1476928550,s1,0.00,0.00,0.00,0,0,0.00,0.00,0.00,0,0,0.00,0.00,0,0
1476928550,eth0,304.00,490.00,794.00,490,304,4.00,4.00,8.00,4,4,0.00,0.00,0,0
1476928550,s2,0.00,0.00,0.00,0,0,0.00,0.00,0.00,0,0,0.00,0.00,0,0
1476928550,s1-eth2,2501.00,50354.00,52855.00,50354,2501,22.00,17.00,39.00,17,22,0.00,0.00,0,0
1476928550,s1-eth1,57444.00,990.00,58434.00,990,57444,25.00,15.00,40.00,15,25,0.00,0.00,0,0
1476928550,s2-eth2,2106.00,0.00,2106.00,0,2106,11.00,0.00,11.00,0,11,0.00,0.00,0,0
1476928550,s2-eth1,1579.00,0.00,1579.00,0,1579,8.00,0.00,8.00,0,8,0.00,0.00,0,0
1476928550,lo,682.00,682.00,1364.00,682,682,8.00,8.00,16.00,8,8,0.00,0.00,0,0
1476928550,total,64616.00,52516.00,117132.00,52516,64616,78.00,44.00,122.00,44,78,0.00,0.00,0,0
1476928551,s1,0.00,0.00,0.00,0,0,0.00,0.00,0.00,0,0,0.00,0.00,0,0
1476928551,eth0,152.00,245.00,397.00,245,152,2.00,2.00,4.00,2,2,0.00,0.00,0,0
1476928551,s2,0.00,0.00,0.00,0,0,0.00,0.00,0.00,0,0,0.00,0.00,0,0
1476928551,s1-eth2,2847.00,115518.00,118365.00,115518,2847,35.00,39.00,74.00,39,35,0.00,0.00,0,0
1476928551,s1-eth1,95453.00,2178.00,97631.00,2178,95453,34.00,33.00,67.00,33,34,0.00,0.00,0,0
1476928551,s2-eth2,963.00,0.00,963.00,0,963,4.00,0.00,4.00,0,4,0.00,0.00,0,0
1476928551,s2-eth1,1163.00,0.00,1163.00,0,1163,6.00,0.00,6.00,0,6,0.00,0.00,0,0
1476928551,lo,341.00,341.00,682.00,341,341,4.00,4.00,8.00,4,4,0.00,0.00,0,0
1476928551,total,100919.00,118282.00,219201.00,118282,100919,85.00,78.00,163.00,78,85,0.00,0.00,0,0
1476928552,s1,0.00,0.00,0.00,0,0,0.00,0.00,0.00,0,0,0.00,0.00,0,0
1476928552,eth0,0.00,0.00,0.00,0,0,0.00,0.00,0.00,0,0,0.00,0.00,0,0
1476928552,s2,0.00,0.00,0.00,0,0,0.00,0.00,0.00,0,0,0.00,0.00,0,0
1476928552,s1-eth2,4466.00,216226.00,220692.00,216226,4466,64.00,73.00,137.00,73,64,0.00,0.00,0,0
1476928552,s1-eth1,207714.00,4092.00,211806.00,4092,207714,72.00,62.00,134.00,62,72,0.00,0.00,0,0
1476928552,s2-eth2,0.00,0.00,0.00,0,0,0.00,0.00,0.00,0,0,0.00,0.00,0,0
1476928552,s2-eth1,327.00,0.00,327.00,0,327,1.00,0.00,1.00,0,1,0.00,0.00,0,0
1476928552,lo,0.00,0.00,0.00,0,0,0.00,0.00,0.00,0,0,0.00,0.00,0,0
1476928552,total,212507.00,220318.00,432825.00,220318,212507,137.00,135.00,272.00,135,137,0.00,0.00,0,0
1476928553,s1,0.00,0.00,0.00,0,0,0.00,0.00,0.00,0,0,0.00,0.00,0,0
1476928553,eth0,60.00,60.00,120.00,60,60,1.00,1.00,2.00,1,1,0.00,0.00,0,0
1476928553,s2,0.00,0.00,0.00,0,0,0.00,0.00,0.00,0,0,0.00,0.00,0,0
1476928553,s1-eth2,6343.00,240714.00,247057.00,240714,6343,89.00,93.00,182.00,93,89,0.00,0.00,0,0
1476928553,s1-eth1,241111.00,5946.00,247057.00,5946,241111,95.00,87.00,182.00,87,95,0.00,0.00,0,0
1476928553,s2-eth2,701.00,0.00,701.00,0,701,3.00,0.00,3.00,0,3,0.00,0.00,0,0
1476928553,s2-eth1,374.00,0.00,374.00,0,374,2.00,0.00,2.00,0,2,0.00,0.00,0,0
1476928553,lo,0.00,0.00,0.00,0,0,0.00,0.00,0.00,0,0,0.00,0.00,0,0
1476928553,total,248589.00,246720.00,495309.00,246720,248589,190.00,181.00,371.00,181,190,0.00,0.00,0,0
1476928554,s1,0.00,0.00,0.00,0,0,0.00,0.00,0.00,0,0,0.00,0.00,0,0
1476928554,eth0,0.00,0.00,0.00,0,0,0.00,0.00,0.00,0,0,0.00,0.00,0,0
1476928554,s2,0.00,0.00,0.00,0,0,0.00,0.00,0.00,0,0,0.00,0.00,0,0
1476928554,s1-eth2,6446.00,185360.00,191806.00,185360,6446,89.00,88.00,177.00,88,89,0.00,0.00,0,0
1476928554,s1-eth1,194246.00,6446.00,200692.00,6446,194246,91.00,89.00,180.00,89,91,0.00,0.00,0,0
1476928554,s2-eth2,70.00,0.00,70.00,0,70,1.00,0.00,1.00,0,1,0.00,0.00,0,0
1476928554,s2-eth1,397.00,0.00,397.00,0,397,2.00,0.00,2.00,0,2,0.00,0.00,0,0
1476928554,lo,344.00,344.00,688.00,344,344,6.00,6.00,12.00,6,6,0.00,0.00,0,0
1476928554,total,201503.00,192150.00,393653.00,192150,201503,189.00,183.00,372.00,183,189,0.00,0.00,0,0
1476928555,s1,0.00,0.00,0.00,0,0,0.00,0.00,0.00,0,0,0.00,0.00,0,0
1476928555,eth0,0.00,0.00,0.00,0,0,0.00,0.00,0.00,0,0,0.00,0.00,0,0
1476928555,s2,0.00,0.00,0.00,0,0,0.00,0.00,0.00,0,0,0.00,0.00,0,0
1476928555,s1-eth2,4236.00,177720.00,181956.00,177720,4236,60.00,60.00,120.00,60,60,0.00,0.00,0,0
1476928555,s1-eth1,168834.00,3894.00,172728.00,3894,168834,57.00,59.00,116.00,59,57,0.00,0.00,0,0
1476928555,s2-eth2,0.00,0.00,0.00,0,0,0.00,0.00,0.00,0,0,0.00,0.00,0,0
1476928555,s2-eth1,0.00,0.00,0.00,0,0,0.00,0.00,0.00,0,0,0.00,0.00,0,0
1476928555,lo,0.00,0.00,0.00,0,0,0.00,0.00,0.00,0,0,0.00,0.00,0,0
1476928555,total,173070.00,181614.00,354684.00,181614,173070,117.00,119.00,236.00,119,117,0.00,0.00,0,0
1476928556,s1,0.00,0.00,0.00,0,0,0.00,0.00,0.00,0,0,0.00,0.00,0,0
1476928556,eth0,0.00,0.00,0.00,0,0,0.00,0.00,0.00,0,0,0.00,0.00,0,0
1476928556,s2,0.00,0.00,0.00,0,0,0.00,0.00,0.00,0,0,0.00,0.00,0,0
1476928556,s1-eth2,3803.00,168834.00,172637.00,168834,3803,57.00,57.00,114.00,57,57,0.00,0.00,0,0
1476928556,s1-eth1,180789.00,3696.00,184485.00,3696,180789,62.00,56.00,118.00,56,62,0.00,0.00,0,0
1476928556,s2-eth2,0.00,0.00,0.00,0,0,0.00,0.00,0.00,0,0,0.00,0.00,0,0
1476928556,s2-eth1,0.00,0.00,0.00,0,0,0.00,0.00,0.00,0,0,0.00,0.00,0,0
1476928556,lo,0.00,0.00,0.00,0,0,0.00,0.00,0.00,0,0,0.00,0.00,0,0
1476928556,total,184592.00,172530.00,357122.00,172530,184592,119.00,113.00,232.00,113,119,0.00,0.00,0,0
1476928557,s1,0.00,0.00,0.00,0,0,0.00,0.00,0.00,0,0,0.00,0.00,0,0
1476928557,eth0,0.00,0.00,0.00,0,0,0.00,0.00,0.00,0,0,0.00,0.00,0,0
1476928557,s2,0.00,0.00,0.00,0,0,0.00,0.00,0.00,0,0,0.00,0.00,0,0
1476928557,s1-eth2,4630.00,178290.00,182920.00,178290,4630,67.00,69.00,136.00,69,67,0.00,0.00,0,0
1476928557,s1-eth1,166854.00,4560.00,171414.00,4560,166854,67.00,66.00,133.00,66,67,0.00,0.00,0,0
1476928557,s2-eth2,449.00,0.00,449.00,0,449,2.00,0.00,2.00,0,2,0.00,0.00,0,0
1476928557,s2-eth1,107.00,0.00,107.00,0,107,1.00,0.00,1.00,0,1,0.00,0.00,0,0
1476928557,lo,0.00,0.00,0.00,0,0,0.00,0.00,0.00,0,0,0.00,0.00,0,0
1476928557,total,172040.00,182850.00,354890.00,182850,172040,137.00,135.00,272.00,135,137,0.00,0.00,0,0
1476928558,s1,0.00,0.00,0.00,0,0,0.00,0.00,0.00,0,0,0.00,0.00,0,0
1476928558,eth0,0.00,0.00,0.00,0,0,0.00,0.00,0.00,0,0,0.00,0.00,0,0
1476928558,s2,0.00,0.00,0.00,0,0,0.00,0.00,0.00,0,0,0.00,0.00,0,0
1476928558,s1-eth2,4009.99,151438.56,155448.56,151590,4014,58.94,58.94,117.88,59,59,0.00,0.00,0,0
1476928558,s1-eth1,145520.48,4009.99,149530.47,4014,145666,56.94,58.94,115.88,59,57,0.00,0.00,0,0
1476928558,s2-eth2,69.93,0.00,69.93,0,70,1.00,0.00,1.00,0,1,0.00,0.00,0,0
1476928558,s2-eth1,411.59,0.00,411.59,0,412,2.00,0.00,2.00,0,2,0.00,0.00,0,0
1476928558,lo,0.00,0.00,0.00,0,0,0.00,0.00,0.00,0,0,0.00,0.00,0,0
1476928558,total,150011.98,155448.56,305460.56,155604,150162,118.88,117.88,236.76,118,119,0.00,0.00,0,0
1476928559,s1,0.00,0.00,0.00,0,0,0.00,0.00,0.00,0,0,0.00,0.00,0,0
1476928559,eth0,0.00,0.00,0.00,0,0,0.00,0.00,0.00,0,0,0.00,0.00,0,0
1476928559,s2,0.00,0.00,0.00,0,0,0.00,0.00,0.00,0,0,0.00,0.00,0,0
1476928559,s1-eth2,3366.00,151062.00,154428.00,151062,3366,51.00,51.00,102.00,51,51,0.00,0.00,0,0
1476928559,s1-eth1,156986.00,3366.00,160352.00,3366,156986,53.00,51.00,104.00,51,53,0.00,0.00,0,0
1476928559,s2-eth2,0.00,0.00,0.00,0,0,0.00,0.00,0.00,0,0,0.00,0.00,0,0
1476928559,s2-eth1,0.00,0.00,0.00,0,0,0.00,0.00,0.00,0,0,0.00,0.00,0,0
1476928559,lo,344.00,344.00,688.00,344,344,6.00,6.00,12.00,6,6,0.00,0.00,0,0
1476928559,total,160696.00,154772.00,315468.00,154772,160696,110.00,108.00,218.00,108,110,0.00,0.00,0,0
1476928560,s1,0.00,0.00,0.00,0,0,0.00,0.00,0.00,0,0,0.00,0.00,0,0
1476928560,eth0,0.00,0.00,0.00,0,0,0.00,0.00,0.00,0,0,0.00,0.00,0,0
1476928560,s2,0.00,0.00,0.00,0,0,0.00,0.00,0.00,0,0,0.00,0.00,0,0
1476928560,s1-eth2,3650.35,95678.33,99328.67,95774,3654,46.95,46.95,93.91,47,47,0.00,0.00,0,0
1476928560,s1-eth1,89628.38,3308.69,92937.06,3312,89718,42.96,45.95,88.91,46,43,0.00,0.00,0,0
1476928560,s2-eth2,0.00,0.00,0.00,0,0,0.00,0.00,0.00,0,0,0.00,0.00,0,0
1476928560,s2-eth1,0.00,0.00,0.00,0,0,0.00,0.00,0.00,0,0,0.00,0.00,0,0
1476928560,lo,0.00,0.00,0.00,0,0,0.00,0.00,0.00,0,0,0.00,0.00,0,0
1476928560,total,93278.73,98987.02,192265.73,99086,93372,89.91,92.91,182.82,93,90,0.00,0.00,0,0
1476928561,s1,0.00,0.00,0.00,0,0,0.00,0.00,0.00,0,0,0.00,0.00,0,0
1476928561,eth0,0.00,0.00,0.00,0,0,0.00,0.00,0.00,0,0,0.00,0.00,0,0
1476928561,s2,0.00,0.00,0.00,0,0,0.00,0.00,0.00,0,0,0.00,0.00,0,0
1476928561,s1-eth2,1458.00,50618.00,52076.00,50618,1458,21.00,21.00,42.00,21,21,0.00,0.00,0,0
1476928561,s1-eth1,56608.00,1524.00,58132.00,1524,56608,24.00,22.00,46.00,22,24,0.00,0.00,0,0
1476928561,s2-eth2,0.00,0.00,0.00,0,0,0.00,0.00,0.00,0,0,0.00,0.00,0,0
1476928561,s2-eth1,0.00,0.00,0.00,0,0,0.00,0.00,0.00,0,0,0.00,0.00,0,0
1476928561,lo,0.00,0.00,0.00,0,0,0.00,0.00,0.00,0,0,0.00,0.00,0,0
1476928561,total,58066.00,52142.00,110208.00,52142,58066,45.00,43.00,88.00,43,45,0.00,0.00,0,0
1476928562,s1,0.00,0.00,0.00,0,0,0.00,0.00,0.00,0,0,0.00,0.00,0,0
1476928562,eth0,120.00,120.00,240.00,120,120,2.00,2.00,4.00,2,2,0.00,0.00,0,0
1476928562,s2,0.00,0.00,0.00,0,0,0.00,0.00,0.00,0,0,0.00,0.00,0,0
1476928562,s1-eth2,1632.00,65362.00,66994.00,65362,1632,24.00,25.00,49.00,25,24,0.00,0.00,0,0
1476928562,s1-eth1,56476.00,1566.00,58042.00,1566,56476,22.00,23.00,45.00,23,22,0.00,0.00,0,0
1476928562,s2-eth2,0.00,0.00,0.00,0,0,0.00,0.00,0.00,0,0,0.00,0.00,0,0
1476928562,s2-eth1,0.00,0.00,0.00,0,0,0.00,0.00,0.00,0,0,0.00,0.00,0,0
1476928562,lo,0.00,0.00,0.00,0,0,0.00,0.00,0.00,0,0,0.00,0.00,0,0
1476928562,total,58228.00,67048.00,125276.00,67048,58228,48.00,50.00,98.00,50,48,0.00,0.00,0,0
1476928563,s1,0.00,0.00,0.00,0,0,0.00,0.00,0.00,0,0,0.00,0.00,0,0
1476928563,eth0,0.00,0.00,0.00,0,0,0.00,0.00,0.00,0,0,0.00,0.00,0,0
1476928563,s2,0.00,0.00,0.00,0,0,0.00,0.00,0.00,0,0,0.00,0.00,0,0
1476928563,s1-eth2,1518.00,71088.00,72606.00,71088,1518,23.00,24.00,47.00,24,23,0.00,0.00,0,0
1476928563,s1-eth1,74050.00,1518.00,75568.00,1518,74050,25.00,23.00,48.00,23,25,0.00,0.00,0,0
1476928563,s2-eth2,0.00,0.00,0.00,0,0,0.00,0.00,0.00,0,0,0.00,0.00,0,0
1476928563,s2-eth1,0.00,0.00,0.00,0,0,0.00,0.00,0.00,0,0,0.00,0.00,0,0
1476928563,lo,0.00,0.00,0.00,0,0,0.00,0.00,0.00,0,0,0.00,0.00,0,0
1476928563,total,75568.00,72606.00,148174.00,72606,75568,48.00,47.00,95.00,47,48,0.00,0.00,0,0
1476928564,s1,0.00,0.00,0.00,0,0,0.00,0.00,0.00,0,0,0.00,0.00,0,0
1476928564,eth0,0.00,0.00,0.00,0,0,0.00,0.00,0.00,0,0,0.00,0.00,0,0
1476928564,s2,0.00,0.00,0.00,0,0,0.00,0.00,0.00,0,0,0.00,0.00,0,0
1476928564,s1-eth2,1715.00,72668.00,74383.00,72668,1715,25.00,26.00,51.00,26,25,0.00,0.00,0,0
1476928564,s1-eth1,66785.00,1608.00,68393.00,1608,66785,24.00,24.00,48.00,24,24,0.00,0.00,0,0
1476928564,s2-eth2,0.00,0.00,0.00,0,0,0.00,0.00,0.00,0,0,0.00,0.00,0,0
1476928564,s2-eth1,0.00,0.00,0.00,0,0,0.00,0.00,0.00,0,0,0.00,0.00,0,0
1476928564,lo,344.00,344.00,688.00,344,344,6.00,6.00,12.00,6,6,0.00,0.00,0,0
1476928564,total,68844.00,74620.00,143464.00,74620,68844,55.00,56.00,111.00,56,55,0.00,0.00,0,0
1476928565,s1,0.00,0.00,0.00,0,0,0.00,0.00,0.00,0,0,0.00,0.00,0,0
1476928565,eth0,0.00,0.00,0.00,0,0,0.00,0.00,0.00,0,0,0.00,0.00,0,0
1476928565,s2,0.00,0.00,0.00,0,0,0.00,0.00,0.00,0,0,0.00,0.00,0,0
1476928565,s1-eth2,1398.00,63716.00,65114.00,63716,1398,21.00,22.00,43.00,22,21,0.00,0.00,0,0
1476928565,s1-eth1,63782.00,1464.00,65246.00,1464,63782,23.00,22.00,45.00,22,23,0.00,0.00,0,0
1476928565,s2-eth2,107.00,0.00,107.00,0,107,1.00,0.00,1.00,0,1,0.00,0.00,0,0
1476928565,s2-eth1,107.00,0.00,107.00,0,107,1.00,0.00,1.00,0,1,0.00,0.00,0,0
1476928565,lo,0.00,0.00,0.00,0,0,0.00,0.00,0.00,0,0,0.00,0.00,0,0
1476928565,total,65394.00,65180.00,130574.00,65180,65394,46.00,44.00,90.00,44,46,0.00,0.00,0,0
1476928566,s1,0.00,0.00,0.00,0,0,0.00,0.00,0.00,0,0,0.00,0.00,0,0
1476928566,eth0,0.00,0.00,0.00,0,0,0.00,0.00,0.00,0,0,0.00,0.00,0,0
1476928566,s2,0.00,0.00,0.00,0,0,0.00,0.00,0.00,0,0,0.00,0.00,0,0
1476928566,s1-eth2,1614.00,61084.00,62698.00,61084,1614,23.00,26.00,49.00,26,23,0.00,0.00,0,0
1476928566,s1-eth1,56608.00,1548.00,58156.00,1548,56608,24.00,22.00,46.00,22,24,0.00,0.00,0,0
1476928566,s2-eth2,0.00,0.00,0.00,0,0,0.00,0.00,0.00,0,0,0.00,0.00,0,0
1476928566,s2-eth1,0.00,0.00,0.00,0,0,0.00,0.00,0.00,0,0,0.00,0.00,0,0
1476928566,lo,0.00,0.00,0.00,0,0,0.00,0.00,0.00,0,0,0.00,0.00,0,0
1476928566,total,58222.00,62632.00,120854.00,62632,58222,47.00,48.00,95.00,48,47,0.00,0.00,0,0
1476928567,s1,0.00,0.00,0.00,0,0,0.00,0.00,0.00,0,0,0.00,0.00,0,0
1476928567,eth0,60.00,60.00,120.00,60,60,1.00,1.00,2.00,1,1,0.00,0.00,0,0
1476928567,s2,0.00,0.00,0.00,0,0,0.00,0.00,0.00,0,0,0.00,0.00,0,0
1476928567,s1-eth2,1872.00,69640.00,71512.00,69640,1872,24.00,24.00,48.00,24,24,0.00,0.00,0,0
1476928567,s1-eth1,71088.00,1530.00,72618.00,1530,71088,24.00,23.00,47.00,23,24,0.00,0.00,0,0
1476928567,s2-eth2,342.00,0.00,342.00,0,342,1.00,0.00,1.00,0,1,0.00,0.00,0,0
1476928567,s2-eth1,0.00,0.00,0.00,0,0,0.00,0.00,0.00,0,0,0.00,0.00,0,0
1476928567,lo,0.00,0.00,0.00,0,0,0.00,0.00,0.00,0,0,0.00,0.00,0,0
1476928567,total,73362.00,71230.00,144592.00,71230,73362,50.00,48.00,98.00,48,50,0.00,0.00,0,0
1476928568,s1,0.00,0.00,0.00,0,0,0.00,0.00,0.00,0,0,0.00,0.00,0,0
1476928568,eth0,0.00,0.00,0.00,0,0,0.00,0.00,0.00,0,0,0.00,0.00,0,0
1476928568,s2,0.00,0.00,0.00,0,0,0.00,0.00,0.00,0,0,0.00,0.00,0,0
1476928568,s1-eth2,1140.00,40284.00,41424.00,40284,1140,16.00,18.00,34.00,18,16,0.00,0.00,0,0
1476928568,s1-eth1,35874.00,1140.00,37014.00,1140,35874,17.00,16.00,33.00,16,17,0.00,0.00,0,0
1476928568,s2-eth2,0.00,0.00,0.00,0,0,0.00,0.00,0.00,0,0,0.00,0.00,0,0
1476928568,s2-eth1,0.00,0.00,0.00,0,0,0.00,0.00,0.00,0,0,0.00,0.00,0,0
1476928568,lo,0.00,0.00,0.00,0,0,0.00,0.00,0.00,0,0,0.00,0.00,0,0
1476928568,total,37014.00,41424.00,78438.00,41424,37014,33.00,34.00,67.00,34,33,0.00,0.00,0,0
1476928569,s1,0.00,0.00,0.00,0,0,0.00,0.00,0.00,0,0,0.00,0.00,0,0
1476928569,eth0,0.00,0.00,0.00,0,0,0.00,0.00,0.00,0,0,0.00,0.00,0,0
1476928569,s2,0.00,0.00,0.00,0,0,0.00,0.00,0.00,0,0,0.00,0.00,0,0
1476928569,s1-eth2,1146.00,32978.00,34124.00,32978,1146,17.00,17.00,34.00,17,17,0.00,0.00,0,0
1476928569,s1-eth1,27396.00,1146.00,28542.00,1146,27396,16.00,17.00,33.00,17,16,0.00,0.00,0,0
1476928569,s2-eth2,0.00,0.00,0.00,0,0,0.00,0.00,0.00,0,0,0.00,0.00,0,0
1476928569,s2-eth1,0.00,0.00,0.00,0,0,0.00,0.00,0.00,0,0,0.00,0.00,0,0
1476928569,lo,344.00,344.00,688.00,344,344,6.00,6.00,12.00,6,6,0.00,0.00,0,0
1476928569,total,28886.00,34468.00,63354.00,34468,28886,39.00,40.00,79.00,40,39,0.00,0.00,0,0
1476928570,s1,0.00,0.00,0.00,0,0,0.00,0.00,0.00,0,0,0.00,0.00,0,0
1476928570,eth0,0.00,0.00,0.00,0,0,0.00,0.00,0.00,0,0,0.00,0.00,0,0
1476928570,s2,0.00,0.00,0.00,0,0,0.00,0.00,0.00,0,0,0.00,0.00,0,0
1476928570,s1-eth2,858.00,41468.00,42326.00,41468,858,13.00,14.00,27.00,14,13,0.00,0.00,0,0
1476928570,s1-eth1,47392.00,858.00,48250.00,858,4