1471912501,s5,0.00,0.00,0.00,0,0,0.00,0.00,0.00,0,0,0.00,0.00,0,0
1471912501,s1,0.00,0.00,0.00,0,0,0.00,0.00,0.00,0,0,0.00,0.00,0,0
1471912501,eth0,0.00,0.00,0.00,0,0,0.00,0.00,0.00,0,0,0.00,0.00,0,0
1471912501,s2,0.00,0.00,0.00,0,0,0.00,0.00,0.00,0,0,0.00,0.00,0,0
1471912501,s1-eth2,0.00,0.00,0.00,0,0,0.00,0.00,0.00,0,0,0.00,0.00,0,0
1471912501,s1-eth1,0.00,0.00,0.00,0,0,0.00,0.00,0.00,0,0,0.00,0.00,0,0
1471912501,s3,0.00,0.00,0.00,0,0,0.00,0.00,0.00,0,0,0.00,0.00,0,0
1471912501,s2-eth2,0.00,0.00,0.00,0,0,0.00,0.00,0.00,0,0,0.00,0.00,0,0
1471912501,s2-eth1,0.00,0.00,0.00,0,0,0.00,0.00,0.00,0,0,0.00,0.00,0,0
1471912501,lo,0.00,0.00,0.00,0,0,0.00,0.00,0.00,0,0,0.00,0.00,0,0
1471912501,s4,0.00,0.00,0.00,0,0,0.00,0.00,0.00,0,0,0.00,0.00,0,0
1471912501,s3-eth2,0.00,0.00,0.00,0,0,0.00,0.00,0.00,0,0,0.00,0.00,0,0
1471912501,s3-eth1,0.00,0.00,0.00,0,0,0.00,0.00,0.00,0,0,0.00,0.00,0,0
1471912501,total,0.00,0.00,0.00,0,0,0.00,0.00,0.00,0,0,0.00,0.00,0,0
1471912502,s5,0.00,0.00,0.00,0,0,0.00,0.00,0.00,0,0,0.00,0.00,0,0
1471912502,s1,250.00,3539.00,3789.00,3539,250,3.00,20.00,23.00,20,3,0.00,0.00,0,0
1471912502,eth0,914.00,1278.00,2192.00,1278,914,12.00,12.00,24.00,12,12,0.00,0.00,0,0
1471912502,s2,90.00,3927.00,4017.00,3927,90,1.00,23.00,24.00,23,1,0.00,0.00,0,0
1471912502,s1-eth2,54249.00,5916506.00,5970755.00,5916506,54249,767.00,833.00,1600.00,833,767,0.00,0.00,0,0
1471912502,s1-eth1,5898942.00,52091.00,5951033.00,52091,5898942,833.00,756.00,1589.00,756,833,0.00,0.00,0,0
1471912502,s3,250.00,3945.00,4195.00,3945,250,3.00,23.00,26.00,23,3,0.00,0.00,0,0
1471912502,s2-eth2,5907367.00,50757.00,5958124.00,50757,5907367,834.00,752.00,1586.00,752,834,0.00,0.00,0,0
1471912502,s2-eth1,52091.00,5898942.00,5951033.00,5898942,52091,756.00,833.00,1589.00,833,756,0.00,0.00,0,0
1471912502,lo,22042.00,22042.00,44084.00,22042,22042,210.00,210.00,420.00,210,210,0.00,0.00,0,0
1471912502,s4,0.00,0.00,0.00,0,0,0.00,0.00,0.00,0,0,0.00,0.00,0,0
1471912502,s3-eth2,5897295.00,49128.00,5946423.00,49128,5897295,836.00,744.00,1580.00,744,836,0.00,0.00,0,0
1471912502,s3-eth1,50757.00,5907367.00,5958124.00,5907367,50757,752.00,834.00,1586.00,834,752,0.00,0.00,0,0
1471912502,total,17884248.00,17909522.00,35793768.00,17909522,17884247,5007.00,5040.00,10047.00,5040,5007,0.00,0.00,0,0
1471912503,s5,0.00,0.00,0.00,0,0,0.00,0.00,0.00,0,0,0.00,0.00,0,0
1471912503,s1,0.00,996.00,996.00,996,0,0.00,3.00,3.00,3,0,0.00,0.00,0,0
1471912503,eth0,152.00,245.00,397.00,245,152,2.00,2.00,4.00,2,2,0.00,0.00,0,0
1471912503,s2,0.00,1183.00,1183.00,1183,0,0.00,4.00,4.00,4,0,0.00,0.00,0,0
1471912503,s1-eth2,69939.00,5909982.00,5979921.00,5909982,69939,1037.00,1283.00,2320.00,1283,1037,0.00,0.00,0,0
1471912503,s1-eth1,5916354.00,68976.00,5985330.00,68976,5916354,1286.00,1033.00,2319.00,1033,1286,0.00,0.00,0,0
1471912503,s3,0.00,1225.00,1225.00,1225,0,0.00,6.00,6.00,6,0,0.00,0.00,0,0
1471912503,s2-eth2,5914301.00,68847.00,5983148.00,68847,5914301,1292.00,1035.00,2327.00,1035,1292,0.00,0.00,0,0
1471912503,s2-eth1,68976.00,5916354.00,5985330.00,5916354,68976,1033.00,1286.00,2319.00,1286,1033,0.00,0.00,0,0
1471912503,lo,4572.00,4572.00,9144.00,4572,4572,44.00,44.00,88.00,44,44,0.00,0.00,0,0
1471912503,s4,0.00,0.00,0.00,0,0,0.00,0.00,0.00,0,0,0.00,0.00,0,0
1471912503,s3-eth2,5913367.00,68508.00,5981875.00,68508,5913367,1294.00,1038.00,2332.00,1038,1294,0.00,0.00,0,0
1471912503,s3-eth1,68847.00,5914301.00,5983148.00,5914301,68847,1035.00,1292.00,2327.00,1292,1035,0.00,0.00,0,0
1471912503,total,17956508.00,17955188.00,35911696.00,17955189,17956508,7023.00,7026.00,14049.00,7026,7023,0.00,0.00,0,0
1471912504,s5,0.00,0.00,0.00,0,0,0.00,0.00,0.00,0,0,0.00,0.00,0,0
1471912504,s1,0.00,481.00,481.00,481,0,0.00,3.00,3.00,3,0,0.00,0.00,0,0
1471912504,eth0,0.00,0.00,0.00,0,0,0.00,0.00,0.00,0,0,0.00,0.00,0,0
1471912504,s2,0.00,214.00,214.00,214,0,0.00,2.00,2.00,2,0,0.00,0.00,0,0
1471912504,s1-eth2,88261.00,5896170.00,5984431.00,5896170,88261,1333.00,1337.00,2670.00,1337,1333,0.00,0.00,0,0
1471912504,s1-eth1,5891867.00,88525.00,5980392.00,88525,5891867,1337.00,1337.00,2674.00,1337,1337,0.00,0.00,0,0
1471912504,s3,0.00,776.00,776.00,776,0,0.00,3.00,3.00,3,0,0.00,0.00,0,0
1471912504,s2-eth2,5892536.00,88217.00,5980753.00,88217,5892536,1339.00,1336.00,2675.00,1336,1339,0.00,0.00,0,0
1471912504,s2-eth1,88525.00,5891867.00,5980392.00,5891867,88525,1337.00,1337.00,2674.00,1337,1337,0.00,0.00,0,0
1471912504,lo,2503.00,2503.00,5006.00,2503,2503,24.00,24.00,48.00,24,24,0.00,0.00,0,0
1471912504,s4,0.00,0.00,0.00,0,0,0.00,0.00,0.00,0,0,0.00,0.00,0,0
1471912504,s3-eth2,5892985.00,88110.00,5981095.00,88110,5892985,1341.00,1335.00,2676.00,1335,1341,0.00,0.00,0,0
1471912504,s3-eth1,88217.00,5892536.00,5980753.00,5892536,88217,1336.00,1339.00,2675.00,1339,1336,0.00,0.00,0,0
1471912504,total,17944894.00,17949400.00,35894292.00,17949399,17944894,8047.00,8053.00,16100.00,8053,8047,0.00,0.00,0,0
1471912505,s5,0.00,0.00,0.00,0,0,0.00,0.00,0.00,0,0,0.00,0.00,0,0
1471912505,s1,0.00,1271.00,1271.00,1271,0,0.00,8.00,8.00,8,0,0.00,0.00,0,0
1471912505,eth0,60.00,60.00,120.00,60,60,1.00,1.00,2.00,1,1,0.00,0.00,0,0
1471912505,s2,70.00,1468.00,1538.00,1468,70,1.00,8.00,9.00,8,1,0.00,0.00,0,0
1471912505,s1-eth2,69621.00,5875842.00,5945463.00,5875842,69621,1040.00,1007.00,2047.00,1007,1040,0.00,0.00,0,0
1471912505,s1-eth1,5879732.00,69049.00,5948781.00,69049,5879732,1015.00,1035.00,2050.00,1035,1015,0.00,0.00,0,0
1471912505,s3,0.00,1248.00,1248.00,1248,0,0.00,8.00,8.00,8,0,0.00,0.00,0,0
1471912505,s2-eth2,5876030.00,68384.00,5944414.00,68384,5876030,1021.00,1029.00,2050.00,1029,1021,0.00,0.00,0,0
1471912505,s2-eth1,69049.00,5879732.00,5948781.00,5879732,69049,1035.00,1015.00,2050.00,1015,1035,0.00,0.00,0,0
1471912505,lo,7109.00,7109.00,14218.00,7109,7109,71.00,71.00,142.00,71,71,0.00,0.00,0,0
1471912505,s4,0.00,0.00,0.00,0,0,0.00,0.00,0.00,0,0,0.00,0.00,0,0
1471912505,s3-eth2,5878336.00,67456.00,5945792.00,67456,5878336,1027.00,1022.00,2049.00,1022,1027,0.00,0.00,0,0
1471912505,s3-eth1,68384.00,5876030.00,5944414.00,5876030,68384,1029.00,1021.00,2050.00,1021,1029,0.00,0.00,0,0
1471912505,total,17848392.00,17847648.00,35696040.00,17847649,17848391,6240.00,6225.00,12465.00,6225,6240,0.00,0.00,0,0
1471912506,s5,0.00,0.00,0.00,0,0,0.00,0.00,0.00,0,0,0.00,0.00,0,0
1471912506,s1,70.00,70.00,140.00,70,70,1.00,1.00,2.00,1,1,0.00,0.00,0,0
1471912506,eth0,0.00,0.00,0.00,0,0,0.00,0.00,0.00,0,0,0.00,0.00,0,0
1471912506,s2,0.00,140.00,140.00,140,0,0.00,2.00,2.00,2,0,0.00,0.00,0,0
1471912506,s1-eth2,67659.00,5945870.00,6013529.00,5945870,67659,1021.00,1015.00,2036.00,1015,1021,0.00,0.00,0,0
1471912506,s1-eth1,5951798.00,67126.00,6018924.00,67126,5951798,1017.00,1017.00,2034.00,1017,1017,0.00,0.00,0,0
1471912506,s3,70.00,467.00,537.00,467,70,1.00,3.00,4.00,3,1,0.00,0.00,0,0
1471912506,s2-eth2,5952195.00,67126.00,6019321.00,67126,5952195,1019.00,1017.00,2036.00,1017,1019,0.00,0.00,0,0
1471912506,s2-eth1,67126.00,5951798.00,6018924.00,5951798,67126,1017.00,1017.00,2034.00,1017,1017,0.00,0.00,0,0
1471912506,lo,2598.00,2598.00,5196.00,2598,2598,31.00,31.00,62.00,31,31,0.00,0.00,0,0
1471912506,s4,0.00,0.00,0.00,0,0,0.00,0.00,0.00,0,0,0.00,0.00,0,0
1471912506,s3-eth2,5952335.00,67056.00,6019391.00,67056,5952335,1021.00,1016.00,2037.00,1016,1021,0.00,0.00,0,0
1471912506,s3-eth1,67126.00,5952195.00,6019321.00,5952195,67126,1017.00,1019.00,2036.00,1019,1017,0.00,0.00,0,0
1471912506,total,18060976.00,18054446.00,36115424.00,18054446,18060977,6145.00,6138.00,12283.00,6138,6145,0.00,0.00,0,0
1471912507,s5,0.00,0.00,0.00,0,0,0.00,0.00,0.00,0,0,0.00,0.00,0,0
1471912507,s1,0.00,0.00,0.00,0,0,0.00,0.00,0.00,0,0,0.00,0.00,0,0
1471912507,eth0,0.00,0.00,0.00,0,0,0.00,0.00,0.00,0,0,0.00,0.00,0,0
1471912507,s2,0.00,0.00,0.00,0,0,0.00,0.00,0.00,0,0,0.00,0.00,0,0
1471912507,s1-eth2,66990.00,5957586.00,6024576.00,5957586,66990,1015.00,1017.00,2032.00,1017,1015,0.00,0.00,0,0
1471912507,s1-eth1,5957586.00,67056.00,6024642.00,67056,5957586,1017.00,1016.00,2033.00,1016,1017,0.00,0.00,0,0
1471912507,s3,0.00,0.00,0.00,0,0,0.00,0.00,0.00,0,0,0.00,0.00,0,0
1471912507,s2-eth2,5951728.00,66990.00,6018718.00,66990,5951728,1016.00,1015.00,2031.00,1015,1016,0.00,0.00,0,0
1471912507,s2-eth1,67056.00,5957586.00,6024642.00,5957586,67056,1016.00,1017.00,2033.00,1017,1016,0.00,0.00,0,0
1471912507,lo,0.00,0.00,0.00,0,0,0.00,0.00,0.00,0,0,0.00,0.00,0,0
1471912507,s4,0.00,0.00,0.00,0,0,0.00,0.00,0.00,0,0,0.00,0.00,0,0
1471912507,s3-eth2,5952070.00,67056.00,6019126.00,67056,5952070,1017.00,1016.00,2033.00,1016,1017,0.00,0.00,0,0
1471912507,s3-eth1,66990.00,5951728.00,6018718.00,5951728,66990,1015.00,1016.00,2031.00,1016,1015,0.00,0.00,0,0
1471912507,total,18062420.00,18068002.00,36130424.00,18068002,18062420,6096.00,6097.00,12193.00,6097,6096,0.00,0.00,0,0
1471912508,s5,0.00,0.00,0.00,0,0,0.00,0.00,0.00,0,0,0.00,0.00,0,0
1471912508,s1,0.00,556.00,556.00,556,0,0.00,3.00,3.00,3,0,0.00,0.00,0,0
1471912508,eth0,0.00,0.00,0.00,0,0,0.00,0.00,0.00,0,0,0.00,0.00,0,0
1471912508,s2,0.00,556.00,556.00,556,0,0.00,3.00,3.00,3,0,0.00,0.00,0,0
1471912508,s1-eth2,68284.00,5945870.00,6014154.00,5945870,68284,1025.00,1015.00,2040.00,1015,1025,0.00,0.00,0,0
1471912508,s1-eth1,5946319.00,67876.00,6014195.00,67876,5946319,1017.00,1023.00,2040.00,1023,1017,0.00,0.00,0,0
1471912508,s3,0.00,449.00,449.00,449,0,0.00,2.00,2.00,2,0,0.00,0.00,0,0
1471912508,s2-eth2,5952177.00,67427.00,6019604.00,67427,5952177,1018.00,1021.00,2039.00,1021,1018,0.00,0.00,0,0
1471912508,s2-eth1,67876.00,5946319.00,6014195.00,5946319,67876,1023.00,1017.00,2040.00,1017,1023,0.00,0.00,0,0
1471912508,lo,2503.00,2503.00,5006.00,2503,2503,24.00,24.00,48.00,24,24,0.00,0.00,0,0
1471912508,s4,0.00,0.00,0.00,0,0,0.00,0.00,0.00,0,0,0.00,0.00,0,0
1471912508,s3-eth2,5952284.00,67254.00,6019538.00,67254,5952284,1019.00,1019.00,2038.00,1019,1019,0.00,0.00,0,0
1471912508,s3-eth1,67427.00,5952177.00,6019604.00,5952177,67427,1021.00,1018.00,2039.00,1018,1021,0.00,0.00,0,0
1471912508,total,18056870.00,18050988.00,36107856.00,18050987,18056870,6147.00,6145.00,12292.00,6145,6147,0.00,0.00,0,0
1471912509,s5,0.00,0.00,0.00,0,0,0.00,0.00,0.00,0,0,0.00,0.00,0,0
1471912509,s1,0.00,350.00,350.00,350,0,0.00,5.00,5.00,5,0,0.00,0.00,0,0
1471912509,eth0,0.00,0.00,0.00,0,0,0.00,0.00,0.00,0,0,0.00,0.00,0,0
1471912509,s2,70.00,280.00,350.00,280,70,1.00,4.00,5.00,4,1,0.00,0.00,0,0
1471912509,s1-eth2,67047.00,5934224.00,6001271.00,5934224,67047,1015.00,1014.00,2029.00,1014,1015,0.00,0.00,0,0
1471912509,s1-eth1,5934294.00,66874.00,6001168.00,66874,5934294,1015.00,1013.00,2028.00,1013,1015,0.00,0.00,0,0
1471912509,s3,0.00,659.00,659.00,659,0,0.00,5.00,5.00,5,0,0.00,0.00,0,0
1471912509,s2-eth2,5928885.00,66734.00,5995619.00,66734,5928885,1016.00,1011.00,2027.00,1011,1016,0.00,0.00,0,0
1471912509,s2-eth1,66874.00,5934294.00,6001168.00,5934294,66874,1013.00,1015.00,2028.00,1015,1013,0.00,0.00,0,0
1471912509,lo,4063.00,4063.00,8126.00,4063,4063,44.00,44.00,88.00,44,44,0.00,0.00,0,0
1471912509,s4,0.00,0.00,0.00,0,0,0.00,0.00,0.00,0,0,0.00,0.00,0,0
1471912509,s3-eth2,5928955.00,66664.00,5995619.00,66664,5928955,1017.00,1010.00,2027.00,1010,1017,0.00,0.00,0,0
1471912509,s3-eth1,66734.00,5928885.00,5995619.00,5928885,66734,1011.00,1016.00,2027.00,1016,1011,0.00,0.00,0,0
1471912509,total,17996922.00,18003028.00,35999948.00,18003027,17996922,6132.00,6137.00,12269.00,6137,6132,0.00,0.00,0,0
1471912510,s5,0.00,0.00,0.00,0,0,0.00,0.00,0.00,0,0,0.00,0.00,0,0
1471912510,s1,70.00,70.00,140.00,70,70,1.00,1.00,2.00,1,1,0.00,0.00,0,0
1471912510,eth0,0.00,0.00,0.00,0,0,0.00,0.00,0.00,0,0,0.00,0.00,0,0
1471912510,s2,0.00,140.00,140.00,140,0,0.00,2.00,2.00,2,0,0.00,0.00,0,0
1471912510,s1-eth2,64296.00,5699834.00,5764130.00,5699834,64296,974.00,973.00,1947.00,973,974,0.00,0.00,0,0
1471912510,s1-eth1,5699904.00,64222.00,5764126.00,64222,5699904,974.00,973.00,1947.00,973,974,0.00,0.00,0,0
1471912510,s3,70.00,210.00,280.00,210,70,1.00,3.00,4.00,3,1,0.00,0.00,0,0
1471912510,s2-eth2,5700044.00,64288.00,5764332.00,64288,5700044,976.00,974.00,1950.00,974,976,0.00,0.00,0,0
1471912510,s2-eth1,64222.00,5699904.00,5764126.00,5699904,64222,973.00,974.00,1947.00,974,973,0.00,0.00,0,0
1471912510,lo,2196.00,2196.00,4392.00,2196,2196,25.00,25.00,50.00,25,25,0.00,0.00,0,0
1471912510,s4,0.00,0.00,0.00,0,0,0.00,0.00,0.00,0,0,0.00,0.00,0,0
1471912510,s3-eth2,5700114.00,64218.00,5764332.00,64218,5700114,977.00,973.00,1950.00,973,977,0.00,0.00,0,0
1471912510,s3-eth1,64288.00,5700044.00,5764332.00,5700044,64288,974.00,976.00,1950.00,976,974,0.00,0.00,0,0
1471912510,total,17295204.00,17295126.00,34590328.00,17295126,17295204,5875.00,5874.00,11749.00,5874,5875,0.00,0.00,0,0
1471912511,s5,0.00,0.00,0.00,0,0,0.00,0.00,0.00,0,0,0.00,0.00,0,0
1471912511,s1,0.00,342.00,342.00,342,0,0.00,1.00,1.00,1,0,0.00,0.00,0,0
1471912511,eth0,0.00,0.00,0.00,0,0,0.00,0.00,0.00,0,0,0.00,0.00,0,0
1471912511,s2,0.00,342.00,342.00,342,0,0.00,1.00,1.00,1,0,0.00,0.00,0,0
1471912511,s1-eth2,60138.00,5145572.00,5205710.00,5145572,60138,907.00,934.00,1841.00,934,907,0.00,0.00,0,0
1471912511,s1-eth1,5149718.00,60402.00,5210120.00,60402,5149718,931.00,911.00,1842.00,911,931,0.00,0.00,0,0
1471912511,s3,0.00,0.00,0.00,0,0,0.00,0.00,0.00,0,0,0.00,0.00,0,0
1471912511,s2-eth2,5142082.00,60534.00,5202616.00,60534,5142082,925.00,913.00,1838.00,913,925,0.00,0.00,0,0
1471912511,s2-eth1,60402.00,5149718.00,5210120.00,5149718,60402,911.00,931.00,1842.00,931,911,0.00,0.00,0,0
1471912511,lo,996.00,996.00,1992.00,996,996,12.00,12.00,24.00,12,12,0.00,0.00,0,0
1471912511,s4,0.00,0.00,0.00,0,0,0.00,0.00,0.00,0,0,0.00,0.00,0,0
1471912511,s3-eth2,5135960.00,60456.00,5196416.00,60456,5135960,920.00,916.00,1836.00,916,920,0.00,0.00,0,0
1471912511,s3-eth1,60534.00,5142082.00,5202616.00,5142082,60534,913.00,925.00,1838.00,925,913,0.00,0.00,0,0
1471912511,total,15609830.00,15620444.00,31230274.00,15620444,15609830,5519.00,5544.00,11063.00,5544,5519,0.00,0.00,0,0
1471912512,s5,0.00,0.00,0.00,0,0,0.00,0.00,0.00,0,0,0.00,0.00,0,0
1471912512,s1,0.00,0.00,0.00,0,0,0.00,0.00,0.00,0,0,0.00,0.00,0,0
1471912512,eth0,0.00,0.00,0.00,0,0,0.00,0.00,0.00,0,0,0.00,0.00,0,0
1471912512,s2,0.00,0.00,0.00,0,0,0.00,0.00,0.00,0,0,0.00,0.00,0,0
1471912512,s1-eth2,70356.00,4670190.00,4740546.00,4670190,70356,1066.00,1059.00,2125.00,1059,1066,0.00,0.00,0,0
1471912512,s1-eth1,4661370.00,70224.00,4731594.00,70224,4661370,1057.00,1064.00,2121.00,1064,1057,0.00,0.00,0,0
1471912512,s3,0.00,0.00,0.00,0,0,0.00,0.00,0.00,0,0,0.00,0.00,0,0
1471912512,s2-eth2,4656960.00,70092.00,4727052.00,70092,4656960,1056.00,1062.00,2118.00,1062,1056,0.00,0.00,0,0
1471912512,s2-eth1,70224.00,4661370.00,4731594.00,4661370,70224,1064.00,1057.00,2121.00,1057,1064,0.00,0.00,0,0
1471912512,lo,0.00,0.00,0.00,0,0,0.00,0.00,0.00,0,0,0.00,0.00,0,0
1471912512,s4,0.00,0.00,0.00,0,0,0.00,0.00,0.00,0,0,0.00,0.00,0,0
1471912512,s3-eth2,4656960.00,69894.00,4726854.00,69894,4656960,1056.00,1059.00,2115.00,1059,1056,0.00,0.00,0,0
1471912512,s3-eth1,70092.00,4656960.00,4727052.00,4656960,70092,1062.00,1056.00,2118.00,1056,1062,0.00,0.00,0,0
1471912512,total,14185962.00,14198730.00,28384692.00,14198730,14185962,6361.00,6357.00,12718.00,6357,6361,0.00,0.00,0,0
1471912513,s5,0.00,0.00,0.00,0,0,0.00,0.00,0.00,0,0,0.00,0.00,0,0
1471912513,s1,0.00,0.00,0.00,0,0,0.00,0.00,0.00,0,0,0.00,0.00,0,0
1471912513,eth0,0.00,0.00,0.00,0,0,0.00,0.00,0.00,0,0,0.00,0.00,0,0
1471912513,s2,0.00,0.00,0.00,0,0,0.00,0.00,0.00,0,0,0.00,0.00,0,0
1471912513,s1-eth2,81774.00,5503680.00,5585454.00,5503680,81774,1239.00,1248.00,2487.00,1248,1239,0.00,0.00,0,0
1471912513,s1-eth1,5508090.00,81906.00,5589996.00,81906,5508090,1249.00,1241.00,2490.00,1241,1249,0.00,0.00,0,0
1471912513,s3,0.00,0.00,0.00,0,0,0.00,0.00,0.00,0,0,0.00,0.00,0,0
1471912513,s2-eth2,5508090.00,82038.00,5590128.00,82038,5508090,1249.00,1243.00,2492.00,1243,1249,0.00,0.00,0,0
1471912513,s2-eth1,81906.00,5508090.00,5589996.00,5508090,81906,1241.00,1249.00,2490.00,1249,1241,0.00,0.00,0,0
1471912513,lo,0.00,0.00,0.00,0,0,0.00,0.00,0.00,0,0,0.00,0.00,0,0
1471912513,s4,0.00,0.00,0.00,0,0,0.00,0.00,0.00,0,0,0.00,0.00,0,0
1471912513,s3-eth2,5508090.00,82236.00,5590326.00,82236,5508090,1249.00,1246.00,2495.00,1246,1249,0.00,0.00,0,0
1471912513,s3-eth1,82038.00,5508090.00,5590128.00,5508090,82038,1243.00,1249.00,2492.00,1249,1243,0.00,0.00,0,0
1471912513,total,16769988.00,16766040.00,33536028.00,16766040,16769988,7470.00,7476.00,14946.00,7476,7470,0.00,0.00,0,0
1471912514,s5,0.00,0.00,0.00,0,0,0.00,0.00,0.00,0,0,0.00,0.00,0,0
1471912514,s1,0.00,0.00,0.00,0,0,0.00,0.00,0.00,0,0,0.00,0.00,0,0
1471912514,eth0,0.00,0.00,0.00,0,0,0.00,0.00,0.00,0,0,0.00,0.00,0,0
1471912514,s2,0.00,0.00,0.00,0,0,0.00,0.00,0.00,0,0,0.00,0.00,0,0
1471912514,s1-eth2,83688.00,5752154.00,5835842.00,5752154,83688,1268.00,1305.00,2573.00,1305,1268,0.00,0.00,0,0
1471912514,s1-eth1,5746230.00,83424.00,5829654.00,83424,5746230,1303.00,1264.00,2567.00,1264,1303,0.00,0.00,0,0
1471912514,s3,0.00,0.00,0.00,0,0,0.00,0.00,0.00,0,0,0.00,0.00,0,0
1471912514,s2-eth2,5752088.00,83292.00,5835380.00,83292,5752088,1304.00,1262.00,2566.00,1262,1304,0.00,0.00,0,0
1471912514,s2-eth1,83424.00,5746230.00,5829654.00,5746230,83424,1264.00,1303.00,2567.00,1303,1264,0.00,0.00,0,0
1471912514,lo,0.00,0.00,0.00,0,0,0.00,0.00,0.00,0,0,0.00,0.00,0,0
1471912514,s4,0.00,0.00,0.00,0,0,0.00,0.00,0.00,0,0,0.00,0.00,0,0
1471912514,s3-eth2,5752088.00,83028.00,5835116.00,83028,5752088,1304.00,1258.00,2562.00,1258,1304,0.00,0.00,0,0
1471912514,s3-eth1,83292.00,5752088.00,5835380.00,5752088,83292,1262.00,1304.00,2566.00,1304,1262,0.00,0.00,0,0
1471912514,total,17500810.00,17500216.00,35001024.00,17500216,17500810,7705.00,7696.00,15401.00,7696,7705,0.00,0.00,0,0
1471912515,s5,0.00,0.00,0.00,0,0,0.00,0.00,0.00,0,0,0.00,0.00,0,0
1471912515,s1,0.00,0.00,0.00,0,0,0.00,0.00,0.00,0,0,0.00,0.00,0,0
1471912515,eth0,0.00,0.00,0.00,0,0,0.00,0.00,0.00,0,0,0.00,0.00,0,0
1471912515,s2,0.00,0.00,0.00,0,0,0.00,0.00,0.00,0,0,0.00,0.00,0,0
1471912515,s1-eth2,74778.00,5660510.00,5735288.00,5660510,74778,1133.00,1167.00,2300.00,1167,1133,0.00,0.00,0,0
1471912515,s1-eth1,5660576.00,75042.00,5735618.00,75042,5660576,1168.00,1137.00,2305.00,1137,1168,0.00,0.00,0,0
1471912515,s3,0.00,0.00,0.00,0,0,0.00,0.00,0.00,0,0,0.00,0.00,0,0
1471912515,s2-eth2,5654718.00,75240.00,5729958.00,75240,5654718,1167.00,1140.00,2307.00,1140,1167,0.00,0.00,0,0
1471912515,s2-eth1,75042.00,5660576.00,5735618.00,5660576,75042,1137.00,1168.00,2305.00,1168,1137,0.00,0.00,0,0
1471912515,lo,172.00,172.00,344.00,172,172,3.00,3.00,6.00,3,3,0.00,0.00,0,0
1471912515,s4,0.00,0.00,0.00,0,0,0.00,0.00,0.00,0,0,0.00,0.00,0,0
1471912515,s3-eth2,5655060.00,75438.00,5730498.00,75438,5655060,1168.00,1143.00,2311.00,1143,1168,0.00,0.00,0,0
1471912515,s3-eth1,75240.00,5654718.00,5729958.00,5654718,75240,1140.00,1167.00,2307.00,1167,1140,0.00,0.00,0,0
1471912515,total,17195586.00,17201696.00,34397280.00,17201696,17195586,6916.00,6925.00,13841.00,6925,6916,0.00,0.00,0,0
1471912516,s5,0.00,0.00,0.00,0,0,0.00,0.00,0.00,0,0,0.00,0.00,0,0
1471912516,s1,0.00,214.00,214.00,214,0,0.00,2.00,2.00,2,0,0.00,0.00,0,0
1471912516,eth0,0.00,0.00,0.00,0,0,0.00,0.00,0.00,0,0,0.00,0.00,0,0
1471912516,s2,0.00,214.00,214.00,214,0,0.00,2.00,2.00,2,0,0.00,0.00,0,0
1471912516,s1-eth2,75652.00,5849022.00,5924674.00,5849022,75652,1145.00,1215.00,2360.00,1215,1145,0.00,0.00,0,0
1471912516,s1-eth1,5854987.00,75586.00,5930573.00,75586,5854987,1217.00,1144.00,2361.00,1144,1217,0.00,0.00,0,0
1471912516,s3,0.00,107.00,107.00,107,0,0.00,1.00,1.00,1,0,0.00,0.00,0,0
1471912516,s2-eth2,5850577.00,75479.00,5926056.00,75479,5850577,1216.00,1143.00,2359.00,1143,1216,0.00,0.00,0,0
1471912516,s2-eth1,75586.00,5854987.00,5930573.00,5854987,75586,1144.00,1217.00,2361.00,1217,1144,0.00,0.00,0,0
1471912516,lo,2213.00,2213.00,4426.00,2213,2213,27.00,27.00,54.00,27,27,0.00,0.00,0,0
1471912516,s4,0.00,0.00,0.00,0,0,0.00,0.00,0.00,0,0,0.00,0.00,0,0
1471912516,s3-eth2,5855094.00,75372.00,5930466.00,75372,5855094,1218.00,1142.00,2360.00,1142,1218,0.00,0.00,0,0
1471912516,s3-eth1,75479.00,5850577.00,5926056.00,5850577,75479,1143.00,1216.00,2359.00,1216,1143,0.00,0.00,0,0
1471912516,total,17789588.00,17783772.00,35573360.00,17783771,17789588,7110.00,7109.00,14219.00,7109,7110,0.00,0.00,0,0
1471912517,s5,0.00,0.00,0.00,0,0,0.00,0.00,0.00,0,0,0.00,0.00,0,0
1471912517,s1,0.00,342.00,342.00,342,0,0.00,1.00,1.00,1,0,0.00,0.00,0,0
1471912517,eth0,0.00,0.00,0.00,0,0,0.00,0.00,0.00,0,0,0.00,0.00,0,0
1471912517,s2,0.00,342.00,342.00,342,0,0.00,1.00,1.00,1,0,0.00,0.00,0,0
1471912517,s1-eth2,78395.00,5908088.00,5986483.00,5908088,78395,1183.00,1364.00,2547.00,1364,1183,0.00,0.00,0,0
1471912517,s1-eth1,5912498.00,78288.00,5990786.00,78288,5912498,1365.00,1182.00,2547.00,1182,1365,0.00,0.00,0,0
1471912517,s3,0.00,107.00,107.00,107,0,0.00,1.00,1.00,1,0,0.00,0.00,0,0
1471912517,s2-eth2,5912605.00,78288.00,5990893.00,78288,5912605,1366.00,1182.00,2548.00,1182,1366,0.00,0.00,0,0
1471912517,s2-eth1,78288.00,5912498.00,5990786.00,5912498,78288,1182.00,1365.00,2547.00,1365,1182,0.00,0.00,0,0
1471912517,lo,957.00,957.00,1914.00,957,957,9.00,9.00,18.00,9,9,0.00,0.00,0,0
1471912517,s4,0.00,0.00,0.00,0,0,0.00,0.00,0.00,0,0,0.00,0.00,0,0
1471912517,s3-eth2,5908195.00,78012.00,5986207.00,78012,5908195,1365.00,1182.00,2547.00,1182,1365,0.00,0.00,0,0
1471912517,s3-eth1,78288.00,5912605.00,5990893.00,5912605,78288,1182.00,1366.00,2548.00,1366,1182,0.00,0.00,0,0
1471912517,total,17969226.00,17969528.00,35938752.00,17969527,17969226,7652.00,7653.00,15305.00,7653,7652,0.00,0.00,0,0
1471912518,s5,0.00,0.00,0.00,0,0,0.00,0.00,0.00,0,0,0.00,0.00,0,0
1471912518,s1,0.00,0.00,0.00,0,0,0.00,0.00,0.00,0,0,0.00,0.00,0,0
1471912518,eth0,0.00,0.00,0.00,0,0,0.00,0.00,0.00,0,0,0.00,0.00,0,0
1471912518,s2,0.00,0.00,0.00,0,0,0.00,0.00,0.00,0,0,0.00,0.00,0,0
1471912518,s1-eth2,73722.00,5748116.00,5821838.00,5748116,73722,1117.00,1178.00,2295.00,1178,1117,0.00,0.00,0,0
1471912518,s1-eth1,5752526.00,73788.00,5826314.00,73788,5752526,1179.00,1118.00,2297.00,1118,1179,0.00,0.00,0,0
1471912518,s3,0.00,0.00,0.00,0,0,0.00,0.00,0.00,0,0,0.00,0.00,0,0
1471912518,s2-eth2,5748116.00,73788.00,5821904.00,73788,5748116,1178.00,1118.00,2296.00,1118,1178,0.00,0.00,0,0
1471912518,s2-eth1,73788.00,5752526.00,5826314.00,5752526,73788,1118.00,1179.00,2297.00,1179,1118,0.00,0.00,0,0
1471912518,lo,0.00,0.00,0.00,0,0,0.00,0.00,0.00,0,0,0.00,0.00,0,0
1471912518,s4,0.00,0.00,0.00,0,0,0.00,0.00,0.00,0,0,0.00,0.00,0,0
1471912518,s3-eth2,5748116.00,73788.00,5821904.00,73788,5748116,1178.00,1118.00,2296.00,1118,1178,0.00,0.00,0,0
1471912518,s3-eth1,73788.00,5748116.00,5821904.00,5748116,73788,1118.00,1178.00,2296.00,1178,1118,0.00,0.00,0,0
1471912518,total,17470056.00,17470122.00,34940176.00,17470122,17470056,6888.00,6889.00,13777.00,6889,6888,0.00,0.00,0,0
1471912519,s5,0.00,0.00,0.00,0,0,0.00,0.00,0.00,0,0,0.00,0.00,0,0
1471912519,s1,0.00,0.00,0.00,0,0,0.00,0.00,0.00,0,0,0.00,0.00,0,0
1471912519,eth0,0.00,0.00,0.00,0,0,0.00,0.00,0.00,0,0,0.00,0.00,0,0
1471912519,s2,0.00,0.00,0.00,0,0,0.00,0.00,0.00,0,0,0.00,0.00,0,0
1471912519,s1-eth2,74250.00,5920940.00,5995190.00,5920940,74250,1125.00,1098.00,2223.00,1098,1125,0.00,0.00,0,0
1471912519,s1-eth1,5918242.00,73986.00,5992228.00,73986,5918242,1101.00,1121.00,2222.00,1121,1101,0.00,0.00,0,0
1471912519,s3,0.00,0.00,0.00,0,0,0.00,0.00,0.00,0,0,0.00,0.00,0,0
1471912519,s2-eth2,5927392.00,73788.00,6001180.00,73788,5927392,1108.00,1118.00,2226.00,1118,1108,0.00,0.00,0,0
1471912519,s2-eth1,73986.00,5918242.00,5992228.00,5918242,73986,1121.00,1101.00,2222.00,1101,1121,0.00,0.00,0,0
1471912519,lo,0.00,0.00,0.00,0,0,0.00,0.00,0.00,0,0,0.00,0.00,0,0
1471912519,s4,0.00,0.00,0.00,0,0,0.00,0.00,0.00,0,0,0.00,0.00,0,0
1471912519,s3-eth2,5921798.00,73524.00,5995322.00,73524,5921798,1111.00,1114.00,2225.00,1114,1111,0.00,0.00,0,0
1471912519,s3-eth1,73788.00,5927392.00,6001180.00,5927392,73788,1118.00,1108.00,2226.00,1108,1118,0.00,0.00,0,0
1471912519,total,17989456.00,17987872.00,35977328.00,17987872,17989456,6684.00,6660.00,13344.00,6660,6684,0.00,0.00,0,0
1471912520,s5,0.00,0.00,0.00,0,0,0.00,0.00,0.00,0,0,0.00,0.00,0,0
1471912520,s1,0.00,0.00,0.00,0,0,0.00,0.00,0.00,0,0,0.00,0.00,0,0
1471912520,eth0,0.00,0.00,0.00,0,0,0.00,0.00,0.00,0,0,0.00,0.00,0,0
1471912520,s2,0.00,0.00,0.00,0,0,0.00,0.00,0.00,0,0,0.00,0.00,0,0
1471912520,s1-eth2,67584.00,6002176.00,6069760.00,6002176,67584,1024.00,1188.00,2212.00,1188,1024,0.00,0.00,0,0
1471912520,s1-eth1,6000464.00,67848.00,6068312.00,67848,6000464,1184.00,1028.00,2212.00,1028,1184,0.00,0.00,0,0
1471912520,s3,0.00,0.00,0.00,0,0,0.00,0.00,0.00,0,0,0.00,0.00,0,0
1471912520,s2-eth2,6004544.00,68046.00,6072590.00,68046,6004544,1180.00,1031.00,2211.00,1031,1180,0.00,0.00,0,0
1471912520,s2-eth1,67848.00,6000464.00,6068312.00,6000464,67848,1028.00,1184.00,2212.00,1184,1028,0.00,0.00,0,0
1471912520,lo,0.00,0.00,0.00,0,0,0.00,0.00,0.00,0,0,0.00,0.00,0,0
1471912520,s4,0.00,0.00,0.00,0,0,0.00,0.00,0.00,0,0,0.00,0.00,0,0
1471912520,s3-eth2,6001318.00,68310.00,6069628.00,68310,6001318,1175.00,1035.00,2210.00,1035,1175,0.00,0.00,0,0
1471912520,s3-eth1,68046.00,6004544.00,6072590.00,6004544,68046,1031.00,1180.00,2211.00,1180,1031,0.00,0.00,0,0
1471912520,total,18209804.00,18211388.00,36421192.00,18211388,18209804,6622.00,6646.00,13268.00,6646,6622,0.00,0.00,0,0
1471912521,s5,0.00,0.00,0.00,0,0,0.00,0.00,0.00,0,0,0.00,0.00,0,0
1471912521,s1,0.00,342.00,342.00,342,0,0.00,1.00,1.00,1,0,0.00,0.00,0,0
1471912521,eth0,0.00,0.00,0.00,0,0,0.00,0.00,0.00,0,0,0.00,0.00,0,0
1471912521,s2,0.00,0.00,0.00,0,0,0.00,0.00,0.00,0,0,0.00,0.00,0,0
1471912521,s1-eth2,79278.00,5970514.00,6049792.00,5970514,79278,1197.00,1169.00,2366.00,1169,1197,0.00,0.00,0,0
1471912521,s1-eth1,5972226.00,79014.00,6051240.00,79014,5972226,1173.00,1193.00,2366.00,1193,1173,0.00,0.00,0,0
1471912521,s3,0.00,0.00,0.00,0,0,0.00,0.00,0.00,0,0,0.00,0.00,0,0
1471912521,s2-eth2,5974004.00,78474.00,6052478.00,78474,5974004,1178.00,1189.00,2367.00,1189,1178,0.00,0.00,0,0
1471912521,s2-eth1,79014.00,5972226.00,6051240.00,5972226,79014,1193.00,1173.00,2366.00,1173,1193,0.00,0.00,0,0
1471912521,lo,670.00,670.00,1340.00,670,670,9.00,9.00,18.00,9,9,0.00,0.00,0,0
1471912521,s4,0.00,0.00,0.00,0,0,0.00,0.00,0.00,0,0,0.00,0.00,0,0
1471912521,s3-eth2,5971372.00,78210.00,6049582.00,78210,5971372,1182.00,1185.00,2367.00,1185,1182,0.00,0.00,0,0
1471912521,s3-eth1,78474.00,5974004.00,6052478.00,5974004,78474,1189.00,1178.00,2367.00,1178,1189,0.00,0.00,0,0
1471912521,total,18155038.00,18153454.00,36308492.00,18153454,18155038,7121.00,7097.00,14218.00,7097,7121,0.00,0.00,0,0
1471912522,s5,0.00,0.00,0.00,0,0,0.00,0.00,0.00,0,0,0.00,0.00,0,0
1471912522,s1,0.00,0.00,0.00,0,0,0.00,0.00,0.00,0,0,0.00,0.00,0,0
1471912522,eth0,0.00,0.00,0.00,0,0,0.00,0.00,0.00,0,0,0.00,0.00,0,0
1471912522,s2,0.00,0.00,0.00,0,0,0.00,0.00,0.00,0,0,0.00,0.00,0,0
1471912522,s1-eth2,68190.00,6027882.00,6096072.00,6027882,68190,1029.00,1029.00,2058.00,1029,1029,0.00,0.00,0,0
1471912522,s1-eth1,6022024.00,67914.00,6089938.00,67914,6022024,1028.00,1029.00,2057.00,1029,1028,0.00,0.00,0,0
1471912522,s3,0.00,0.00,0.00,0,0,0.00,0.00,0.00,0,0,0.00,0.00,0,0
1471912522,s2-eth2,6022024.00,67848.00,6089872.00,67848,6022024,1028.00,1028.00,2056.00,1028,1028,0.00,0.00,0,0
1471912522,s2-eth1,67914.00,6022024.00,6089938.00,6022024,67914,1029.00,1028.00,2057.00,1028,1029,0.00,0.00,0,0
1471912522,lo,344.00,344.00,688.00,344,344,6.00,6.00,12.00,6,6,0.00,0.00,0,0
1471912522,s4,0.00,0.00,0.00,0,0,0.00,0.00,0.00,0,0,0.00,0.00,0,0
1471912522,s3-eth2,6027882.00,67848.00,6095730.00,67848,6027882,1029.00,1028.00,2057.00,1028,1029,0.00,0.00,0,0
1471912522,s3-eth1,67848.00,6022024.00,6089872.00,6022024,67848,1028.00,1028.00,2056.00,1028,1028,0.00,0.00,0,0
1471912522,total,18276226.00,18275884.00,36552112.00,18275884,18276226,6177.00,6176.00,12353.00,6176,6177,0.00,0.00,0,0
1471912523,s5,0.00,0.00,0.00,0,0,0.00,0.00,0.00,0,0,0.00,0.00,0,0
1471912523,s1,0.00,0.00,0.00,0,0,0.00,0.00,0.00,0,0,0.00,0.00,0,0
1471912523,eth0,0.00,0.00,0.00,0,0,0.00,0.00,0.00,0,0,0.00,0.00,0,0
1471912523,s2,0.00,0.00,0.00,0,0,0.00,0.00,0.00,0,0,0.00,0.00,0,0
1471912523,s1-eth2,64819.09,5648370.00,5713189.00,5682260,65208,982.11,964.21,1946.32,970,988,0.00,0.00,0,0
1471912523,s1-eth1,5660016.00,64687.87,5724703.50,65076,5693976,966.20,980.12,1946.32,986,972,0.00,0.00,0,0
1471912523,s3,0.00,0.00,0.00,0,0,0.00,0.00,0.00,0,0,0.00,0.00,0,0
1471912523,s2-eth2,5654193.00,64425.45,5718618.50,64812,5688118,965.21,976.14,1941.35,982,971,0.00,0.00,0,0
1471912523,s2-eth1,64687.87,5660016.00,5724703.50,5693976,65076,980.12,966.20,1946.32,972,986,0.00,0.00,0,0
1471912523,lo,0.00,0.00,0.00,0,0,0.00,0.00,0.00,0,0,0.00,0.00,0,0
1471912523,s4,0.00,0.00,0.00,0,0,0.00,0.00,0.00,0,0,0.00,0.00,0,0
1471912523,s3-eth2,5648370.00,64228.63,5712598.50,64614,5682260,964.21,973.16,1937.38,979,970,0.00,0.00,0,0
1471912523,s3-eth1,64425.45,5654193.00,5718618.50,5688118,64812,976.14,965.21,1941.35,971,982,0.00,0.00,0,0
1471912523,total,17156510.00,17155920.00,34312428.00,17258856,17259450,5834.00,5825.05,11659.05,5860,5869,0.00,0.00,0,0
1471912524,s5,0.00,0.00,0.00,0,0,0.00,0.00,0.00,0,0,0.00,0.00,0,0
1471912524,s1,0.00,0.00,0.00,0,0,0.00,0.00,0.00,0,0,0.00,0.00,0,0
1471912524,eth0,0.00,0.00,0.00,0,0,0.00,0.00,0.00,0,0,0.00,0.00,0,0
1471912524,s2,0.00,0.00,0.00,0,0,0.00,0.00,0.00,0,0,0.00,0.00,0,0
1471912524,s1-eth2,63162.00,4781314.00,4844476.00,4781314,63162,957.00,1185.00,2142.00,1185,957,0.00,0.00,0,0
1471912524,s1-eth1,4769136.00,63294.00,4832430.00,63294,4769136,1176.00,959.00,2135.00,959,1176,0.00,0.00,0,0
1471912524,s3,0.00,0.00,0.00,0,0,0.00,0.00,0.00,0,0,0.00,0.00,0,0
1471912524,s2-eth2,4785390.00,63558.00,4848948.00,63558,4785390,1159.00,963.00,2122.00,963,1159,0.00,0.00,0,0
1471912524,s2-eth1,63294.00,4769136.00,4832430.00,4769136,63294,959.00,1176.00,2135.00,1176,959,0.00,0.00,0,0
1471912524,lo,0.00,0.00,0.00,0,0,0.00,0.00,0.00,0,0,0.00,0.00,0,0
1471912524,s4,0.00,0.00,0.00,0,0,0.00,0.00,0.00,0,0,0.00,0.00,0,0
1471912524,s3-eth2,4773142.00,64020.00,4837162.00,64020,4773142,1127.00,970.00,2097.00,970,1127,0.00,0.00,0,0
1471912524,s3-eth1,63558.00,4785390.00,4848948.00,4785390,63558,963.00,1159.00,2122.00,1159,963,0.00,0.00,0,0
1471912524,total,14517682.00,14526712.00,29044394.00,14526712,14517682,6341.00,6412.00,12753.00,6412,6341,0.00,0.00,0,0
1471912525,s5,0.00,0.00,0.00,0,0,0.00,0.00,0.00,0,0,0.00,0.00,0,0
1471912525,s1,0.00,0.00,0.00,0,0,0.00,0.00,0.00,0,0,0.00,0.00,0,0
1471912525,eth0,0.00,0.00,0.00,0,0,0.00,0.00,0.00,0,0,0.00,0.00,0,0
1471912525,s2,0.00,0.00,0.00,0,0,0.00,0.00,0.00,0,0,0.00,0.00,0,0
1471912525,s1-eth2,91146.00,5313870.00,5405016.00,5313870,91146,1381.00,1663.00,3044.00,1663,1381,0.00,0.00,0,0
1471912525,s1-eth1,5304654.00,91806.00,5396460.00,91806,5304654,1655.00,1391.00,3046.00,1391,1655,0.00,0.00,0,0
1471912525,s3,0.00,0.00,0.00,0,0,0.00,0.00,0.00,0,0,0.00,0.00,0,0
1471912525,s2-eth2,5311106.00,92466.00,5403572.00,92466,5311106,1665.00,1401.00,3066.00,1401,1665,0.00,0.00,0,0
1471912525,s2-eth1,91806.00,5304654.00,5396460.00,5304654,91806,1391.00,1655.00,3046.00,1655,1391,0.00,0.00,0,0
1471912525,lo,0.00,0.00,0.00,0,0,0.00,0.00,0.00,0,0,0.00,0.00,0,0
1471912525,s4,0.00,0.00,0.00,0,0,0.00,0.00,0.00,0,0,0.00,0.00,0,0
1471912525,s3-eth2,5286886.00,92928.00,5379814.00,92928,5286886,1671.00,1408.00,3079.00,1408,1671,0.00,0.00,0,0
1471912525,s3-eth1,92466.00,5311106.00,5403572.00,5311106,92466,1401.00,1665.00,3066.00,1665,1401,0.00,0.00,0,0
1471912525,total,16178064.00,16206830.00,32384894.00,16206830,16178064,9164.00,9183.00,18347.00,9183,9164,0.00,0.00,0,0
1471912526,s5,0.00,0.00,0.00,0,0,0.00,0.00,0.00,0,0,0.00,0.00,0,0
1471912526,s1,0.00,0.00,0.00,0,0,0.00,0.00,0.00,0,0,0.00,0.00,0,0
1471912526,eth0,0.00,0.00,0.00,0,0,0.00,0.00,0.00,0,0,0.00,0.00,0,0
1471912526,s2,0.00,0.00,0.00,0,0,0.00,0.00,0.00,0,0,0.00,0.00,0,0
1471912526,s1-eth2,112483.52,5694148.00,5806631.50,5699842,112596,1704.30,1739.26,3443.56,1741,1706,0.00,0.00,0,0
1471912526,s1-eth1,5698817.50,111758.24,5810575.50,111870,5704516,1744.26,1693.31,3437.56,1695,1746,0.00,0.00,0,0
1471912526,s3,0.00,0.00,0.00,0,0,0.00,0.00,0.00,0,0,0.00,0.00,0,0
1471912526,s2-eth2,5693690.50,111098.91,5804789.50,111210,5699384,1754.25,1683.32,3437.56,1685,1756,0.00,0.00,0,0
1471912526,s2-eth1,111758.24,5698817.50,5810575.50,5704516,111870,1693.31,1744.26,3437.56,1746,1695,0.00,0.00,0,0
1471912526,lo,515.48,515.48,1030.97,516,516,8.99,8.99,17.98,9,9,0.00,0.00,0,0
1471912526,s4,0.00,0.00,0.00,0,0,0.00,0.00,0.00,0,0,0.00,0.00,0,0
1471912526,s3-eth2,5695009.00,110307.70,5805317.00,110418,5700704,1774.23,1671.33,3445.55,1673,1776,0.00,0.00,0,0
1471912526,s3-eth1,111098.91,5693690.50,5804789.50,5699384,111210,1683.32,1754.25,3437.56,1756,1685,0.00,0.00,0,0
1471912526,total,17423374.00,17420336.00,34843708.00,17437756,17440796,10362.64,10294.71,20657.34,10305,10373,0.00,0.00,0,0
1471912527,s5,0.00,0.00,0.00,0,0,0.00,0.00,0.00,0,0,0.00,0.00,0,0
1471912527,s1,0.00,0.00,0.00,0,0,0.00,0.00,0.00,0,0,0.00,0.00,0,0
1471912527,eth0,0.00,0.00,0.00,0,0,0.00,0.00,0.00,0,0,0.00,0.00,0,0
1471912527,s2,0.00,342.00,342.00,342,0,0.00,1.00,1.00,1,0,0.00,0.00,0,0
1471912527,s1-eth2,80190.00,5876686.00,5956876.00,5876686,80190,1215.00,1327.00,2542.00,1327,1215,0.00,0.00,0,0
1471912527,s1-eth1,5877358.00,80454.00,5957812.00,80454,5877358,1333.00,1219.00,2552.00,1219,1333,0.00,0.00,0,0
1471912527,s3,0.00,342.00,342.00,342,0,0.00,1.00,1.00,1,0,0.00,0.00,0,0
1471912527,s2-eth2,5877094.00,80718.00,5957812.00,80718,5877094,1329.00,1223.00,2552.00,1223,1329,0.00,0.00,0,0
1471912527,s2-eth1,80454.00,5877358.00,5957812.00,5877358,80454,1219.00,1333.00,2552.00,1333,1219,0.00,0.00,0,0
1471912527,lo,996.00,996.00,1992.00,996,996,12.00,12.00,24.00,12,12,0.00,0.00,0,0
1471912527,s4,0.00,0.00,0.00,0,0,0.00,0.00,0.00,0,0,0.00,0.00,0,0
1471912527,s3-eth2,5879594.00,81048.00,5960642.00,81048,5879594,1323.00,1228.00,2551.00,1228,1323,0.00,0.00,0,0
1471912527,s3-eth1,80718.00,5877094.00,5957812.00,5877094,80718,1223.00,1329.00,2552.00,1329,1223,0.00,0.00,0,0
1471912527,total,17876404.00,17875038.00,35751440.00,17875038,17876404,7654.00,7673.00,15327.00,7673,7654,0.00,0.00,0,0
1471912528,s5,0.00,0.00,0.00,0,0,0.00,0.00,0.00,0,0,0.00,0.00,0,0
1471912528,s1,0.00,0.00,0.00,0,0,0.00,0.00,0.00,0,0,0.00,0.00,0,0
1471912528,eth0,0.00,0.00,0.00,0,0,0.00,0.00,0.00,0,0,0.00,0.00,0,0
1471912528,s2,0.00,0.00,0.00,0,0,0.00,0.00,0.00,0,0,0.00,0.00,0,0
1471912528,s1-eth2,76230.00,5926334.00,6002564.00,5926334,76230,1155.00,1443.00,2598.00,1443,1155,0.00,0.00,0,0
1471912528,s1-eth1,5930744.00,76164.00,6006908.00,76164,5930744,1444.00,1154.00,2598.00,1154,1444,0.00,0.00,0,0
1471912528,s3,0.00,0.00,0.00,0,0,0.00,0.00,0.00,0,0,0.00,0.00,0,0
1471912528,s2-eth2,5921924.00,76164.00,5998088.00,76164,5921924,1442.00,1154.00,2596.00,1154,1442,0.00,0.00,0,0
1471912528,s2-eth1,76164.00,5930744.00,6006908.00,5930744,76164,1154.00,1444.00,2598.00,1444,1154,0.00,0.00,0,0
1471912528,lo,0.00,0.00,0.00,0,0,0.00,0.00,0.00,0,0,0.00,0.00,0,0
1471912528,s4,0.00,0.00,0.00,0,0,0.00,0.00,0.00,0,0,0.00,0.00,0,0
1471912528,s3-eth2,5921924.00,76164.00,5998088.00,76164,5921924,1442.00,1154.00,2596.00,1154,1442,0.00,0.00,0,0
1471912528,s3-eth1,76164.00,5921924.00,5998088.00,5921924,76164,1154.00,1442.00,2596.00,1442,1154,0.00,0.00,0,0
1471912528,total,18003150.00,18007494.00,36010644.00,18007494,18003150,7791.00,7791.00,15582.00,7791,7791,0.00,0.00,0,0
1471912529,s5,0.00,0.00,0.00,0,0,0.00,0.00,0.00,0,0,0.00,0.00,0,0
1471912529,s1,0.00,0.00,0.00,0,0,0.00,0.00,0.00,0,0,0.00,0.00,0,0
1471912529,eth0,0.00,0.00,0.00,0,0,0.00,0.00,0.00,0,0,0.00,0.00,0,0
1471912529,s2,0.00,0.00,0.00,0,0,0.00,0.00,0.00,0,0,0.00,0.00,0,0
1471912529,s1-eth2,89100.00,5947770.00,6036870.00,5947770,89100,1350.00,1329.00,2679.00,1329,1350,0.00,0.00,0,0
1471912529,s1-eth1,5948034.00,89100.00,6037134.00,89100,5948034,1333.00,1350.00,2683.00,1350,1333,0.00,0.00,0,0
1471912529,s3,0.00,342.00,342.00,342,0,0.00,1.00,1.00,1,0,0.00,0.00,0,0
1471912529,s2-eth2,5951602.00,89100.00,6040702.00,89100,5951602,1339.00,1350.00,2689.00,1350,1339,0.00,0.00,0,0
1471912529,s2-eth1,89100.00,5948034.00,6037134.00,5948034,89100,1350.00,1333.00,2683.00,1333,1350,0.00,0.00,0,0
1471912529,lo,326.00,326.00,652.00,326,326,3.00,3.00,6.00,3,3,0.00,0.00,0,0
1471912529,s4,0.00,0.00,0.00,0,0,0.00,0.00,0.00,0,0,0.00,0.00,0,0
1471912529,s3-eth2,5949102.00,88968.00,6038070.00,88968,5949102,1345.00,1348.00,2693.00,1348,1345,0.00,0.00,0,0
1471912529,s3-eth1,89100.00,5951602.00,6040702.00,5951602,89100,1350.00,1339.00,2689.00,1339,1350,0.00,0.00,0,0
1471912529,total,18116364.00,18115242.00,36231608.00,18115242,18116364,8070.00,8053.00,16123.00,8053,8070,0.00,0.00,0,0
1471912530,s5,0.00,0.00,0.00,0,0,0.00,0.00,0.00,0,0,0.00,0.00,0,0
1471912530,s1,0.00,0.00,0.00,0,0,0.00,0.00,0.00,0,0,0.00,0.00,0,0
1471912530,eth0,0.00,0.00,0.00,0,0,0.00,0.00,0.00,0,0,0.00,0.00,0,0
1471912530,s2,0.00,0.00,0.00,0,0,0.00,0.00,0.00,0,0,0.00,0.00,0,0
1471912530,s1-eth2,67254.00,5916580.00,5983834.00,5916580,67254,1019.00,1010.00,2029.00,1010,1019,0.00,0.00,0,0
1471912530,s1-eth1,5916580.00,67056.00,5983636.00,67056,5916580,1010.00,1016.00,2026.00,1016,1010,0.00,0.00,0,0
1471912530,s3,0.00,0.00,0.00,0,0,0.00,0.00,0.00,0,0,0.00,0.00,0,0
1471912530,s2-eth2,5916580.00,66792.00,5983372.00,66792,5916580,1010.00,1012.00,2022.00,1012,1010,0.00,0.00,0,0
1471912530,s2-eth1,67056.00,5916580.00,5983636.00,5916580,67056,1016.00,1010.00,2026.00,1010,1016,0.00,0.00,0,0
1471912530,lo,0.00,0.00,0.00,0,0,0.00,0.00,0.00,0,0,0.00,0.00,0,0
1471912530,s4,0.00,0.00,0.00,0,0,0.00,0.00,0.00,0,0,0.00,0.00,0,0
1471912530,s3-eth2,5922438.00,66726.00,5989164.00,66726,5922438,1011.00,1011.00,2022.00,1011,1011,0.00,0.00,0,0
1471912530,s3-eth1,66792.00,5916580.00,5983372.00,5916580,66792,1012.00,1010.00,2022.00,1010,1012,0.00,0.00,0,0
1471912530,total,17956700.00,17950314.00,35907016.00,17950314,17956700,6078.00,6069.00,12147.00,6069,6078,0.00,0.00,0,0
1471912531,s5,0.00,0.00,0.00,0,0,0.00,0.00,0.00,0,0,0.00,0.00,0,0
1471912531,s1,0.00,0.00,0.00,0,0,0.00,0.00,0.00,0,0,0.00,0.00,0,0
1471912531,eth0,0.00,0.00,0.00,0,0,0.00,0.00,0.00,0,0,0.00,0.00,0,0
1471912531,s2,0.00,0.00,0.00,0,0,0.00,0.00,0.00,0,0,0.00,0.00,0,0
1471912531,s1-eth2,66462.00,5881432.00,5947894.00,5881432,66462,1007.00,1004.00,2011.00,1004,1007,0.00,0.00,0,0
1471912531,s1-eth1,5881432.00,66462.00,5947894.00,66462,5881432,1004.00,1007.00,2011.00,1007,1004,0.00,0.00,0,0
1471912531,s3,0.00,0.00,0.00,0,0,0.00,0.00,0.00,0,0,0.00,0.00,0,0
1471912531,s2-eth2,5887290.00,66528.00,5953818.00,66528,5887290,1005.00,1008.00,2013.00,1008,1005,0.00,0.00,0,0
1471912531,s2-eth1,66462.00,5881432.00,5947894.00,5881432,66462,1007.00,1004.00,2011.00,1004,1007,0.00,0.00,0,0
1471912531,lo,516.00,516.00,1032.00,516,516,9.00,9.00,18.00,9,9,0.00,0.00,0,0
1471912531,s4,0.00,0.00,0.00,0,0,0.00,0.00,0.00,0,0,0.00,0.00,0,0
1471912531,s3-eth2,5881432.00,66264.00,5947696.00,66264,5881432,1004.00,1004.00,2008.00,1004,1004,0.00,0.00,0,0
1471912531,s3-eth1,66528.00,5887290.00,5953818.00,5887290,66528,1008.00,1005.00,2013.00,1005,1008,0.00,0.00,0,0
1471912531,total,17850122.00,17849924.00,35700048.00,17849924,17850122,6044.00,6041.00,12085.00,6041,6044,0.00,0.00,0,0
1471912532,s5,0.00,0.00,0.00,0,0,0.00,0.00,0.00,0,0,0.00,0.00,0,0
1471912532,s1,0.00,556.00,556.00,556,0,0.00,3.00,3.00,3,0,0.00,0.00,0,0
1471912532,eth0,0.00,0.00,0.00,0,0,0.00,0.00,0.00,0,0,0.00,0.00,0,0
1471912532,s2,0.00,556.00,556.00,556,0,0.00,3.00,3.00,3,0,0.00,0.00,0,0
1471912532,s1-eth2,67084.00,5922438.00,5989522.00,5922438,67084,1011.00,1011.00,2022.00,1011,1011,0.00,0.00,0,0
1471912532,s1-eth1,5922545.00,67150.00,5989695.00,67150,5922545,1012.00,1012.00,2024.00,1012,1012,0.00,0.00,0,0
1471912532,s3,0.00,107.00,107.00,107,0,0.00,1.00,1.00,1,0,0.00,0.00,0,0
1471912532,s2-eth2,5916687.00,66977.00,5983664.00,66977,5916687,1011.00,1010.00,2021.00,1010,1011,0.00,0.00,0,0
1471912532,s2-eth1,67150.00,5922545.00,5989695.00,5922545,67150,1012.00,1012.00,2024.00,1012,1012,0.00,0.00,0,0
1471912532,lo,2177.00,2177.00,4354.00,2177,2177,21.00,21.00,42.00,21,21,0.00,0.00,0,0
1471912532,s4,0.00,0.00,0.00,0,0,0.00,0.00,0.00,0,0,0.00,0.00,0,0
1471912532,s3-eth2,5922652.00,66726.00,5989378.00,66726,5922652,1013.00,1011.00,2024.00,1011,1013,0.00,0.00,0,0
1471912532,s3-eth1,66977.00,5916687.00,5983664.00,5916687,66977,1010.00,1011.00,2021.00,1011,1010,0.00,0.00,0,0
1471912532,total,17965272.00,17965920.00,35931192.00,17965919,17965272,6090.00,6095.00,12185.00,6095,6090,0.00,0.00,0,0
1471912533,s5,0.00,0.00,0.00,0,0,0.00,0.00,0.00,0,0,0.00,0.00,0,0
1471912533,s1,0.00,0.00,0.00,0,0,0.00,0.00,0.00,0,0,0.00,0.00,0,0
1471912533,eth0,0.00,0.00,0.00,0,0,0.00,0.00,0.00,0,0,0.00,0.00,0,0
1471912533,s2,0.00,0.00,0.00,0,0,0.00,0.00,0.00,0,0,0.00,0.00,0,0
1471912533,s1-eth2,67175.00,5922438.00,5989613.00,5922438,67175,1013.00,1011.00,2024.00,1011,1013,0.00,0.00,0,0
1471912533,s1-eth1,5922438.00,66660.00,5989098.00,66660,5922438,1011.00,1010.00,2021.00,1010,1011,0.00,0.00,0,0
1471912533,s3,0.00,107.00,107.00,107,0,0.00,1.00,1.00,1,0,0.00,0.00,0,0
1471912533,s2-eth2,5922545.00,66726.00,5989271.00,66726,5922545,1012.00,1011.00,2023.00,1011,1012,0.00,0.00,0,0
1471912533,s2-eth1,66660.00,5922438.00,5989098.00,5922438,66660,1010.00,1011.00,2021.00,1011,1010,0.00,0.00,0,0
1471912533,lo,305.00,305.00,610.00,305,305,3.00,3.00,6.00,3,3,0.00,0.00,0,0
1471912533,s4,0.00,0.00,0.00,0,0,0.00,0.00,0.00,0,0,0.00,0.00,0,0
1471912533,s3-eth2,5922545.00,66726.00,5989271.00,66726,5922545,1012.00,1011.00,2023.00,1011,1012,0.00,0.00,0,0
1471912533,s3-eth1,66726.00,5922545.00,5989271.00,5922545,66726,1011.00,1012.00,2023.00,1012,1011,0.00,0.00,0,0
1471912533,total,17968394.00,17967944.00,35936340.00,17967945,17968394,6072.00,6070.00,12142.00,6070,6072,0.00,0.00,0,0
1471912534,s5,0.00,0.00,0.00,0,0,0.00,0.00,0.00,0,0,0.00,0.00,0,0
1471912534,s1,0.00,0.00,0.00,0,0,0.00,0.00,0.00,0,0,0.00,0.00,0,0
1471912534,eth0,0.00,0.00,0.00,0,0,0.00,0.00,0.00,0,0,0.00,0.00,0,0
1471912534,s2,0.00,0.00,0.00,0,0,0.00,0.00,0.00,0,0,0.00,0.00,0,0
1471912534,s1-eth2,67122.00,5963444.00,6030566.00,5963444,67122,1017.00,1018.00,2035.00,1018,1017,0.00,0.00,0,0
1471912534,s1-eth1,5963444.00,67188.00,6030632.00,67188,5963444,1018.00,1018.00,2036.00,1018,1018,0.00,0.00,0,0
1471912534,s3,0.00,0.00,0.00,0,0,0.00,0.00,0.00,0,0,0.00,0.00,0,0
1471912534,s2-eth2,5963444.00,67122.00,6030566.00,67122,5963444,1018.00,1017.00,2035.00,1017,1018,0.00,0.00,0,0
1471912534,s2-eth1,67188.00,5963444.00,6030632.00,5963444,67188,1018.00,1018.00,2036.00,1018,1018,0.00,0.00,0,0
1471912534,lo,0.00,0.00,0.00,0,0,0.00,0.00,0.00,0,0,0.00,0.00,0,0
1471912534,s4,0.00,0.00,0.00,0,0,0.00,0.00,0.00,0,0,0.00,0.00,0,0
1471912534,s3-eth2,5957586.00,67122.00,6024708.00,67122,5957586,1017.00,1017.00,2034.00,1017,1017,0.00,0.00,0,0
1471912534,s3-eth1,67122.00,5963444.00,6030566.00,5963444,67122,1017.00,1018.00,2035.00,1018,1017,0.00,0.00,0,0
1471912534,total,18085906.00,18091764.00,36177672.00,18091764,18085906,6105.00,6106.00,12211.00,6106,6105,0.00,0.00,0,0
1471912535,s5,0.00,0.00,0.00,0,0,0.00,0.00,0.00,0,0,0.00,0.00,0,0
1471912535,s1,0.00,0.00,0.00,0,0,0.00,0.00,0.00,0,0,0.00,0.00,0,0
1471912535,eth0,0.00,0.00,0.00,0,0,0.00,0.00,0.00,0,0,0.00,0.00,0,0
1471912535,s2,0.00,0.00,0.00,0,0,0.00,0.00,0.00,0,0,0.00,0.00,0,0
1471912535,s1-eth2,67584.00,5963444.00,6031028.00,5963444,67584,1024.00,1018.00,2042.00,1018,1024,0.00,0.00,0,0
1471912535,s1-eth1,5963444.00,67518.00,6030962.00,67518,5963444,1018.00,1023.00,2041.00,1023,1018,0.00,0.00,0,0
1471912535,s3,0.00,0.00,0.00,0,0,0.00,0.00,0.00,0,0,0.00,0.00,0,0
1471912535,s2-eth2,5963444.00,67584.00,6031028.00,67584,5963444,1018.00,1024.00,2042.00,1024,1018,0.00,0.00,0,0
1471912535,s2-eth1,67518.00,5963444.00,6030962.00,5963444,67518,1023.00,1018.00,2041.00,1018,1023,0.00,0.00,0,0
1471912535,lo,0.00,0.00,0.00,0,0,0.00,0.00,0.00,0,0,0.00,0.00,0,0
1471912535,s4,0.00,0.00,0.00,0,0,0.00,0.00,0.00,0,0,0.00,0.00,0,0
1471912535,s3-eth2,5963444.00,67122.00,6030566.00,67122,5963444,1018.00,1017.00,2035.00,1017,1018,0.00,0.00,0,0
1471912535,s3-eth1,67584.00,5963444.00,6031028.00,5963444,67584,1024.00,1018.00,2042.00,1018,1024,0.00,0.00,0,0
1471912535,total,18093018.00,18092556.00,36185576.00,18092556,18093018,6125.00,6118.00,12243.00,6118,6125,0.00,0.00,0,0
1471912536,s5,0.00,0.00,0.00,0,0,0.00,0.00,0.00,0,0,0.00,0.00,0,0
1471912536,s1,0.00,0.00,0.00,0,0,0.00,0.00,0.00,0,0,0.00,0.00,0,0
1471912536,eth0,0.00,0.00,0.00,0,0,0.00,0.00,0.00,0,0,0.00,0.00,0,0
1471912536,s2,0.00,0.00,0.00,0,0,0.00,0.00,0.00,0,0,0.00,0.00,0,0
1471912536,s1-eth2,66396.00,5945044.00,6011440.00,5945044,66396,1006.00,1178.00,2184.00,1178,1006,0.00,0.00,0,0
1471912536,s1-eth1,5939186.00,66462.00,6005648.00,66462,5939186,1177.00,1007.00,2184.00,1007,1177,0.00,0.00,0,0
1471912536,s3,0.00,0.00,0.00,0,0,0.00,0.00,0.00,0,0,0.00,0.00,0,0
1471912536,s2-eth2,5939186.00,66396.00,6005582.00,66396,5939186,1177.00,1006.00,2183.00,1006,1177,0.00,0.00,0,0
1471912536,s2-eth1,66462.00,5939186.00,6005648.00,5939186,66462,1007.00,1177.00,2184.00,1177,1007,0.00,0.00,0,0
1471912536,lo,344.00,344.00,688.00,344,344,6.00,6.00,12.00,6,6,0.00,0.00,0,0
1471912536,s4,0.00,0.00,0.00,0,0,0.00,0.00,0.00,0,0,0.00,0.00,0,0
1471912536,s3-eth2,5945044.00,66858.00,6011902.00,66858,5945044,1178.00,1013.00,2191.00,1013,1178,0.00,0.00,0,0
1471912536,s3-eth1,66396.00,5939186.00,6005582.00,5939186,66396,1006.00,1177.00,2183.00,1177,1006,0.00,0.00,0,0
1471912536,total,18023014.00,18023476.00,36046488.00,18023476,18023014,6557.00,6564.00,13121.00,6564,6557,0.00,0.00,0,0
1471912537,s5,0.00,0.00,0.00,0,0,0.00,0.00,0.00,0,0,0.00,0.00,0,0
1471912537,s1,0.00,0.00,0.00,0,0,0.00,0.00,0.00,0,0,0.00,0.00,0,0
1471912537,eth0,0.00,0.00,0.00,0,0,0.00,0.00,0.00,0,0,0.00,0.00,0,0
1471912537,s2,0.00,0.00,0.00,0,0,0.00,0.00,0.00,0,0,0.00,0.00,0,0
1471912537,s1-eth2,79332.00,6000204.00,6079536.00,6000204,79332,1202.00,1202.00,2404.00,1202,1202,0.00,0.00,0,0
1471912537,s1-eth1,5994346.00,79332.00,6073678.00,79332,5994346,1201.00,1202.00,2403.00,1202,1201,0.00,0.00,0,0
1471912537,s3,0.00,0.00,0.00,0,0,0.00,0.00,0.00,0,0,0.00,0.00,0,0
1471912537,s2-eth2,6000204.00,79332.00,6079536.00,79332,6000204,1202.00,1202.00,2404.00,1202,1202,0.00,0.00,0,0
1471912537,s2-eth1,79332.00,5994346.00,6073678.00,5994346,79332,1202.00,1201.00,2403.00,1201,1202,0.00,0.00,0,0
1471912537,lo,344.00,344.00,688.00,344,344,6.00,6.00,12.00,6,6,0.00,0.00,0,0
1471912537,s4,0.00,0.00,0.00,0,0,0.00,0.00,0.00,0,0,0.00,0.00,0,0
1471912537,s3-eth2,6000546.00,79332.00,6079878.00,79332,6000546,1203.00,1202.00,2405.00,1202,1203,0.00,0.00,0,0
1471912537,s3-eth1,79332.00,6000204.00,6079536.00,6000204,79332,1202.00,1202.00,2404.00,1202,1202,0.00,0.00,0,0
1471912537,total,18233436.00,18233094.00,36466528.00,18233094,18233436,7218.00,7217.00,14435.00,7217,7218,0.00,0.00,0,0
1471912538,s5,0.00,0.00,0.00,0,0,0.00,0.00,0.00,0,0,0.00,0.00,0,0
1471912538,s1,0.00,0.00,0.00,0,0,0.00,0.00,0.00,0,0,0.00,0.00,0,0
1471912538,eth0,0.00,0.00,0.00,0,0,0.00,0.00,0.00,0,0,0.00,0.00,0,0
1471912538,s2,0.00,0.00,0.00,0,0,0.00,0.00,0.00,0,0,0.00,0.00,0,0
1471912538,s1-eth2,66660.00,5922438.00,5989098.00,5922438,66660,1010.00,1011.00,2021.00,1011,1010,0.00,0.00,0,0
1471912538,s1-eth1,5922438.00,66660.00,5989098.00,66660,5922438,1011.00,1010.00,2021.00,1010,1011,0.00,0.00,0,0
1471912538,s3,0.00,0.00,0.00,0,0,0.00,0.00,0.00,0,0,0.00,0.00,0,0
1471912538,s2-eth2,5916580.00,66660.00,5983240.00,66660,5916580,1010.00,1010.00,2020.00,1010,1010,0.00,0.00,0,0
1471912538,s2-eth1,66660.00,5922438.00,5989098.00,5922438,66660,1010.00,1011.00,2021.00,1011,1010,0.00,0.00,0,0
1471912538,lo,172.00,172.00,344.00,172,172,3.00,3.00,6.00,3,3,0.00,0.00,0,0
1471912538,s4,0.00,0.00,0.00,0,0,0.00,0.00,0.00,0,0,0.00,0.00,0,0
1471912538,s3-eth2,5916580.00,66660.00,5983240.00,66660,5916580,1010.00,1010.00,2020.00,1010,1010,0.00,0.00,0,0
1471912538,s3-eth1,66660.00,5916580.00,5983240.00,5916580,66660,1010.00,1010.00,2020.00,1010,1010,0.00,0.00,0,0
1471912538,total,17955750.00,17961608.00,35917360.00,17961608,17955750,6064.00,6065.00,12129.00,6065,6064,0.00,0.00,0,0
1471912539,s5,0.00,0.00,0.00,0,0,0.00,0.00,0.00,0,0,0.00,0.00,0,0
1471912539,s1,0.00,0.00,0.00,0,0,0.00,0.00,0.00,0,0,0.00,0.00,0,0
1471912539,eth0,0.00,0.00,0.00,0,0,0.00,0.00,0.00,0,0,0.00,0.00,0,0
1471912539,s2,0.00,0.00,0.00,0,0,0.00,0.00,0.00,0,0,0.00,0.00,0,0
1471912539,s1-eth2,67164.00,5945912.00,6013076.00,5945912,67164,1018.00,1016.00,2034.00,1016,1018,0.00,0.00,0,0
1471912539,s1-eth1,5945912.00,67098.00,6013010.00,67098,5945912,1016.00,1017.00,2033.00,1017,1016,0.00,0.00,0,0
1471912539,s3,0.00,0.00,0.00,0,0,0.00,0.00,0.00,0,0,0.00,0.00,0,0
1471912539,s2-eth2,5951770.00,67164.00,6018934.00,67164,5951770,1017.00,1018.00,2035.00,1018,1017,0.00,0.00,0,0
1471912539,s2-eth1,67098.00,5945912.00,6013010.00,5945912,67098,1017.00,1016.00,2033.00,1016,1017,0.00,0.00,0,0
1471912539,lo,888.00,888.00,1776.00,888,888,9.00,9.00,18.00,9,9,0.00,0.00,0,0
1471912539,s4,0.00,0.00,0.00,0,0,0.00,0.00,0.00,0,0,0.00,0.00,0,0
1471912539,s3-eth2,5951770.00,67164.00,6018934.00,67164,5951770,1017.00,1018.00,2035.00,1018,1017,0.00,0.00,0,0
1471912539,s3-eth1,67164.00,5951770.00,6018934.00,5951770,67164,1018.00,1017.00,2035.00,1017,1018,0.00,0.00,0,0
1471912539,total,18051766.00,18045908.00,36097672.00,18045908,18051766,6112.00,6111.00,12223.00,6111,6112,0.00,0.00,0,0
1471912540,s5,0.00,0.00,0.00,0,0,0.00,0.00,0.00,0,0,0.00,0.00,0,0
1471912540,s1,0.00,342.00,342.00,342,0,0.00,1.00,1.00,1,0,0.00,0.00,0,0
1471912540,eth0,0.00,0.00,0.00,0,0,0.00,0.00,0.00,0,0,0.00,0.00,0,0
1471912540,s2,0.00,0.00,0.00,0,0,0.00,0.00,0.00,0,0,0.00,0.00,0,0
1471912540,s1-eth2,68322.00,6033740.00,6102062.00,6033740,68322,1031.00,1030.00,2061.00,1030,1031,0.00,0.00,0,0
1471912540,s1-eth1,6033740.00,68322.00,6102062.00,68322,6033740,1030.00,1031.00,2061.00,1031,1030,0.00,0.00,0,0
1471912540,s3,0.00,0.00,0.00,0,0,0.00,0.00,0.00,0,0,0.00,0.00,0,0
1471912540,s2-eth2,6027882.00,67914.00,6095796.00,67914,6027882,1029.00,1029.00,2058.00,1029,1029,0.00,0.00,0,0
1471912540,s2-eth1,68322.00,6033740.00,6102062.00,6033740,68322,1031.00,1030.00,2061.00,1030,1031,0.00,0.00,0,0
1471912540,lo,326.00,326.00,652.00,326,326,3.00,3.00,6.00,3,3,0.00,0.00,0,0
1471912540,s4,0.00,0.00,0.00,0,0,0.00,0.00,0.00,0,0,0.00,0.00,0,0
1471912540,s3-eth2,6027882.00,67914.00,6095796.00,67914,6027882,1029.00,1029.00,2058.00,1029,1029,0.00,0.00,0,0
1471912540,s3-eth1,67914.00,6027882.00,6095796.00,6027882,67914,1029.00,1029.00,2058.00,1029,1029,0.00,0.00,0,0
1471912540,total,18294388.00,18300180.00,36594568.00,18300180,18294388,6182.00,6182.00,12364.00,6182,6182,0.00,0.00,0,0
1471912541,s5,0.00,0.00,0.00,0,0,0.00,0.00,0.00,0,0,0.00,0.00,0,0
1471912541,s1,0.00,0.00,0.00,0,0,0.00,0.00,0.00,0,0,0.00,0.00,0,0
1471912541,eth0,0.00,0.00,0.00,0,0,0.00,0.00,0.00,0,0,0.00,0.00,0,0
1471912541,s2,0.00,0.00,0.00,0,0,0.00,0.00,0.00,0,0,0.00,0.00,0,0
1471912541,s1-eth2,67650.00,6010308.00,6077958.00,6010308,67650,1025.00,1026.00,2051.00,1026,1025,0.00,0.00,0,0
1471912541,s1-eth1,6010308.00,67650.00,6077958.00,67650,6010308,1026.00,1025.00,2051.00,1025,1026,0.00,0.00,0,0
1471912541,s3,0.00,0.00,0.00,0,0,0.00,0.00,0.00,0,0,0.00,0.00,0,0
1471912541,s2-eth2,6010308.00,67650.00,6077958.00,67650,6010308,1026.00,1025.00,2051.00,1025,1026,0.00,0.00,0,0
1471912541,s2-eth1,67650.00,6010308.00,6077958.00,6010308,67650,1025.00,1026.00,2051.00,1026,1025,0.00,0.00,0,0
1471912541,lo,344.00,344.00,688.00,344,344,6.00,6.00,12.00,6,6,0.00,0.00,0,0
1471912541,s4,0.00,0.00,0.00,0,0,0.00,0.00,0.00,0,0,0.00,0.00,0,0
1471912541,s3-eth2,6010308.00,67716.00,6078024.00,67716,6010308,1026.00,1026.00,2052.00,1026,1026,0.00,0.00,0,0
1471912541,s3-eth1,67650.00,6010308.00,6077958.00,6010308,67650,1025.00,1026.00,2051.00,1026,1025,0.00,0.00,0,0
1471912541,total,18234218.00,18234284.00,36468504.00,18234284,18234218,6159.00,6160.00,12319.00,6160,6159,0.00,0.00,0,0
1471912542,s5,0.00,0.00,0.00,0,0,0.00,0.00,0.00,0,0,0.00,0.00,0,0
1471912542,s1,0.00,0.00,0.00,0,0,0.00,0.00,0.00,0,0,0.00,0.00,0,0
1471912542,eth0,0.00,0.00,0.00,0,0,0.00,0.00,0.00,0,0,0.00,0.00,0,0
1471912542,s2,0.00,0.00,0.00,0,0,0.00,0.00,0.00,0,0,0.00,0.00,0,0
1471912542,s1-eth2,67386.00,5980098.00,6047484.00,5980098,67386,1021.00,1029.00,2050.00,1029,1021,0.00,0.00,0,0
1471912542,s1-eth1,5981018.00,67386.00,6048404.00,67386,5981018,1021.00,1021.00,2042.00,1021,1021,0.00,0.00,0,0
1471912542,s3,0.00,0.00,0.00,0,0,0.00,0.00,0.00,0,0,0.00,0.00,0,0
1471912542,s2-eth2,5986876.00,67386.00,6054262.00,67386,5986876,1022.00,1021.00,2043.00,1021,1022,0.00,0.00,0,0
1471912542,s2-eth1,67386.00,5981018.00,6048404.00,5981018,67386,1021.00,1021.00,2042.00,1021,1021,0.00,0.00,0,0
1471912542,lo,0.00,0.00,0.00,0,0,0.00,0.00,0.00,0,0,0.00,0.00,0,0
1471912542,s4,0.00,0.00,0.00,0,0,0.00,0.00,0.00,0,0,0.00,0.00,0,0
1471912542,s3-eth2,5981018.00,67386.00,6048404.00,67386,5981018,1021.00,1021.00,2042.00,1021,1021,0.00,0.00,0,0
1471912542,s3-eth1,67386.00,5986876.00,6054262.00,5986876,67386,1021.00,1022.00,2043.00,1022,1021,0.00,0.00,0,0
1471912542,total,18151070.00,18150150.00,36301220.00,18150150,18151070,6127.00,6135.00,12262.00,6135,6127,0.00,0.00,0,0
1471912543,s5,0.00,0.00,0.00,0,0,0.00,0.00,0.00,0,0,0.00,0.00,0,0
1471912543,s1,0.00,0.00,0.00,0,0,0.00,0.00,0.00,0,0,0.00,0.00,0,0
1471912543,eth0,0.00,0.00,0.00,0,0,0.00,0.00,0.00,0,0,0.00,0.00,0,0
1471912543,s2,0.00,0.00,0.00,0,0,0.00,0.00,0.00,0,0,0.00,0.00,0,0
1471912543,s1-eth2,69168.00,5908242.00,5977410.00,5908242,69168,1048.00,1125.00,2173.00,1125,1048,0.00,0.00,0,0
1471912543,s1-eth1,5907322.00,69234.00,5976556.00,69234,5907322,1133.00,1049.00,2182.00,1049,1133,0.00,0.00,0,0
1471912543,s3,0.00,0.00,0.00,0,0,0.00,0.00,0.00,0,0,0.00,0.00,0,0
1471912543,s2-eth2,5907322.00,69234.00,5976556.00,69234,5907322,1133.00,1049.00,2182.00,1049,1133,0.00,0.00,0,0
1471912543,s2-eth1,69234.00,5907322.00,5976556.00,5907322,69234,1049.00,1133.00,2182.00,1133,1049,0.00,0.00,0,0
1471912543,lo,344.00,344.00,688.00,344,344,6.00,6.00,12.00,6,6,0.00,0.00,0,0
1471912543,s4,0.00,0.00,0.00,0,0,0.00,0.00,0.00,0,0,0.00,0.00,0,0
1471912543,s3-eth2,5913180.00,69168.00,5982348.00,69168,5913180,1134.00,1048.00,2182.00,1048,1134,0.00,0.00,0,0
1471912543,s3-eth1,69234.00,5907322.00,5976556.00,5907322,69234,1049.00,1133.00,2182.00,1133,1049,0.00,0.00,0,0
1471912543,total,17935804.00,17930866.00,35866672.00,17930866,17935804,6552.00,6543.00,13095.00,6543,6552,0.00,0.00,0,0
1471912544,s5,0.00,0.00,0.00,0,0,0.00,0.00,0.00,0,0,0.00,0.00,0,0
1471912544,s1,0.00,0.00,0.00,0,0,0.00,0.00,0.00,0,0,0.00,0.00,0,0
1471912544,eth0,0.00,0.00,0.00,0,0,0.00,0.00,0.00,0,0,0.00,0.00,0,0
1471912544,s2,0.00,0.00,0.00,0,0,0.00,0.00,0.00,0,0,0.00,0.00,0,0
1471912544,s1-eth2,66858.00,5934154.00,6001012.00,5934154,66858,1013.00,1013.00,2026.00,1013,1013,0.00,0.00,0,0
1471912544,s1-eth1,5928296.00,66792.00,5995088.00,66792,5928296,1012.00,1012.00,2024.00,1012,1012,0.00,0.00,0,0
1471912544,s3,0.00,0.00,0.00,0,0,0.00,0.00,0.00,0,0,0.00,0.00,0,0
1471912544,s2-eth2,5928296.00,66792.00,5995088.00,66792,5928296,1012.00,1012.00,2024.00,1012,1012,0.00,0.00,0,0
1471912544,s2-eth1,66792.00,5928296.00,5995088.00,5928296,66792,1012.00,1012.00,2024.00,1012,1012,0.00,0.00,0,0
1471912544,lo,0.00,0.00,0.00,0,0,0.00,0.00,0.00,0,0,0.00,0.00,0,0
1471912544,s4,0.00,0.00,0.00,0,0,0.00,0.00,0.00,0,0,0.00,0.00,0,0
1471912544,s3-eth2,5928296.00,66858.00,5995154.00,66858,5928296,1012.00,1013.00,2025.00,1013,1012,0.00,0.00,0,0
1471912544,s3-eth1,66792.00,5928296.00,5995088.00,5928296,66792,1012.00,1012.00,2024.00,1012,1012,0.00,0.00,0,0
1471912544,total,17985330.00,17991188.00,35976520.00,17991188,17985330,6073.00,6074.00,12147.00,6074,6073,0.00,0.00,0,0
1471912545,s5,0.00,0.00,0.00,0,0,0.00,0.00,0.00,0,0,0.00,0.00,0,0
1471912545,s1,0.00,0.00,0.00,0,0,0.00,0.00,0.00,0,0,0.00,0.00,0,0
1471912545,eth0,0.00,0.00,0.00,0,0,0.00,0.00,0.00,0,0,0.00,0.00,0,0
1471912545,s2,0.00,0.00,0.00,0,0,0.00,0.00,0.00,0,0,0.00,0.00,0,0
1471912545,s1-eth2,66396.00,5899006.00,5965402.00,5899006,66396,1006.00,1007.00,2013.00,1007,1006,0.00,0.00,0,0
1471912545,s1-eth1,5904864.00,66396.00,5971260.00,66396,5904864,1008.00,1006.00,2014.00,1006,1008,0.00,0.00,0,0
1471912545,s3,0.00,0.00,0.00,0,0,0.00,0.00,0.00,0,0,0.00,0.00,0,0
1471912545,s2-eth2,5899006.00,66462.00,5965468.00,66462,5899006,1007.00,1007.00,2014.00,1007,1007,0.00,0.00,0,0
1471912545,s2-eth1,66396.00,5904864.00,5971260.00,5904864,66396,1006.00,1008.00,2014.00,1008,1006,0.00,0.00,0,0
1471912545,lo,172.00,172.00,344.00,172,172,3.00,3.00,6.00,3,3,0.00,0.00,0,0
1471912545,s4,0.00,0.00,0.00,0,0,0.00,0.00,0.00,0,0,0.00,0.00,0,0
1471912545,s3-eth2,5899006.00,66396.00,5965402.00,66396,5899006,1007.00,1006.00,2013.00,1006,1007,0.00,0.00,0,0
1471912545,s3-eth1,66462.00,5899006.00,5965468.00,5899006,66462,1007.00,1007.00,2014.00,1007,1007,0.00,0.00,0,0
1471912545,total,17902302.00,17902302.00,35804604.00,17902302,17902302,6044.00,6044.00,12088.00,6044,6044,0.00,0.00,0,0
1471912546,s5,0.00,0.00,0.00,0,0,0.00,0.00,0.00,0,0,0.00,0.00,0,0
1471912546,s1,0.00,0.00,0.00,0,0,0.00,0.00,0.00,0,0,0.00,0.00,0,0
1471912546,eth0,0.00,0.00,0.00,0,0,0.00,0.00,0.00,0,0,0.00,0.00,0,0
1471912546,s2,0.00,0.00,0.00,0,0,0.00,0.00,0.00,0,0,0.00,0.00,0,0
1471912546,s1-eth2,65472.00,5799420.00,5864892.00,5799420,65472,992.00,990.00,1982.00,990,992,0.00,0.00,0,0
1471912546,s1-eth1,5799420.00,65406.00,5864826.00,65406,5799420,990.00,991.00,1981.00,991,990,0.00,0.00,0,0
1471912546,s3,0.00,0.00,0.00,0,0,0.00,0.00,0.00,0,0,0.00,0.00,0,0
1471912546,s2-eth2,5799420.00,65406.00,5864826.00,65406,5799420,990.00,991.00,1981.00,991,990,0.00,0.00,0,0
1471912546,s2-eth1,65406.00,5799420.00,5864826.00,5799420,65406,991.00,990.00,1981.00,990,991,0.00,0.00,0,0
1471912546,lo,344.00,344.00,688.00,344,344,6.00,6.00,12.00,6,6,0.00,0.00,0,0
1471912546,s4,0.00,0.00,0.00,0,0,0.00,0.00,0.00,0,0,0.00,0.00,0,0
1471912546,s3-eth2,5799420.00,65406.00,5864826.00,65406,5799420,990.00,991.00,1981.00,991,990,0.00,0.00,0,0
1471912546,s3-eth1,65406.00,5799420.00,5864826.00,5799420,65406,991.00,990.00,1981.00,990,991,0.00,0.00,0,0
1471912546,total,17594888.00,17594822.00,35189712.00,17594822,17594888,5950.00,5949.00,11899.00,5949,5950,0.00,0.00,0,0
1471912547,s5,0.00,0.00,0.00,0,0,0.00,0.00,0.00,0,0,0.00,0.00,0,0
1471912547,s1,0.00,0.00,0.00,0,0,0.00,0.00,0.00,0,0,0.00,0.00,0,0
1471912547,eth0,0.00,0.00,0.00,0,0,0.00,0.00,0.00,0,0,0.00,0.00,0,0
1471912547,s2,0.00,0.00,0.00,0,0,0.00,0.00,0.00,0,0,0.00,0.00,0,0
1471912547,s1-eth2,66396.00,5899006.00,5965402.00,5899006,66396,1006.00,1007.00,2013.00,1007,1006,0.00,0.00,0,0
1471912547,s1-eth1,5893148.00,66462.00,5959610.00,66462,5893148,1006.00,1007.00,2013.00,1007,1006,0.00,0.00,0,0
1471912547,s3,0.00,0.00,0.00,0,0,0.00,0.00,0.00,0,0,0.00,0.00,0,0
1471912547,s2-eth2,5899006.00,66396.00,5965402.00,66396,5899006,1007.00,1006.00,2013.00,1006,1007,0.00,0.00,0,0
1471912547,s2-eth1,66462.00,5893148.00,5959610.00,5893148,66462,1007.00,1006.00,2013.00,1006,1007,0.00,0.00,0,0
1471912547,lo,0.00,0.00,0.00,0,0,0.00,0.00,0.00,0,0,0.00,0.00,0,0
1471912547,s4,0.00,0.00,0.00,0,0,0.00,0.00,0.00,0,0,0.00,0.00,0,0
1471912547,s3-eth2,5899006.00,66462.00,5965468.00,66462,5899006,1007.00,1007.00,2014.00,1007,1007,0.00,0.00,0,0
1471912547,s3-eth1,66396.00,5899006.00,5965402.00,5899006,66396,1006.00,1007.00,2013.00,1007,1006,0.00,0.00,0,0
1471912547,total,17890414.00,17890480.00,35780896.00,17890480,17890414,6039.00,6040.00,12079.00,6040,6039,0.00,0.00,0,0
1471912548,s5,0.00,0.00,0.00,0,0,0.00,0.00,0.00,0,0,0.00,0.00,0,0
1471912548,s1,0.00,1277.45,1277.45,1280,0,0.00,7.98,7.98,8,0,0.00,0.00,0,0
1471912548,eth0,456.09,637.72,1093.81,639,457,5.99,5.99,11.98,6,6,0.00,0.00,0,0
1471912548,s2,0.00,1257.49,1257.49,1260,0,0.00,7.98,7.98,8,0,0.00,0.00,0,0
1471912548,s1-eth2,77157.69,5467052.00,5544209.50,5477986,77312,1157.68,1470.06,2627.74,1473,1160,0.00,0.00,0,0
1471912548,s1-eth1,5477194.00,77157.69,5554351.50,77312,5488148,1465.07,1157.68,2622.75,1160,1468,0.00,0.00,0,0
1471912548,s3,0.00,1257.49,1257.49,1260,0,0.00,7.98,7.98,8,0,0.00,0.00,0,0
1471912548,s2-eth2,5478619.00,76782.44,5555401.50,76936,5489576,1459.08,1157.68,2616.77,1160,1462,0.00,0.00,0,0
1471912548,s2-eth1,77157.69,5477194.00,5554351.50,5488148,77312,1157.68,1465.07,2622.75,1468,1160,0.00,0.00,0,0
1471912548,lo,7966.07,7966.07,15932.14,7982,7982,79.84,79.84,159.68,80,80,0.00,0.00,0,0
1471912548,s4,0.00,0.00,0.00,0,0,0.00,0.00,0.00,0,0,0.00,0.00,0,0
1471912548,s3-eth2,5475856.50,76473.05,5552329.50,76626,5486808,1439.12,1158.68,2597.80,1161,1442,0.00,0.00,0,0
1471912548,s3-eth1,76782.44,5478619.00,5555401.50,5489576,76936,1157.68,1459.08,2616.77,1462,1160,0.00,0.00,0,0
1471912548,total,16671189.00,16665674.00,33336864.00,16699005,16704531,7922.16,7978.04,15900.20,7994,7938,0.00,0.00,0,0
1471912549,s5,0.00,0.00,0.00,0,0,0.00,0.00,0.00,0,0,0.00,0.00,0,0
1471912549,s1,0.00,2778.00,2778.00,2778,0,0.00,17.00,17.00,17,0,0.00,0.00,0,0
1471912549,eth0,1307.00,1830.00,3137.00,1830,1307,17.00,17.00,34.00,17,17,0.00,0.00,0,0
1471912549,s2,0.00,3795.00,3795.00,3795,0,0.00,20.00,20.00,20,0,0.00,0.00,0,0
1471912549,s1-eth2,100406.00,5632918.00,5733324.00,5632918,100406,1491.00,1451.00,2942.00,1451,1491,0.00,0.00,0,0
1471912549,s1-eth1,5630923.00,100590.00,5731513.00,100590,5630923,1470.00,1499.00,2969.00,1499,1470,0.00,0.00,0,0
1471912549,s3,0.00,2126.00,2126.00,2126,0,0.00,13.00,13.00,13,0,0.00,0.00,0,0
1471912549,s2-eth2,5636430.00,99984.00,5736414.00,99984,5636430,1485.00,1494.00,2979.00,1494,1485,0.00,0.00,0,0
1471912549,s2-eth1,100590.00,5630923.00,5731513.00,5630923,100590,1499.00,1470.00,2969.00,1470,1499,0.00,0.00,0,0
1471912549,lo,16439.00,16439.00,32878.00,16439,16439,158.00,158.00,316.00,158,158,0.00,0.00,0,0
1471912549,s4,0.00,0.00,0.00,0,0,0.00,0.00,0.00,0,0,0.00,0.00,0,0
1471912549,s3-eth2,5680657.00,97482.00,5778139.00,97482,5680657,1515.00,1477.00,2992.00,1477,1515,0.00,0.00,0,0
1471912549,s3-eth1,99984.00,5636430.00,5736414.00,5636430,99984,1494.00,1485.00,2979.00,1485,1494,0.00,0.00,0,0
1471912549,total,17266736.00,17225296.00,34492032.00,17225295,17266736,9129.00,9101.00,18230.00,9101,9129,0.00,0.00,0,0
1471912550,s5,0.00,0.00,0.00,0,0,0.00,0.00,0.00,0,0,0.00,0.00,0,0
1471912550,s1,0.00,2706.00,2706.00,2706,0,0.00,11.00,11.00,11,0,0.00,0.00,0,0
1471912550,eth0,458.00,543.00,1001.00,543,458,6.00,6.00,12.00,6,6,0.00,0.00,0,0
1471912550,s2,0.00,1689.00,1689.00,1689,0,0.00,8.00,8.00,8,0,0.00,0.00,0,0
1471912550,s1-eth2,70302.00,5896398.00,5966700.00,5896398,70302,1035.00,1143.00,2178.00,1143,1035,0.00,0.00,0,0
1471912550,s1-eth1,5891593.00,69564.00,5961157.00,69564,5891593,1147.00,1024.00,2171.00,1024,1147,0.00,0.00,0,0
1471912550,s3,0.00,3064.00,3064.00,3064,0,0.00,13.00,13.00,13,0,0.00,0.00,0,0
1471912550,s2-eth2,5881888.00,66834.00,5948722.00,66834,5881888,1153.00,1006.00,2159.00,1006,1153,0.00,0.00,0,0
1471912550,s2-eth1,69564.00,5891593.00,5961157.00,5891593,69564,1024.00,1147.00,2171.00,1147,1024,0.00,0.00,0,0
1471912550,lo,10269.00,10269.00,20538.00,10269,10269,96.00,96.00,192.00,96,96,0.00,0.00,0,0
1471912550,s4,0.00,0.00,0.00,0,0,0.00,0.00,0.00,0,0,0.00,0.00,0,0
1471912550,s3-eth2,5889602.00,66198.00,5955800.00,66198,5889602,1164.00,1003.00,2167.00,1003,1164,0.00,0.00,0,0
1471912550,s3-eth1,66834.00,5881888.00,5948722.00,5881888,66834,1006.00,1153.00,2159.00,1153,1006,0.00,0.00,0,0
1471912550,total,17880510.00,17890746.00,35771256.00,17890746,17880510,6631.00,6610.00,13241.00,6610,6631,0.00,0.00,0,0
1471912551,s5,0.00,0.00,0.00,0,0,0.00,0.00,0.00,0,0,0.00,0.00,0,0
1471912551,s1,0.00,654.00,654.00,654,0,0.00,2.00,2.00,2,0,0.00,0.00,0,0
1471912551,eth0,305.00,394.00,699.00,394,305,4.00,4.00,8.00,4,4,0.00,0.00,0,0
1471912551,s2,0.00,654.00,654.00,654,0,0.00,2.00,2.00,2,0,0.00,0.00,0,0
1471912551,s1-eth2,81642.00,5959132.00,6040774.00,5959132,81642,1204.00,1194.00,2398.00,1194,1204,0.00,0.00,0,0
1471912551,s1-eth1,5959459.00,79128.00,6038587.00,79128,5959459,1195.00,1191.00,2386.00,1191,1195,0.00,0.00,0,0
1471912551,s3,0.00,948.00,948.00,948,0,0.00,4.00,4.00,4,0,0.00,0.00,0,0
1471912551,s2-eth2,5954222.00,79131.00,6033353.00,79131,5954222,1197.00,1195.00,2392.00,1195,1197,0.00,0.00,0,0
1471912551,s2-eth1,79128.00,5959459.00,6038587.00,5959459,79128,1191.00,1195.00,2386.00,1195,1191,0.00,0.00,0,0
1471912551,lo,3324.00,3324.00,6648.00,3324,3324,35.00,35.00,70.00,35,35,0.00,0.00,0,0
1471912551,s4,0.00,0.00,0.00,0,0,0.00,0.00,0.00,0,0,0.00,0.00,0,0
1471912551,s3-eth2,5961153.00,78804.00,6039957.00,78804,5961153,1203.00,1194.00,2397.00,1194,1203,0.00,0.00,0,0
1471912551,s3-eth1,79131.00,5954222.00,6033353.00,5954222,79131,1195.00,1197.00,2392.00,1197,1195,0.00,0.00,0,0
1471912551,total,18118364.00,18115850.00,36234216.00,18115850,18118364,7224.00,7213.00,14437.00,7213,7224,0.00,0.00,0,0
1471912552,s5,0.00,0.00,0.00,0,0,0.00,0.00,0.00,0,0,0.00,0.00,0,0
1471912552,s1,0.00,748.00,748.00,748,0,0.00,4.00,4.00,4,0,0.00,0.00,0,0
1471912552,eth0,152.00,245.00,397.00,245,152,2.00,2.00,4.00,2,2,0.00,0.00,0,0
1471912552,s2,0.00,748.00,748.00,748,0,0.00,4.00,4.00,4,0,0.00,0.00,0,0
1471912552,s1-eth2,68227.00,5945870.00,6014097.00,5945870,68227,1020.00,1015.00,2035.00,1015,1020,0.00,0.00,0,0
1471912552,s1-eth1,5940386.00,67672.00,6008058.00,67672,5940386,1016.00,1018.00,2034.00,1018,1016,0.00,0.00,0,0
1471912552,s3,0.00,374.00,374.00,374,0,0.00,2.00,2.00,2,0,0.00,0.00,0,0
1471912552,s2-eth2,5940386.00,67298.00,6007684.00,67298,5940386,1016.00,1016.00,2032.00,1016,1016,0.00,0.00,0,0
1471912552,s2-eth1,67672.00,5940386.00,6008058.00,5940386,67672,1018.00,1016.00,2034.00,1016,1018,0.00,0.00,0,0
1471912552,lo,3444.00,3444.00,6888.00,3444,3444,33.00,33.00,66.00,33,33,0.00,0.00,0,0
1471912552,s4,0.00,0.00,0.00,0,0,0.00,0.00,0.00,0,0,0.00,0.00,0,0
1471912552,s3-eth2,5934855.00,66924.00,6001779.00,66924,5934855,1016.00,1014.00,2030.00,1014,1016,0.00,0.00,0,0
1471912552,s3-eth1,67298.00,5940386.00,6007684.00,5940386,67298,1016.00,1016.00,2032.00,1016,1016,0.00,0.00,0,0
1471912552,total,18022420.00,18034096.00,36056516.00,18034095,18022420,6137.00,6140.00,12277.00,6140,6137,0.00,0.00,0,0
1471912553,s5,0.00,0.00,0.00,0,0,0.00,0.00,0.00,0,0,0.00,0.00,0,0
1471912553,s1,0.00,794.00,794.00,794,0,0.00,4.00,4.00,4,0,0.00,0.00,0,0
1471912553,eth0,60.00,60.00,120.00,60,60,1.00,1.00,2.00,1,1,0.00,0.00,0,0
1471912553,s2,0.00,794.00,794.00,794,0,0.00,4.00,4.00,4,0,0.00,0.00,0,0
1471912553,s1-eth2,64484.00,5664686.00,5729170.00,5664686,64484,969.00,967.00,1936.00,967,969,0.00,0.00,0,0
1471912553,s1-eth1,5665083.00,64418.00,5729501.00,64418,5665083,969.00,968.00,1937.00,968,969,0.00,0.00,0,0
1471912553,s3,0.00,1168.00,1168.00,1168,0,0.00,6.00,6.00,6,0,0.00,0.00,0,0
1471912553,s2-eth2,5659996.00,64021.00,5724017.00,64021,5659996,972.00,966.00,1938.00,966,972,0.00,0.00,0,0
1471912553,s2-eth1,64418.00,5665083.00,5729501.00,5665083,64418,968.00,969.00,1937.00,969,968,0.00,0.00,0,0
1471912553,lo,4247.00,4247.00,8494.00,4247,4247,43.00,43.00,86.00,43,43,0.00,0.00,0,0
1471912553,s4,0.00,0.00,0.00,0,0,0.00,0.00,0.00,0,0,0.00,0.00,0,0
1471912553,s3-eth2,5654512.00,63624.00,5718136.00,63624,5654512,973.00,964.00,1937.00,964,973,0.00,0.00,0,0
1471912553,s3-eth1,64021.00,5659996.00,5724017.00,5659996,64021,966.00,972.00,1938.00,972,966,0.00,0.00,0,0
1471912553,total,17176820.00,17188892.00,34365712.00,17188891,17176821,5861.00,5864.00,11725.00,5864,5861,0.00,0.00,0,0
1471912554,s5,0.00,0.00,0.00,0,0,0.00,0.00,0.00,0,0,0.00,0.00,0,0
1471912554,s1,0.00,342.00,342.00,342,0,0.00,1.00,1.00,1,0,0.00,0.00,0,0
1471912554,eth0,0.00,0.00,0.00,0,0,0.00,0.00,0.00,0,0,0.00,0.00,0,0
1471912554,s2,0.00,0.00,0.00,0,0,0.00,0.00,0.00,0,0,0.00,0.00,0,0
1471912554,s1-eth2,68099.00,5960288.00,6028387.00,5960288,68099,1020.00,1036.00,2056.00,1036,1020,0.00,0.00,0,0
1471912554,s1-eth1,5956996.00,67464.00,6024460.00,67464,5956996,1030.00,1018.00,2048.00,1018,1030,0.00,0.00,0,0
1471912554,s3,0.00,0.00,0.00,0,0,0.00,0.00,0.00,0,0,0.00,0.00,0,0
1471912554,s2-eth2,5956666.00,67122.00,6023788.00,67122,5956666,1025.00,1017.00,2042.00,1017,1025,0.00,0.00,0,0
1471912554,s2-eth1,67464.00,5956996.00,6024460.00,5956996,67464,1018.00,1030.00,2048.00,1030,1018,0.00,0.00,0,0
1471912554,lo,326.00,326.00,652.00,326,326,3.00,3.00,6.00,3,3,0.00,0.00,0,0
1471912554,s4,0.00,0.00,0.00,0,0,0.00,0.00,0.00,0,0,0.00,0.00,0,0
1471912554,s3-eth2,5956799.00,67188.00,6023987.00,67188,5956799,1023.00,1018.00,2041.00,1018,1023,0.00,0.00,0,0
1471912554,s3-eth1,67122.00,5956666.00,6023788.00,5956666,67122,1017.00,1025.00,2042.00,1025,1017,0.00,0.00,0,0
1471912554,total,18073472.00,18076392.00,36149864.00,18076392,18073472,6136.00,6148.00,12284.00,6148,6136,0.00,0.00,0,0
1471912555,s5,0.00,0.00,0.00,0,0,0.00,0.00,0.00,0,0,0.00,0.00,0,0
1471912555,s1,0.00,0.00,0.00,0,0,0.00,0.00,0.00,0,0,0.00,0.00,0,0
1471912555,eth0,0.00,0.00,0.00,0,0,0.00,0.00,0.00,0,0,0.00,0.00,0,0
1471912555,s2,0.00,0.00,0.00,0,0,0.00,0.00,0.00,0,0,0.00,0.00,0,0
1471912555,s1-eth2,79612.00,5981376.00,6060988.00,5981376,79612,1202.00,1180.00,2382.00,1180,1202,0.00,0.00,0,0
1471912555,s1-eth1,5984668.00,79200.00,6063868.00,79200,5984668,1186.00,1200.00,2386.00,1200,1186,0.00,0.00,0,0
1471912555,s3,0.00,0.00,0.00,0,0,0.00,0.00,0.00,0,0,0.00,0.00,0,0
1471912555,s2-eth2,5979140.00,79200.00,6058340.00,79200,5979140,1190.00,1200.00,2390.00,1200,1190,0.00,0.00,0,0
1471912555,s2-eth1,79200.00,5984668.00,6063868.00,5984668,79200,1200.00,1186.00,2386.00,1186,1200,0.00,0.00,0,0
1471912555,lo,0.00,0.00,0.00,0,0,0.00,0.00,0.00,0,0,0.00,0.00,0,0
1471912555,s4,0.00,0.00,0.00,0,0,0.00,0.00,0.00,0,0,0.00,0.00,0,0
1471912555,s3-eth2,5985262.00,79134.00,6064396.00,79134,5985262,1195.00,1199.00,2394.00,1199,1195,0.00,0.00,0,0
1471912555,s3-eth1,79200.00,5979140.00,6058340.00,5979140,79200,1200.00,1190.00,2390.00,1190,1200,0.00,0.00,0,0
1471912555,total,18187082.00,18182718.00,36369800.00,18182718,18187082,7173.00,7155.00,14328.00,7155,7173,0.00,0.00,0,0
1471912556,s5,0.00,0.00,0.00,0,0,0.00,0.00,0.00,0,0,0.00,0.00,0,0
1471912556,s1,0.00,214.00,214.00,214,0,0.00,2.00,2.00,2,0,0.00,0.00,0,0
1471912556,eth0,0.00,0.00,0.00,0,0,0.00,0.00,0.00,0,0,0.00,0.00,0,0
1471912556,s2,0.00,556.00,556.00,556,0,0.00,3.00,3.00,3,0,0.00,0.00,0,0
1471912556,s1-eth2,68128.00,6022024.00,6090152.00,6022024,68128,1031.00,1028.00,2059.00,1028,1031,0.00,0.00,0,0
1471912556,s1-eth1,6022473.00,68062.00,6090535.00,68062,6022473,1030.00,1030.00,2060.00,1030,1030,0.00,0.00,0,0
1471912556,s3,0.00,449.00,449.00,449,0,0.00,2.00,2.00,2,0,0.00,0.00,0,0
1471912556,s2-eth2,6028331.00,68021.00,6096352.00,68021,6028331,1031.00,1030.00,2061.00,1030,1031,0.00,0.00,0,0
1471912556,s2-eth1,68062.00,6022473.00,6090535.00,6022473,68062,1030.00,1030.00,2060.00,1030,1030,0.00,0.00,0,0
1471912556,lo,2521.00,2521.00,5042.00,2521,2521,27.00,27.00,54.00,27,27,0.00,0.00,0,0
1471912556,s4,0.00,0.00,0.00,0,0,0.00,0.00,0.00,0,0,0.00,0.00,0,0
1471912556,s3-eth2,6028331.00,67848.00,6096179.00,67848,6028331,1031.00,1028.00,2059.00,1028,1031,0.00,0.00,0,0
1471912556,s3-eth1,68021.00,6028331.00,6096352.00,6028331,68021,1030.00,1031.00,2061.00,1031,1030,0.00,0.00,0,0
1471912556,total,18285868.00,18280500.00,36566368.00,18280499,18285867,6210.00,6211.00,12421.00,6211,6210,0.00,0.00,0,0
1471912557,s5,0.00,0.00,0.00,0,0,0.00,0.00,0.00,0,0,0.00,0.00,0,0
1471912557,s1,0.00,482.00,482.00,482,0,0.00,3.00,3.00,3,0,0.00,0.00,0,0
1471912557,eth0,0.00,0.00,0.00,0,0,0.00,0.00,0.00,0,0,0.00,0.00,0,0
1471912557,s2,0.00,140.00,140.00,140,0,0.00,2.00,2.00,2,0,0.00,0.00,0,0
1471912557,s1-eth2,68198.00,6010308.00,6078506.00,6010308,68198,1029.00,1026.00,2055.00,1026,1029,0.00,0.00,0,0
1471912557,s1-eth1,6010378.00,68198.00,6078576.00,68198,6010378,1027.00,1029.00,2056.00,1029,1027,0.00,0.00,0,0
1471912557,s3,0.00,589.00,589.00,589,0,0.00,4.00,4.00,4,0,0.00,0.00,0,0
1471912557,s2-eth2,6010897.00,67720.00,6078617.00,67720,6010897,1030.00,1026.00,2056.00,1026,1030,0.00,0.00,0,0
1471912557,s2-eth1,68198.00,6010378.00,6078576.00,6010378,68198,1029.00,1027.00,2056.00,1027,1029,0.00,0.00,0,0
1471912557,lo,2565.00,2565.00,5130.00,2565,2565,27.00,27.00,54.00,27,27,0.00,0.00,0,0
1471912557,s4,0.00,0.00,0.00,0,0,0.00,0.00,0.00,0,0,0.00,0.00,0,0
1471912557,s3-eth2,6011004.00,67782.00,6078786.00,67782,6011004,1031.00,1027.00,2058.00,1027,1031,0.00,0.00,0,0
1471912557,s3-eth1,67720.00,6010897.00,6078617.00,6010897,67720,1026.00,1030.00,2056.00,1030,1026,0.00,0.00,0,0
1471912557,total,18238960.00,18239060.00,36478020.00,18239059,18238960,6199.00,6201.00,12400.00,6201,6199,0.00,0.00,0,0
1471912558,s5,0.00,0.00,0.00,0,0,0.00,0.00,0.00,0,0,0.00,0.00,0,0
1471912558,s1,0.00,0.00,0.00,0,0,0.00,0.00,0.00,0,0,0.00,0.00,0,0
1471912558,eth0,0.00,0.00,0.00,0,0,0.00,0.00,0.00,0,0,0.00,0.00,0,0
1471912558,s2,0.00,0.00,0.00,0,0,0.00,0.00,0.00,0,0,0.00,0.00,0,0
1471912558,s1-eth2,67163.00,5928296.00,5995459.00,5928296,67163,1017.00,1012.00,2029.00,1012,1017,0.00,0.00,0,0
1471912558,s1-eth1,5928296.00,67056.00,5995352.00,67056,5928296,1012.00,1016.00,2028.00,1016,1012,0.00,0.00,0,0
1471912558,s3,0.00,0.00,0.00,0,0,0.00,0.00,0.00,0,0,0.00,0.00,0,0
1471912558,s2-eth2,5928296.00,67122.00,5995418.00,67122,5928296,1012.00,1017.00,2029.00,1017,1012,0.00,0.00,0,0
1471912558,s2-eth1,67056.00,5928296.00,5995352.00,5928296,67056,1016.00,1012.00,2028.00,1012,1016,0.00,0.00,0,0
1471912558,lo,0.00,0.00,0.00,0,0,0.00,0.00,0.00,0,0,0.00,0.00,0,0
1471912558,s4,0.00,0.00,0.00,0,0,0.00,0.00,0.00,0,0,0.00,0.00,0,0
1471912558,s3-eth2,5928708.00,67056.00,5995764.00,67056,5928708,1014.00,1016.00,2030.00,1016,1014,0.00,0.00,0,0
1471912558,s3-eth1,67122.00,5928296.00,5995418.00,5928296,67122,1017.00,1012.00,2029.00,1012,1017,0.00,0.00,0,0
1471912558,total,17986640.00,17986122.00,35972764.00,17986122,17986641,6088.00,6085.00,12173.00,6085,6088,0.00,0.00,0,0
1471912559,s5,0.00,0.00,0.00,0,0,0.00,0.00,0.00,0,0,0.00,0.00,0,0
1471912559,s1,0.00,342.00,342.00,342,0,0.00,1.00,1.00,1,0,0.00,0.00,0,0
1471912559,eth0,0.00,0.00,0.00,0,0,0.00,0.00,0.00,0,0,0.00,0.00,0,0
1471912559,s2,0.00,342.00,342.00,342,0,0.00,1.00,1.00,1,0,0.00,0.00,0,0
1471912559,s1-eth2,65950.00,5839056.00,5905006.00,5839056,65950,995.00,1064.00,2059.00,1064,995,0.00,0.00,0,0
1471912559,s1-eth1,5844914.00,65946.00,5910860.00,65946,5844914,1065.00,995.00,2060.00,995,1065,0.00,0.00,0,0
1471912559,s3,0.00,0.00,0.00,0,0,0.00,0.00,0.00,0,0,0.00,0.00,0,0
1471912559,s2-eth2,5844914.00,65880.00,5910794.00,65880,5844914,1065.00,994.00,2059.00,994,1065,0.00,0.00,0,0
1471912559,s2-eth1,65946.00,5844914.00,5910860.00,5844914,65946,995.00,1065.00,2060.00,1065,995,0.00,0.00,0,0
1471912559,lo,652.00,652.00,1304.00,652,652,6.00,6.00,12.00,6,6,0.00,0.00,0,0
1471912559,s4,0.00,0.00,0.00,0,0,0.00,0.00,0.00,0,0,0.00,0.00,0,0
1471912559,s3-eth2,5844914.00,65604.00,5910518.00,65604,5844914,1065.00,994.00,2059.00,994,1065,0.00,0.00,0,0
1471912559,s3-eth1,65880.00,5844914.00,5910794.00,5844914,65880,994.00,1065.00,2059.00,1065,994,0.00,0.00,0,0
1471912559,total,17733170.00,17727650.00,35460820.00,17727650,17733170,6185.00,6185.00,12370.00,6185,6185,0.00,0.00,0,0
1471912560,s5,0.00,0.00,0.00,0,0,0.00,0.00,0.00,0,0,0.00,0.00,0,0
1471912560,s1,0.00,0.00,0.00,0,0,0.00,0.00,0.00,0,0,0.00,0.00,0,0
1471912560,eth0,0.00,0.00,0.00,0,0,0.00,0.00,0.00,0,0,0.00,0.00,0,0
1471912560,s2,0.00,0.00,0.00,0,0,0.00,0.00,0.00,0,0,0.00,0.00,0,0
1471912560,s1-eth2,77232.00,5901740.00,5978972.00,5901740,77232,1166.00,1202.00,2368.00,1202,1166,0.00,0.00,0,0
1471912560,s1-eth1,5890024.00,77088.00,5967112.00,77088,5890024,1200.00,1168.00,2368.00,1168,1200,0.00,0.00,0,0
1471912560,s3,0.00,0.00,0.00,0,0,0.00,0.00,0.00,0,0,0.00,0.00,0,0
1471912560,s2-eth2,5889694.00,77352.00,5967046.00,77352,5889694,1195.00,1172.00,2367.00,1172,1195,0.00,0.00,0,0
1471912560,s2-eth1,77088.00,5890024.00,5967112.00,5890024,77088,1168.00,1200.00,2368.00,1200,1168,0.00,0.00,0,0
1471912560,lo,0.00,0.00,0.00,0,0,0.00,0.00,0.00,0,0,0.00,0.00,0,0
1471912560,s4,0.00,0.00,0.00,0,0,0.00,0.00,0.00,0,0,0.00,0.00,0,0
1471912560,s3-eth2,5892392.00,77550.00,5969942.00,77550,5892392,1192.00,1175.00,2367.00,1175,1192,0.00,0.00,0,0
1471912560,s3-eth1,77352.00,5889694.00,5967046.00,5889694,77352,1172.00,1195.00,2367.00,1195,1172,0.00,0.00,0,0
1471912560,total,17903782.00,17913448.00,35817232.00,17913448,17903782,7093.00,7112.00,14205.00,7112,7093,0.00,0.00,0,0
1471912561,s5,0.00,0.00,0.00,0,0,0.00,0.00,0.00,0,0,0.00,0.00,0,0
1471912561,s1,0.00,0.00,0.00,0,0,0.00,0.00,0.00,0,0,0.00,0.00,0,0
1471912561,eth0,0.00,0.00,0.00,0,0,0.00,0.00,0.00,0,0,0.00,0.00,0,0
1471912561,s2,0.00,0.00,0.00,0,0,0.00,0.00,0.00,0,0,0.00,0.00,0,0
1471912561,s1-eth2,68508.00,5986876.00,6055384.00,5986876,68508,1038.00,1022.00,2060.00,1022,1038,0.00,0.00,0,0
1471912561,s1-eth1,5986876.00,68310.00,6055186.00,68310,5986876,1022.00,1035.00,2057.00,1035,1022,0.00,0.00,0,0
1471912561,s3,0.00,0.00,0.00,0,0,0.00,0.00,0.00,0,0,0.00,0.00,0,0
1471912561,s2-eth2,5987206.00,68046.00,6055252.00,68046,5987206,1027.00,1031.00,2058.00,1031,1027,0.00,0.00,0,0
1471912561,s2-eth1,68310.00,5986876.00,6055186.00,5986876,68310,1035.00,1022.00,2057.00,1022,1035,0.00,0.00,0,0
1471912561,lo,344.00,344.00,688.00,344,344,6.00,6.00,12.00,6,6,0.00,0.00,0,0
1471912561,s4,0.00,0.00,0.00,0,0,0.00,0.00,0.00,0,0,0.00,0.00,0,0
1471912561,s3-eth2,5984508.00,67782.00,6052290.00,67782,5984508,1030.00,1027.00,2057.00,1027,1030,0.00,0.00,0,0
1471912561,s3-eth1,68046.00,5987206.00,6055252.00,5987206,68046,1031.00,1027.00,2058.00,1027,1031,0.00,0.00,0,0
1471912561,total,18163798.00,18165440.00,36329240.00,18165440,18163798,6189.00,6170.00,12359.00,6170,6189,0.00,0.00,0,0
1471912562,s5,0.00,0.00,0.00,0,0,0.00,0.00,0.00,0,0,0.00,0.00,0,0
1471912562,s1,0.00,0.00,0.00,0,0,0.00,0.00,0.00,0,0,0.00,0.00,0,0
1471912562,eth0,0.00,0.00,0.00,0,0,0.00,0.00,0.00,0,0,0.00,0.00,0,0
1471912562,s2,0.00,0.00,0.00,0,0,0.00,0.00,0.00,0,0,0.00,0.00,0,0
1471912562,s1-eth2,50820.00,4008252.00,4059072.00,4008252,50820,770.00,686.00,1456.00,686,770,0.00,0.00,0,0
1471912562,s1-eth1,4107838.00,50094.00,4157932.00,50094,4107838,703.00,759.00,1462.00,759,703,0.00,0.00,0,0
1471912562,s3,0.00,0.00,0.00,0,0,0.00,0.00,0.00,0,0,0.00,0.00,0,0
1471912562,s2-eth2,4195708.00,49434.00,4245142.00,49434,4195708,718.00,749.00,1467.00,749,718,0.00,0.00,0,0
1471912562,s2-eth1,50094.00,4107838.00,4157932.00,4107838,50094,759.00,703.00,1462.00,703,759,0.00,0.00,0,0
1471912562,lo,172.00,172.00,344.00,172,172,3.00,3.00,6.00,3,3,0.00,0.00,0,0
1471912562,s4,0.00,0.00,0.00,0,0,0.00,0.00,0.00,0,0,0.00,0.00,0,0
1471912562,s3-eth2,4260146.00,48774.00,4308920.00,48774,4260146,729.00,739.00,1468.00,739,729,0.00,0.00,0,0
1471912562,s3-eth1,49434.00,4195708.00,4245142.00,4195708,49434,749.00,718.00,1467.00,718,749,0.00,0.00,0,0
1471912562,total,12714212.00,12460272.00,25174484.00,12460272,12714212,4431.00,4357.00,8788.00,4357,4431,0.00,0.00,0,0
1471912563,s5,0.00,0.00,0.00,0,0,0.00,0.00,0.00,0,0,0.00,0.00,0,0
1471912563,s1,0.00,0.00,0.00,0,0,0.00,0.00,0.00,0,0,0.00,0.00,0,0
1471912563,eth0,0.00,0.00,0.00,0,0,0.00,0.00,0.00,0,0,0.00,0.00,0,0
1471912563,s2,0.00,342.00,342.00,342,0,0.00,1.00,1.00,1,0,0.00,0.00,0,0
1471912563,s1-eth2,0.00,0.00,0.00,0,0,0.00,0.00,0.00,0,0,0.00,0.00,0,0
1471912563,s1-eth1,342.00,0.00,342.00,0,342,1.00,0.00,1.00,0,1,0.00,0.00,0,0
1471912563,s3,0.00,342.00,342.00,342,0,0.00,1.00,1.00,1,0,0.00,0.00,0,0
1471912563,s2-eth2,342.00,0.00,342.00,0,342,1.00,0.00,1.00,0,1,0.00,0.00,0,0
1471912563,s2-eth1,0.00,342.00,342.00,342,0,0.00,1.00,1.00,1,0,0.00,0.00,0,0
1471912563,lo,824.00,824.00,1648.00,824,824,9.00,9.00,18.00,9,9,0.00,0.00,0,0
1471912563,s4,0.00,0.00,0.00,0,0,0.00,0.00,0.00,0,0,0.00,0.00,0,0
1471912563,s3-eth2,342.00,0.00,342.00,0,342,1.00,0.00,1.00,0,1,0.00,0.00,0,0
1471912563,s3-eth1,0.00,342.00,342.00,342,0,0.00,1.00,1.00,1,0,0.00,0.00,0,0
1471912563,total,1850.00,2192.00,4042.00,2192,1850,12.00,13.00,25.00,13,12,0.00,0.00,0,0
1471912564,s5,0.00,0.00,0.00,0,0,0.00,0.00,0.00,0,0,0.00,0.00,0,0
1471912564,s1,0.00,214.00,214.00,214,0,0.00,2.00,2.00,2,0,0.00,0.00,0,0
1471912564,eth0,0.00,0.00,0.00,0,0,0.00,0.00,0.00,0,0,0.00,0.00,0,0
1471912564,s2,0.00,214.00,214.00,214,0,0.00,2.00,2.00,2,0,0.00,0.00,0,0
1471912564,s1-eth2,214.00,0.00,214.00,0,214,2.00,0.00,2.00,0,2,0.00,0.00,0,0
1471912564,s1-eth1,107.00,214.00,321.00,214,107,1.00,2.00,3.00,2,1,0.00,0.00,0,0
1471912564,s3,0.00,107.00,107.00,107,0,0.00,1.00,1.00,1,0,0.00,0.00,0,0
1471912564,s2-eth2,107.00,107.00,214.00,107,107,1.00,1.00,2.00,1,1,0.00,0.00,0,0
1471912564,s2-eth1,214.00,107.00,321.00,107,214,2.00,1.00,3.00,1,2,0.00,0.00,0,0
1471912564,lo,1525.00,1525.00,3050.00,1525,1525,15.00,15.00,30.00,15,15,0.00,0.00,0,0
1471912564,s4,0.00,0.00,0.00,0,0,0.00,0.00,0.00,0,0,0.00,0.00,0,0
1471912564,s3-eth2,107.00,0.00,107.00,0,107,1.00,0.00,1.00,0,1,0.00,0.00,0,0
1471912564,s3-eth1,107.00,107.00,214.00,107,107,1.00,1.00,2.00,1,1,0.00,0.00,0,0
1471912564,total,2381.00,2595.00,4976.00,2595,2381,23.00,25.00,48.00,25,23,0.00,0.00,0,0
1471912565,s5,0.00,0.00,0.00,0,0,0.00,0.00,0.00,0,0,0.00,0.00,0,0
1471912565,s1,0.00,0.00,0.00,0,0,0.00,0.00,0.00,0,0,0.00,0.00,0,0
1471912565,eth0,0.00,0.00,0.00,0,0,0.00,0.00,0.00,0,0,0.00,0.00,0,0
1471912565,s2,0.00,0.00,0.00,0,0,0.00,0.00,0.00,0,0,0.00,0.00,0,0
1471912565,s1-eth2,0.00,0.00,0.00,0,0,0.00,0.00,0.00,0,0,0.00,0.00,0,0
1471912565,s1-eth1,0.00,0.00,0.00,0,0,0.00,0.00,0.00,0,0,0.00,0.00,0,0
1471912565,s3,0.00,107.00,107.00,107,0,0.00,1.00,1.00,1,0,0.00,0.00,0,0
1471912565,s2-eth2,107.00,0.00,107.00,0,107,1.00,0.00,1.00,0,1,0.00,0.00,0,0
1471912565,s2-eth1,0.00,0.00,0.00,0,0,0.00,0.00,0.00,0,0,0.00,0.00,0,0
1471912565,lo,305.00,305.00,610.00,305,305,3.00,3.00,6.00,3,3,0.00,0.00,0,0
1471912565,s4,0.00,0.00,0.00,0,0,0.00,0.00,0.00,0,0,0.00,0.00,0,0
1471912565,s3-eth2,214.00,0.00,214.00,0,214,2.00,0.00,2.00,0,2,0.00,0.00,0,0
1471912565,s3-eth1,0.00,107.00,107.00,107,0,0.00,1.00,1.00,1,0,0.00,0.00,0,0
1471912565,total,626.00,519.00,1145.00,519,626,6.00,5.00,11.00,5,6,0.00,0.00,0,0
1471912566,s5,0.00,0.00,0.00,0,0,0.00,0.00,0.00,0,0,0.00,0.00,0,0
1471912566,s1,0.00,0.00,0.00,0,0,0.00,0.00,0.00,0,0,0.00,0.00,0,0
1471912566,eth0,0.00,0.00,0.00,0,0,0.00,0.00,0.00,0,0,0.00,0.00,0,0
1471912566,s2,0.00,0.00,0.00,0,0,0.00,0.00,0.00,0,0,0.00,0.00,0,0
1471912566,s1-eth2,107.00,0.00,107.00,0,107,1.00,0.00,1.00,0,1,0.00,0.00,0,0
1471912566,s1-eth1,0.00,0.00,0.00,0,0,0.00,0.00,0.00,0,0,0.00,0.00,0,0
1471912566,s3,0.00,0.00,0.00,0,0,0.00,0.00,0.00,0,0,0.00,0.00,0,0
1471912566,s2-eth2,0.00,0.00,0.00,0,0,0.00,0.00,0.00,0,0,0.00,0.00,0,0
1471912566,s2-eth1,0.00,0.00,0.00,0,0,0.00,0.00,0.00,0,0,0.00,0.00,0,0
1471912566,lo,344.00,344.00,688.00,344,344,6.00,6.00,12.00,6,6,0.00,0.00,0,0
1471912566,s4,0.00,0.00,0.00,0,0,0.00,0.00,0.00,0,0,0.00,0.00,0,0
1471912566,s3-eth2,0.00,0.00,0.00,0,0,0.00,0.00,0.00,0,0,0.00,0.00,0,0
1471912566,s3-eth1,0.00,0.00,0.00,0,0,0.00,0.00,0.00,0,0,0.00,0.00,0,0
1471912566,total,451.00,344.00,795.00,344,451,7.00,6.00,13.00,6,7,0.00,0.00,0,0
1471912567,s5,0.00,0.00,0.00,0,0,0.00,0.00,0.00,0,0,0.00,0.00,0,0
1471912567,s1,0.00,341.66,341.66,342,0,0.00,1.00,1.00,1,0,0.00,0.00,0,0
1471912567,eth0,0.00,0.00,0.00,0,0,0.00,0.00,0.00,0,0,0.00,0.00,0,0
1471912567,s2,0.00,341.66,341.66,342,0,0.00,1.00,1.00,1,0,0.00,0.00,0,0
1471912567,s1-eth2,341.66,0.00,341.66,0,342,1.00,0.00,1.00,0,1,0.00,0.00,0,0
1471912567,s1-eth1,0.00,341.66,341.66,342,0,0.00,1.00,1.00,1,0,0.00,0.00,0,0
1471912567,s3,0.00,0.00,0.00,0,0,0.00,0.00,0.00,0,0,0.00,0.00,0,0
1471912567,s2-eth2,0.00,341.66,341.66,342,0,0.00,1.00,1.00,1,0,0.00,0.00,0,0
1471912567,s2-eth1,341.66,0.00,341.66,0,342,1.00,0.00,1.00,0,1,0.00,0.00,0,0
1471912567,lo,651.35,651.35,1302.70,652,652,5.99,5.99,11.99,6,6,0.00,0.00,0,0
1471912567,s4,0.00,0.00,0.00,0,0,0.00,0.00,0.00,0,0,0.00,0.00,0,0
1471912567,s3-eth2,0.00,0.00,0.00,0,0,0.00,0.00,0.00,0,0,0.00,0.00,0,0
1471912567,s3-eth1,341.66,0.00,341.66,0,342,1.00,0.00,1.00,0,1,0.00,0.00,0,0
1471912567,total,1676.32,2017.98,3694.31,2020,1678,8.99,9.99,18.98,10,9,0.00,0.00,0,0
1471912568,s5,0.00,0.00,0.00,0,0,0.00,0.00,0.00,0,0,0.00,0.00,0,0
1471912568,s1,0.00,342.00,342.00,342,0,0.00,1.00,1.00,1,0,0.00,0.00,0,0
1471912568,eth0,0.00,0.00,0.00,0,0,0.00,0.00,0.00,0,0,0.00,0.00,0,0
1471912568,s2,0.00,0.00,0.00,0,0,0.00,0.00,0.00,0,0,0.00,0.00,0,0
1471912568,s1-eth2,342.00,0.00,342.00,0,342,1.00,0.00,1.00,0,1,0.00,0.00,0,0
1471912568,s1-eth1,0.00,342.00,342.00,342,0,0.00,1.00,1.00,1,0,0.00,0.00,0,0
1471912568,s3,0.00,0.00,0.00,0,0,0.00,0.00,0.00,0,0,0.00,0.00,0,0
1471912568,s2-eth2,0.00,0.00,0.00,0,0,0.00,0.00,0.00,0,0,0.00,0.00,0,0
1471912568,s2-eth1,342.00,0.00,342.00,0,342,1.00,0.00,1.00,0,1,0.00,0.00,0,0
1471912568,lo,326.00,326.00,652.00,326,326,3.00,3.00,6.00,3,3,0.00,0.00,0,0
1471912568,s4,0.00,0.00,0.00,0,0,0.00,0.00,0.00,0,0,0.00,0.00,0,0
1471912568,s3-eth2,342.00,0.00,342.00,0,342,1.00,0.00,1.00,0,1,0.00,0.00,0,0
1471912568,s3-eth1,0.00,0.00,0.00,0,0,0.00,0.00,0.00,0,0,0.00,0.00,0,0
1471912568,total,1352.00,1010.00,2362.00,1010,1352,6.00,5.00,11.00,5,6,0.00,0.00,0,0
1471912569,s5,0.00,0.00,0.00,0,0,0.00,0.00,0.00,0,0,0.00,0.00,0,0
1471912569,s1,0.00,0.00,0.00,0,0,0.00,0.00,0.00,0,0,0.00,0.00,0,0
1471912569,eth0,0.00,0.00,0.00,0,0,0.00,0.00,0.00,0,0,0.00,0.00,0,0
1471912569,s2,0.00,0.00,0.00,0,0,0.00,0.00,0.00,0,0,0.00,0.00,0,0
1471912569,s1-eth2,342.00,0.00,342.00,0,342,1.00,0.00,1.00,0,1,0.00,0.00,0,0
1471912569,s1-eth1,0.00,0.00,0.00,0,0,0.00,0.00,0.00,0,0,0.00,0.00,0,0
1471912569,s3,0.00,0.00,0.00,0,0,0.00,0.00,0.00,0,0,0.00,0.00,0,0
1471912569,s2-eth2,0.00,0.00,0.00,0,0,0.00,0.00,0.00,0,0,0.00,0.00,0,0
1471912569,s2-eth1,0.00,0.00,0.00,0,0,0.00,0.00,0.00,0,0,0.00,0.00,0,0
1471912569,lo,172.00,172.00,344.00,172,172,3.00,3.00,6.00,3,3,0.00,0.00,0,0
1471912569,s4,0.00,0.00,0.00,0,0,0.00,0.00,0.00,0,0,0.00,0.00,0,0
1471912569,s3-eth2,0.00,0.00,0.00,0,0,0.00,0.00,0.00,0,0,0.00,0.00,0,0
1471912569,s3-eth1,0.00,0.00,0.00,0,0,0.00,0.00,0.00,0,0,0.00,0.00,0,0
1471912569,total,514.00,172.00,686.00,172,514,4.00,3.00,7.00,3,4,0.00,0.00,0,0
1471912570,s5,0.00,0.00,0.00,0,0,0.00,0.00,0.00,0,0,0.00,0.00,0,0
1471912570,s1,0.00,0.00,0.00,0,0,0.00,0.00,0.00,0,0,0.00,0.00,0,0
1471912570,eth0,0.00,0.00,0.00,0,0,0.00,0.00,0.00,0,0,0.00,0.00,0,0
1471912570,s2,0.00,0.00,0.00,