1476928357,s1,0.00,0.00,0.00,0,0,0.00,0.00,0.00,0,0,0.00,0.00,0,0
1476928357,eth0,0.00,0.00,0.00,0,0,0.00,0.00,0.00,0,0,0.00,0.00,0,0
1476928357,s2,0.00,0.00,0.00,0,0,0.00,0.00,0.00,0,0,0.00,0.00,0,0
1476928357,s1-eth2,0.00,0.00,0.00,0,0,0.00,0.00,0.00,0,0,0.00,0.00,0,0
1476928357,s1-eth1,0.00,0.00,0.00,0,0,0.00,0.00,0.00,0,0,0.00,0.00,0,0
1476928357,s2-eth2,0.00,0.00,0.00,0,0,0.00,0.00,0.00,0,0,0.00,0.00,0,0
1476928357,s2-eth1,0.00,0.00,0.00,0,0,0.00,0.00,0.00,0,0,0.00,0.00,0,0
1476928357,lo,0.00,0.00,0.00,0,0,0.00,0.00,0.00,0,0,0.00,0.00,0,0
1476928357,total,0.00,0.00,0.00,0,0,0.00,0.00,0.00,0,0,0.00,0.00,0,0
1476928358,s1,90.00,222.00,312.00,222,90,1.00,3.00,4.00,3,1,0.00,0.00,0,0
1476928358,eth0,152.00,245.00,397.00,245,152,2.00,2.00,4.00,2,2,0.00,0.00,0,0
1476928358,s2,90.00,264.00,354.00,264,90,1.00,4.00,5.00,4,1,0.00,0.00,0,0
1476928358,s1-eth2,6414.00,126166.00,132580.00,126166,6414,67.00,89.00,156.00,89,67,0.00,0.00,0,0
1476928358,s1-eth1,108772.00,5110.00,113882.00,5110,108772,86.00,61.00,147.00,61,86,0.00,0.00,0,0
1476928358,s2-eth2,8042.00,127526.00,135568.00,127526,8042,83.00,89.00,172.00,89,83,0.00,0.00,0,0
1476928358,s2-eth1,112538.00,5844.00,118382.00,5844,112538,85.00,74.00,159.00,74,85,0.00,0.00,0,0
1476928358,lo,3901.00,3901.00,7802.00,3901,3901,39.00,39.00,78.00,39,39,0.00,0.00,0,0
1476928358,total,239999.00,269278.00,509277.00,269278,239999,364.00,361.00,725.00,361,364,0.00,0.00,0,0
1476928359,s1,0.00,42.00,42.00,42,0,0.00,1.00,1.00,1,0,0.00,0.00,0,0
1476928359,eth0,0.00,0.00,0.00,0,0,0.00,0.00,0.00,0,0,0.00,0.00,0,0
1476928359,s2,0.00,42.00,42.00,42,0,0.00,1.00,1.00,1,0,0.00,0.00,0,0
1476928359,s1-eth2,12104.00,215030.00,227134.00,215030,12104,143.00,143.00,286.00,143,143,0.00,0.00,0,0
1476928359,s1-eth1,215137.00,11168.00,226305.00,11168,215137,144.00,140.00,284.00,140,144,0.00,0.00,0,0
1476928359,s2-eth2,12637.00,254394.00,267031.00,254394,12637,162.00,169.00,331.00,169,162,0.00,0.00,0,0
1476928359,s2-eth1,248890.00,12444.00,261334.00,12444,248890,166.00,162.00,328.00,162,166,0.00,0.00,0,0
1476928359,lo,480.00,480.00,960.00,480,480,6.00,6.00,12.00,6,6,0.00,0.00,0,0
1476928359,total,489248.00,493600.00,982848.00,493600,489248,621.00,622.00,1243.00,622,621,0.00,0.00,0,0
1476928360,s1,0.00,42.00,42.00,42,0,0.00,1.00,1.00,1,0,0.00,0.00,0,0
1476928360,eth0,0.00,0.00,0.00,0,0,0.00,0.00,0.00,0,0,0.00,0.00,0,0
1476928360,s2,0.00,42.00,42.00,42,0,0.00,1.00,1.00,1,0,0.00,0.00,0,0
1476928360,s1-eth2,4295.00,116620.00,120915.00,116620,4295,55.00,78.00,133.00,78,55,0.00,0.00,0,0
1476928360,s1-eth1,121489.00,4188.00,125677.00,4188,121489,82.00,54.00,136.00,54,82,0.00,0.00,0,0
1476928360,s2-eth2,12672.00,261964.00,274636.00,261964,12672,163.00,174.00,337.00,174,163,0.00,0.00,0,0
1476928360,s2-eth1,249959.00,12238.00,262197.00,12238,249959,167.00,161.00,328.00,161,167,0.00,0.00,0,0
1476928360,lo,480.00,480.00,960.00,480,480,6.00,6.00,12.00,6,6,0.00,0.00,0,0
1476928360,total,388895.00,395574.00,784469.00,395574,388895,473.00,475.00,948.00,475,473,0.00,0.00,0,0
1476928361,s1,70.00,182.00,252.00,182,70,1.00,3.00,4.00,3,1,0.00,0.00,0,0
1476928361,eth0,60.00,60.00,120.00,60,60,1.00,1.00,2.00,1,1,0.00,0.00,0,0
1476928361,s2,70.00,182.00,252.00,182,70,1.00,3.00,4.00,3,1,0.00,0.00,0,0
1476928361,s1-eth2,5525.00,107606.00,113131.00,107606,5525,68.00,73.00,141.00,73,68,0.00,0.00,0,0
1476928361,s1-eth1,102064.00,5118.00,107182.00,5118,102064,73.00,65.00,138.00,65,73,0.00,0.00,0,0
1476928361,s2-eth2,13043.00,251436.00,264479.00,251436,13043,167.00,168.00,335.00,168,167,0.00,0.00,0,0
1476928361,s2-eth1,250998.00,12562.00,263560.00,12562,250998,172.00,163.00,335.00,163,172,0.00,0.00,0,0
1476928361,lo,2088.00,2088.00,4176.00,2088,2088,24.00,24.00,48.00,24,24,0.00,0.00,0,0
1476928361,total,373918.00,379234.00,753152.00,379234,373918,507.00,500.00,1007.00,500,507,0.00,0.00,0,0
1476928362,s1,0.00,42.00,42.00,42,0,0.00,1.00,1.00,1,0,0.00,0.00,0,0
1476928362,eth0,0.00,0.00,0.00,0,0,0.00,0.00,0.00,0,0,0.00,0.00,0,0
1476928362,s2,0.00,42.00,42.00,42,0,0.00,1.00,1.00,1,0,0.00,0.00,0,0
1476928362,s1-eth2,3731.00,87854.00,91585.00,87854,3731,47.00,59.00,106.00,59,47,0.00,0.00,0,0
1476928362,s1-eth1,89695.00,3404.00,93099.00,3404,89695,61.00,46.00,107.00,46,61,0.00,0.00,0,0
1476928362,s2-eth2,12515.00,255908.00,268423.00,255908,12515,161.00,170.00,331.00,170,161,0.00,0.00,0,0
1476928362,s2-eth1,249852.00,12188.00,262040.00,12188,249852,166.00,160.00,326.00,160,166,0.00,0.00,0,0
1476928362,lo,480.00,480.00,960.00,480,480,6.00,6.00,12.00,6,6,0.00,0.00,0,0
1476928362,total,356273.00,359918.00,716191.00,359918,356273,441.00,443.00,884.00,443,441,0.00,0.00,0,0
1476928363,s1,0.00,41.96,41.96,42,0,0.00,1.00,1.00,1,0,0.00,0.00,0,0
1476928363,eth0,0.00,0.00,0.00,0,0,0.00,0.00,0.00,0,0,0.00,0.00,0,0
1476928363,s2,0.00,41.96,41.96,42,0,0.00,1.00,1.00,1,0,0.00,0.00,0,0
1476928363,s1-eth2,4681.32,116503.50,121184.82,116620,4686,62.94,77.92,140.86,78,63,0.00,0.00,0,0
1476928363,s1-eth1,113478.52,4681.32,118159.84,4686,113592,75.92,62.94,138.86,63,76,0.00,0.00,0,0
1476928363,s2-eth2,12503.50,255652.36,268155.84,255908,12516,161.84,169.83,331.67,170,162,0.00,0.00,0,0
1476928363,s2-eth1,249602.41,12503.50,262105.91,12516,249852,165.83,161.84,327.67,162,166,0.00,0.00,0,0
1476928363,lo,479.52,479.52,959.04,480,480,5.99,5.99,11.99,6,6,0.00,0.00,0,0
1476928363,total,380745.25,389904.09,770649.38,390294,381126,472.53,480.52,953.05,481,473,0.00,0.00,0,0
1476928364,s1,0.00,0.00,0.00,0,0,0.00,0.00,0.00,0,0,0.00,0.00,0,0
1476928364,eth0,0.00,0.00,0.00,0,0,0.00,0.00,0.00,0,0,0.00,0.00,0,0
1476928364,s2,0.00,0.00,0.00,0,0,0.00,0.00,0.00,0,0,0.00,0.00,0,0
1476928364,s1-eth2,4203.00,107494.00,111697.00,107494,4203,53.00,71.00,124.00,71,53,0.00,0.00,0,0
1476928364,s1-eth1,101438.00,4096.00,105534.00,4096,101438,67.00,52.00,119.00,52,67,0.00,0.00,0,0
1476928364,s2-eth2,12103.00,251324.00,263427.00,251324,12103,155.00,166.00,321.00,166,155,0.00,0.00,0,0
1476928364,s2-eth1,240833.00,12070.00,252903.00,12070,240833,160.00,155.00,315.00,155,160,0.00,0.00,0,0
1476928364,lo,0.00,0.00,0.00,0,0,0.00,0.00,0.00,0,0,0.00,0.00,0,0
1476928364,total,358577.00,374984.00,733561.00,374984,358577,435.00,444.00,879.00,444,435,0.00,0.00,0,0
1476928365,s1,70.00,140.00,210.00,140,70,1.00,2.00,3.00,2,1,0.00,0.00,0,0
1476928365,eth0,0.00,0.00,0.00,0,0,0.00,0.00,0.00,0,0,0.00,0.00,0,0
1476928365,s2,70.00,140.00,210.00,140,70,1.00,2.00,3.00,2,1,0.00,0.00,0,0
1476928365,s1-eth2,5364.00,93938.00,99302.00,93938,5364,64.00,63.00,127.00,63,64,0.00,0.00,0,0
1476928365,s1-eth1,94185.00,4882.00,99067.00,4882,94185,66.00,61.00,127.00,61,66,0.00,0.00,0,0
1476928365,s2-eth2,12588.00,261992.00,274580.00,261992,12588,164.00,174.00,338.00,174,164,0.00,0.00,0,0
1476928365,s2-eth1,250362.00,12374.00,262736.00,12374,250362,169.00,161.00,330.00,161,169,0.00,0.00,0,0
1476928365,lo,1608.00,1608.00,3216.00,1608,1608,18.00,18.00,36.00,18,18,0.00,0.00,0,0
1476928365,total,364247.00,375074.00,739321.00,375074,364247,483.00,481.00,964.00,481,483,0.00,0.00,0,0
1476928366,s1,0.00,0.00,0.00,0,0,0.00,0.00,0.00,0,0,0.00,0.00,0,0
1476928366,eth0,0.00,0.00,0.00,0,0,0.00,0.00,0.00,0,0,0.00,0.00,0,0
1476928366,s2,0.00,0.00,0.00,0,0,0.00,0.00,0.00,0,0,0.00,0.00,0,0
1476928366,s1-eth2,3872.00,81756.00,85628.00,81756,3872,48.00,54.00,102.00,54,48,0.00,0.00,0,0
1476928366,s1-eth1,79070.00,3872.00,82942.00,3872,79070,53.00,48.00,101.00,48,53,0.00,0.00,0,0
1476928366,s2-eth2,12644.00,258894.00,271538.00,258894,12644,162.00,171.00,333.00,171,162,0.00,0.00,0,0
1476928366,s2-eth1,249810.00,12302.00,262112.00,12302,249810,165.00,161.00,326.00,161,165,0.00,0.00,0,0
1476928366,lo,0.00,0.00,0.00,0,0,0.00,0.00,0.00,0,0,0.00,0.00,0,0
1476928366,total,345396.00,356824.00,702220.00,356824,345396,428.00,434.00,862.00,434,428,0.00,0.00,0,0
1476928367,s1,0.00,0.00,0.00,0,0,0.00,0.00,0.00,0,0,0.00,0.00,0,0
1476928367,eth0,0.00,0.00,0.00,0,0,0.00,0.00,0.00,0,0,0.00,0.00,0,0
1476928367,s2,0.00,0.00,0.00,0,0,0.00,0.00,0.00,0,0,0.00,0.00,0,0
1476928367,s1-eth2,3228.00,72672.00,75900.00,72672,3228,42.00,48.00,90.00,48,42,0.00,0.00,0,0
1476928367,s1-eth1,72672.00,3228.00,75900.00,3228,72672,48.00,42.00,90.00,42,48,0.00,0.00,0,0
1476928367,s2-eth2,12420.00,260408.00,272828.00,260408,12420,162.00,172.00,334.00,172,162,0.00,0.00,0,0
1476928367,s2-eth1,251324.00,12494.00,263818.00,12494,251324,166.00,163.00,329.00,163,166,0.00,0.00,0,0
1476928367,lo,0.00,0.00,0.00,0,0,0.00,0.00,0.00,0,0,0.00,0.00,0,0
1476928367,total,339644.00,348802.00,688446.00,348802,339644,418.00,425.00,843.00,425,418,0.00,0.00,0,0
1476928368,s1,0.00,0.00,0.00,0,0,0.00,0.00,0.00,0,0,0.00,0.00,0,0
1476928368,eth0,0.00,0.00,0.00,0,0,0.00,0.00,0.00,0,0,0.00,0.00,0,0
1476928368,s2,0.00,0.00,0.00,0,0,0.00,0.00,0.00,0,0,0.00,0.00,0,0
1476928368,s1-eth2,2760.00,66616.00,69376.00,66616,2760,36.00,44.00,80.00,44,36,0.00,0.00,0,0
1476928368,s1-eth1,68130.00,2760.00,70890.00,2760,68130,45.00,36.00,81.00,36,45,0.00,0.00,0,0
1476928368,s2-eth2,12442.00,255908.00,268350.00,255908,12442,165.00,170.00,335.00,170,165,0.00,0.00,0,0
1476928368,s2-eth1,249852.00,12368.00,262220.00,12368,249852,166.00,164.00,330.00,164,166,0.00,0.00,0,0
1476928368,lo,592.00,592.00,1184.00,592,592,6.00,6.00,12.00,6,6,0.00,0.00,0,0
1476928368,total,333776.00,338244.00,672020.00,338244,333776,418.00,420.00,838.00,420,418,0.00,0.00,0,0
1476928369,s1,0.00,0.00,0.00,0,0,0.00,0.00,0.00,0,0,0.00,0.00,0,0
1476928369,eth0,0.00,0.00,0.00,0,0,0.00,0.00,0.00,0,0,0.00,0.00,0,0
1476928369,s2,0.00,0.00,0.00,0,0,0.00,0.00,0.00,0,0,0.00,0.00,0,0
1476928369,s1-eth2,3202.00,66616.00,69818.00,66616,3202,41.00,44.00,85.00,44,41,0.00,0.00,0,0
1476928369,s1-eth1,60560.00,3288.00,63848.00,3288,60560,40.00,42.00,82.00,42,40,0.00,0.00,0,0
1476928369,s2-eth2,12294.00,258894.00,271188.00,258894,12294,159.00,171.00,330.00,171,159,0.00,0.00,0,0
1476928369,s2-eth1,249810.00,12294.00,262104.00,12294,249810,165.00,159.00,324.00,159,165,0.00,0.00,0,0
1476928369,lo,0.00,0.00,0.00,0,0,0.00,0.00,0.00,0,0,0.00,0.00,0,0
1476928369,total,325866.00,341092.00,666958.00,341092,325866,405.00,416.00,821.00,416,405,0.00,0.00,0,0
1476928370,s1,0.00,0.00,0.00,0,0,0.00,0.00,0.00,0,0,0.00,0.00,0,0
1476928370,eth0,0.00,0.00,0.00,0,0,0.00,0.00,0.00,0,0,0.00,0.00,0,0
1476928370,s2,0.00,0.00,0.00,0,0,0.00,0.00,0.00,0,0,0.00,0.00,0,0
1476928370,s1-eth2,1810.00,36336.00,38146.00,36336,1810,23.00,24.00,47.00,24,23,0.00,0.00,0,0
1476928370,s1-eth1,40878.00,1724.00,42602.00,1724,40878,27.00,22.00,49.00,22,27,0.00,0.00,0,0
1476928370,s2-eth2,12188.00,260408.00,272596.00,260408,12188,158.00,172.00,330.00,172,158,0.00,0.00,0,0
1476928370,s2-eth1,249810.00,12188.00,261998.00,12188,249810,165.00,158.00,323.00,158,165,0.00,0.00,0,0
1476928370,lo,172.00,172.00,344.00,172,172,3.00,3.00,6.00,3,3,0.00,0.00,0,0
1476928370,total,304858.00,310828.00,615686.00,310828,304858,376.00,379.00,755.00,379,376,0.00,0.00,0,0
1476928371,s1,0.00,0.00,0.00,0,0,0.00,0.00,0.00,0,0,0.00,0.00,0,0
1476928371,eth0,0.00,0.00,0.00,0,0,0.00,0.00,0.00,0,0,0.00,0.00,0,0
1476928371,s2,0.00,0.00,0.00,0,0,0.00,0.00,0.00,0,0,0.00,0.00,0,0
1476928371,s1-eth2,1998.00,56018.00,58016.00,56018,1998,27.00,37.00,64.00,37,27,0.00,0.00,0,0
1476928371,s1-eth1,46934.00,1998.00,48932.00,1998,46934,31.00,27.00,58.00,27,31,0.00,0.00,0,0
1476928371,s2-eth2,12336.00,261922.00,274258.00,261922,12336,158.00,173.00,331.00,173,158,0.00,0.00,0,0
1476928371,s2-eth1,249810.00,12336.00,262146.00,12336,249810,165.00,158.00,323.00,158,165,0.00,0.00,0,0
1476928371,lo,0.00,0.00,0.00,0,0,0.00,0.00,0.00,0,0,0.00,0.00,0,0
1476928371,total,311078.00,332274.00,643352.00,332274,311078,381.00,395.00,776.00,395,381,0.00,0.00,0,0
1476928372,s1,0.00,0.00,0.00,0,0,0.00,0.00,0.00,0,0,0.00,0.00,0,0
1476928372,eth0,0.00,0.00,0.00,0,0,0.00,0.00,0.00,0,0,0.00,0.00,0,0
1476928372,s2,0.00,0.00,0.00,0,0,0.00,0.00,0.00,0,0,0.00,0.00,0,0
1476928372,s1-eth2,2559.00,54504.00,57063.00,54504,2559,33.00,36.00,69.00,36,33,0.00,0.00,0,0
1476928372,s1-eth1,57532.00,2452.00,59984.00,2452,57532,38.00,32.00,70.00,32,38,0.00,0.00,0,0
1476928372,s2-eth2,12379.00,258894.00,271273.00,258894,12379,159.00,171.00,330.00,171,159,0.00,0.00,0,0
1476928372,s2-eth1,243861.00,12272.00,256133.00,12272,243861,162.00,158.00,320.00,158,162,0.00,0.00,0,0
1476928372,lo,0.00,0.00,0.00,0,0,0.00,0.00,0.00,0,0,0.00,0.00,0,0
1476928372,total,316331.00,328122.00,644453.00,328122,316331,392.00,397.00,789.00,397,392,0.00,0.00,0,0
1476928373,s1,0.00,0.00,0.00,0,0,0.00,0.00,0.00,0,0,0.00,0.00,0,0
1476928373,eth0,0.00,0.00,0.00,0,0,0.00,0.00,0.00,0,0,0.00,0.00,0,0
1476928373,s2,0.00,0.00,0.00,0,0,0.00,0.00,0.00,0,0,0.00,0.00,0,0
1476928373,s1-eth2,1922.08,71086.91,73008.99,71158,1924,25.97,46.95,72.93,47,26,0.00,0.00,0,0
1476928373,s1-eth1,66656.34,1922.08,68578.42,1924,66723,44.96,25.97,70.93,26,45,0.00,0.00,0,0
1476928373,s2-eth2,11960.04,264685.31,276645.38,264950,11972,155.84,174.83,330.67,175,156,0.00,0.00,0,0
1476928373,s2-eth1,249560.45,11960.04,261520.48,11972,249810,164.84,155.84,320.68,156,165,0.00,0.00,0,0
1476928373,lo,171.83,171.83,343.66,172,172,3.00,3.00,5.99,3,3,0.00,0.00,0,0
1476928373,total,330270.75,349826.19,680096.94,350176,330601,394.61,406.59,801.20,407,395,0.00,0.00,0,0
1476928374,s1,0.00,0.00,0.00,0,0,0.00,0.00,0.00,0,0,0.00,0.00,0,0
1476928374,eth0,0.00,0.00,0.00,0,0,0.00,0.00,0.00,0,0,0.00,0.00,0,0
1476928374,s2,0.00,0.00,0.00,0,0,0.00,0.00,0.00,0,0,0.00,0.00,0,0
1476928374,s1-eth2,2294.00,86298.00,88592.00,86298,2294,31.00,57.00,88.00,57,31,0.00,0.00,0,0
1476928374,s1-eth1,89326.00,2294.00,91620.00,2294,89326,59.00,31.00,90.00,31,59,0.00,0.00,0,0
1476928374,s2-eth2,12268.00,254352.00,266620.00,254352,12268,160.00,168.00,328.00,168,160,0.00,0.00,0,0
1476928374,s2-eth1,248638.00,12342.00,260980.00,12342,248638,165.00,161.00,326.00,161,165,0.00,0.00,0,0
1476928374,lo,0.00,0.00,0.00,0,0,0.00,0.00,0.00,0,0,0.00,0.00,0,0
1476928374,total,352526.00,355286.00,707812.00,355286,352526,415.00,417.00,832.00,417,415,0.00,0.00,0,0
1476928375,s1,0.00,0.00,0.00,0,0,0.00,0.00,0.00,0,0,0.00,0.00,0,0
1476928375,eth0,0.00,0.00,0.00,0,0,0.00,0.00,0.00,0,0,0.00,0.00,0,0
1476928375,s2,0.00,0.00,0.00,0,0,0.00,0.00,0.00,0,0,0.00,0.00,0,0
1476928375,s1-eth2,3906.00,93868.00,97774.00,93868,3906,51.00,62.00,113.00,62,51,0.00,0.00,0,0
1476928375,s1-eth1,90840.00,3906.00,94746.00,3906,90840,60.00,51.00,111.00,51,60,0.00,0.00,0,0
1476928375,s2-eth2,11748.00,260408.00,272156.00,260408,11748,156.00,172.00,328.00,172,156,0.00,0.00,0,0
1476928375,s2-eth1,251324.00,11674.00,262998.00,11674,251324,166.00,155.00,321.00,155,166,0.00,0.00,0,0
1476928375,lo,172.00,172.00,344.00,172,172,3.00,3.00,6.00,3,3,0.00,0.00,0,0
1476928375,total,357990.00,370028.00,728018.00,370028,357990,436.00,443.00,879.00,443,436,0.00,0.00,0,0
1476928376,s1,0.00,0.00,0.00,0,0,0.00,0.00,0.00,0,0,0.00,0.00,0,0
1476928376,eth0,0.00,0.00,0.00,0,0,0.00,0.00,0.00,0,0,0.00,0.00,0,0
1476928376,s2,0.00,0.00,0.00,0,0,0.00,0.00,0.00,0,0,0.00,0.00,0,0
1476928376,s1-eth2,4144.00,104466.00,108610.00,104466,4144,56.00,69.00,125.00,69,56,0.00,0.00,0,0
1476928376,s1-eth1,105980.00,4144.00,110124.00,4144,105980,70.00,56.00,126.00,56,70,0.00,0.00,0,0
1476928376,s2-eth2,12486.00,255866.00,268352.00,255866,12486,161.00,169.00,330.00,169,161,0.00,0.00,0,0
1476928376,s2-eth1,249810.00,12486.00,262296.00,12486,249810,165.00,161.00,326.00,161,165,0.00,0.00,0,0
1476928376,lo,0.00,0.00,0.00,0,0,0.00,0.00,0.00,0,0,0.00,0.00,0,0
1476928376,total,372420.00,376962.00,749382.00,376962,372420,452.00,455.00,907.00,455,452,0.00,0.00,0,0
1476928377,s1,0.00,0.00,0.00,0,0,0.00,0.00,0.00,0,0,0.00,0.00,0,0
1476928377,eth0,0.00,0.00,0.00,0,0,0.00,0.00,0.00,0,0,0.00,0.00,0,0
1476928377,s2,0.00,0.00,0.00,0,0,0.00,0.00,0.00,0,0,0.00,0.00,0,0
1476928377,s1-eth2,4614.00,107494.00,112108.00,107494,4614,59.00,71.00,130.00,71,59,0.00,0.00,0,0
1476928377,s1-eth1,102952.00,4614.00,107566.00,4614,102952,68.00,59.00,127.00,59,68,0.00,0.00,0,0
1476928377,s2-eth2,12642.00,258894.00,271536.00,258894,12642,161.00,171.00,332.00,171,161,0.00,0.00,0,0
1476928377,s2-eth1,249810.00,12642.00,262452.00,12642,249810,165.00,161.00,326.00,161,165,0.00,0.00,0,0
1476928377,lo,0.00,0.00,0.00,0,0,0.00,0.00,0.00,0,0,0.00,0.00,0,0
1476928377,total,370018.00,383644.00,753662.00,383644,370018,453.00,462.00,915.00,462,453,0.00,0.00,0,0
1476928378,s1,0.00,0.00,0.00,0,0,0.00,0.00,0.00,0,0,0.00,0.00,0,0
1476928378,eth0,0.00,0.00,0.00,0,0,0.00,0.00,0.00,0,0,0.00,0.00,0,0
1476928378,s2,0.00,0.00,0.00,0,0,0.00,0.00,0.00,0,0,0.00,0.00,0,0
1476928378,s1-eth2,3856.43,113210.37,117066.80,113550,3868,49.85,74.78,124.63,75,50,0.00,0.00,0,0
1476928378,s1-eth1,108681.95,3856.43,112538.38,3868,109008,71.78,49.85,121.64,50,72,0.00,0.00,0,0
1476928378,s2-eth2,12003.99,262648.06,274652.03,263436,12040,157.53,173.48,331.01,174,158,0.00,0.00,0,0
1476928378,s2-eth1,250572.28,12077.77,262650.06,12114,251324,165.50,158.52,324.03,159,166,0.00,0.00,0,0
1476928378,lo,171.49,171.49,342.97,172,172,2.99,2.99,5.98,3,3,0.00,0.00,0,0
1476928378,total,375286.16,391964.12,767250.25,393140,376412,447.66,459.62,907.28,461,449,0.00,0.00,0,0
1476928379,s1,0.00,0.00,0.00,0,0,0.00,0.00,0.00,0,0,0.00,0.00,0,0
1476928379,eth0,0.00,0.00,0.00,0,0,0.00,0.00,0.00,0,0,0.00,0.00,0,0
1476928379,s2,0.00,0.00,0.00,0,0,0.00,0.00,0.00,0,0,0.00,0.00,0,0
1476928379,s1-eth2,3872.00,72672.00,76544.00,72672,3872,48.00,48.00,96.00,48,48,0.00,0.00,0,0
1476928379,s1-eth1,72672.00,3872.00,76544.00,3872,72672,48.00,48.00,96.00,48,48,0.00,0.00,0,0
1476928379,s2-eth2,11950.00,260408.00,272358.00,260408,11950,159.00,172.00,331.00,172,159,0.00,0.00,0,0
1476928379,s2-eth1,249810.00,11876.00,261686.00,11876,249810,165.00,158.00,323.00,158,165,0.00,0.00,0,0
1476928379,lo,0.00,0.00,0.00,0,0,0.00,0.00,0.00,0,0,0.00,0.00,0,0
1476928379,total,338304.00,348828.00,687132.00,348828,338304,420.00,426.00,846.00,426,420,0.00,0.00,0,0
1476928380,s1,0.00,0.00,0.00,0,0,0.00,0.00,0.00,0,0,0.00,0.00,0,0
1476928380,eth0,0.00,0.00,0.00,0,0,0.00,0.00,0.00,0,0,0.00,0.00,0,0
1476928380,s2,0.00,0.00,0.00,0,0,0.00,0.00,0.00,0,0,0.00,0.00,0,0
1476928380,s1-eth2,2624.00,59046.00,61670.00,59046,2624,34.00,39.00,73.00,39,34,0.00,0.00,0,0
1476928380,s1-eth1,60560.00,2624.00,63184.00,2624,60560,40.00,34.00,74.00,34,40,0.00,0.00,0,0
1476928380,s2-eth2,12348.00,252838.00,265186.00,252838,12348,160.00,167.00,327.00,167,160,0.00,0.00,0,0
1476928380,s2-eth1,249810.00,12348.00,262158.00,12348,249810,165.00,160.00,325.00,160,165,0.00,0.00,0,0
1476928380,lo,172.00,172.00,344.00,172,172,3.00,3.00,6.00,3,3,0.00,0.00,0,0
1476928380,total,325514.00,327028.00,652542.00,327028,325514,402.00,403.00,805.00,403,402,0.00,0.00,0,0
1476928381,s1,0.00,0.00,0.00,0,0,0.00,0.00,0.00,0,0,0.00,0.00,0,0
1476928381,eth0,0.00,0.00,0.00,0,0,0.00,0.00,0.00,0,0,0.00,0.00,0,0
1476928381,s2,0.00,0.00,0.00,0,0,0.00,0.00,0.00,0,0,0.00,0.00,0,0
1476928381,s1-eth2,3404.00,89326.00,92730.00,89326,3404,46.00,59.00,105.00,59,46,0.00,0.00,0,0
1476928381,s1-eth1,86640.00,3404.00,90044.00,3404,86640,58.00,46.00,104.00,46,58,0.00,0.00,0,0
1476928381,s2-eth2,12952.00,255866.00,268818.00,255866,12952,162.00,169.00,331.00,169,162,0.00,0.00,0,0
1476928381,s2-eth1,249810.00,12610.00,262420.00,12610,249810,165.00,161.00,326.00,161,165,0.00,0.00,0,0
1476928381,lo,0.00,0.00,0.00,0,0,0.00,0.00,0.00,0,0,0.00,0.00,0,0
1476928381,total,352806.00,361206.00,714012.00,361206,352806,431.00,435.00,866.00,435,431,0.00,0.00,0,0
1476928382,s1,0.00,0.00,0.00,0,0,0.00,0.00,0.00,0,0,0.00,0.00,0,0
1476928382,eth0,120.00,120.00,240.00,120,120,2.00,2.00,4.00,2,2,0.00,0.00,0,0
1476928382,s2,0.00,0.00,0.00,0,0,0.00,0.00,0.00,0,0,0.00,0.00,0,0
1476928382,s1-eth2,3404.00,113550.00,116954.00,113550,3404,46.00,75.00,121.00,75,46,0.00,0.00,0,0
1476928382,s1-eth1,105980.00,3404.00,109384.00,3404,105980,70.00,46.00,116.00,46,70,0.00,0.00,0,0
1476928382,s2-eth2,11558.00,258894.00,270452.00,258894,11558,151.00,171.00,322.00,171,151,0.00,0.00,0,0
1476928382,s2-eth1,245268.00,11558.00,256826.00,11558,245268,162.00,151.00,313.00,151,162,0.00,0.00,0,0
1476928382,lo,0.00,0.00,0.00,0,0,0.00,0.00,0.00,0,0,0.00,0.00,0,0
1476928382,total,366330.00,387526.00,753856.00,387526,366330,431.00,445.00,876.00,445,431,0.00,0.00,0,0
1476928383,s1,0.00,0.00,0.00,0,0,0.00,0.00,0.00,0,0,0.00,0.00,0,0
1476928383,eth0,0.00,0.00,0.00,0,0,0.00,0.00,0.00,0,0,0.00,0.00,0,0
1476928383,s2,0.00,0.00,0.00,0,0,0.00,0.00,0.00,0,0,0.00,0.00,0,0
1476928383,s1-eth2,4964.00,133232.00,138196.00,133232,4964,64.00,88.00,152.00,88,64,0.00,0.00,0,0
1476928383,s1-eth1,137774.00,4964.00,142738.00,4964,137774,91.00,64.00,155.00,64,91,0.00,0.00,0,0
1476928383,s2-eth2,12382.00,260408.00,272790.00,260408,12382,161.00,172.00,333.00,172,161,0.00,0.00,0,0
1476928383,s2-eth1,250152.00,12382.00,262534.00,12382,250152,166.00,161.00,327.00,161,166,0.00,0.00,0,0
1476928383,lo,172.00,172.00,344.00,172,172,3.00,3.00,6.00,3,3,0.00,0.00,0,0
1476928383,total,405444.00,411158.00,816602.00,411158,405444,485.00,488.00,973.00,488,485,0.00,0.00,0,0
1476928384,s1,0.00,0.00,0.00,0,0,0.00,0.00,0.00,0,0,0.00,0.00,0,0
1476928384,eth0,0.00,0.00,0.00,0,0,0.00,0.00,0.00,0,0,0.00,0.00,0,0
1476928384,s2,0.00,0.00,0.00,0,0,0.00,0.00,0.00,0,0,0.00,0.00,0,0
1476928384,s1-eth2,4826.00,110522.00,115348.00,110522,4826,59.00,73.00,132.00,73,59,0.00,0.00,0,0
1476928384,s1-eth1,109008.00,4484.00,113492.00,4484,109008,72.00,58.00,130.00,58,72,0.00,0.00,0,0
1476928384,s2-eth2,11544.00,260408.00,271952.00,260408,11544,156.00,172.00,328.00,172,156,0.00,0.00,0,0
1476928384,s2-eth1,249810.00,11544.00,261354.00,11544,249810,165.00,156.00,321.00,156,165,0.00,0.00,0,0
1476928384,lo,0.00,0.00,0.00,0,0,0.00,0.00,0.00,0,0,0.00,0.00,0,0
1476928384,total,375188.00,386958.00,762146.00,386958,375188,452.00,459.00,911.00,459,452,0.00,0.00,0,0
1476928385,s1,0.00,0.00,0.00,0,0,0.00,0.00,0.00,0,0,0.00,0.00,0,0
1476928385,eth0,0.00,0.00,0.00,0,0,0.00,0.00,0.00,0,0,0.00,0.00,0,0
1476928385,s2,0.00,0.00,0.00,0,0,0.00,0.00,0.00,0,0,0.00,0.00,0,0
1476928385,s1-eth2,3864.00,72672.00,76536.00,72672,3864,48.00,48.00,96.00,48,48,0.00,0.00,0,0
1476928385,s1-eth1,71158.00,3864.00,75022.00,3864,71158,47.00,48.00,95.00,48,47,0.00,0.00,0,0
1476928385,s2-eth2,10796.00,248296.00,259092.00,248296,10796,142.00,164.00,306.00,164,142,0.00,0.00,0,0
1476928385,s2-eth1,249810.00,10882.00,260692.00,10882,249810,165.00,143.00,308.00,143,165,0.00,0.00,0,0
1476928385,lo,172.00,172.00,344.00,172,172,3.00,3.00,6.00,3,3,0.00,0.00,0,0
1476928385,total,335800.00,335886.00,671686.00,335886,335800,405.00,406.00,811.00,406,405,0.00,0.00,0,0
1476928386,s1,0.00,0.00,0.00,0,0,0.00,0.00,0.00,0,0,0.00,0.00,0,0
1476928386,eth0,0.00,0.00,0.00,0,0,0.00,0.00,0.00,0,0,0.00,0.00,0,0
1476928386,s2,0.00,0.00,0.00,0,0,0.00,0.00,0.00,0,0,0.00,0.00,0,0
1476928386,s1-eth2,2886.00,86298.00,89184.00,86298,2886,39.00,57.00,96.00,57,39,0.00,0.00,0,0
1476928386,s1-eth1,84784.00,2886.00,87670.00,2886,84784,56.00,39.00,95.00,39,56,0.00,0.00,0,0
1476928386,s2-eth2,12222.00,252838.00,265060.00,252838,12222,159.00,167.00,326.00,167,159,0.00,0.00,0,0
1476928386,s2-eth1,251324.00,12136.00,263460.00,12136,251324,166.00,158.00,324.00,158,166,0.00,0.00,0,0
1476928386,lo,0.00,0.00,0.00,0,0,0.00,0.00,0.00,0,0,0.00,0.00,0,0
1476928386,total,351216.00,354158.00,705374.00,354158,351216,420.00,421.00,841.00,421,420,0.00,0.00,0,0
1476928387,s1,0.00,0.00,0.00,0,0,0.00,0.00,0.00,0,0,0.00,0.00,0,0
1476928387,eth0,60.00,60.00,120.00,60,60,1.00,1.00,2.00,1,1,0.00,0.00,0,0
1476928387,s2,0.00,0.00,0.00,0,0,0.00,0.00,0.00,0,0,0.00,0.00,0,0
1476928387,s1-eth2,3992.00,92354.00,96346.00,92354,3992,52.00,61.00,113.00,61,52,0.00,0.00,0,0
1476928387,s1-eth1,87812.00,3992.00,91804.00,3992,87812,58.00,52.00,110.00,52,58,0.00,0.00,0,0
1476928387,s2-eth2,12356.00,255866.00,268222.00,255866,12356,160.00,169.00,329.00,169,160,0.00,0.00,0,0
1476928387,s2-eth1,249810.00,12356.00,262166.00,12356,249810,165.00,160.00,325.00,160,165,0.00,0.00,0,0
1476928387,lo,0.00,0.00,0.00,0,0,0.00,0.00,0.00,0,0,0.00,0.00,0,0
1476928387,total,354030.00,364628.00,718658.00,364628,354030,436.00,443.00,879.00,443,436,0.00,0.00,0,0
1476928388,s1,0.00,0.00,0.00,0,0,0.00,0.00,0.00,0,0,0.00,0.00,0,0
1476928388,eth0,0.00,0.00,0.00,0,0,0.00,0.00,0.00,0,0,0.00,0.00,0,0
1476928388,s2,0.00,0.00,0.00,0,0,0.00,0.00,0.00,0,0,0.00,0.00,0,0
1476928388,s1-eth2,4207.00,83270.00,87477.00,83270,4207,53.00,55.00,108.00,55,53,0.00,0.00,0,0
1476928388,s1-eth1,81756.00,4100.00,85856.00,4100,81756,54.00,52.00,106.00,52,54,0.00,0.00,0,0
1476928388,s2-eth2,12639.00,257380.00,270019.00,257380,12639,161.00,170.00,331.00,170,161,0.00,0.00,0,0
1476928388,s2-eth1,248403.00,12532.00,260935.00,12532,248403,165.00,160.00,325.00,160,165,0.00,0.00,0,0
1476928388,lo,172.00,172.00,344.00,172,172,3.00,3.00,6.00,3,3,0.00,0.00,0,0
1476928388,total,347177.00,357454.00,704631.00,357454,347177,436.00,440.00,876.00,440,436,0.00,0.00,0,0
1476928389,s1,0.00,0.00,0.00,0,0,0.00,0.00,0.00,0,0,0.00,0.00,0,0
1476928389,eth0,0.00,0.00,0.00,0,0,0.00,0.00,0.00,0,0,0.00,0.00,0,0
1476928389,s2,0.00,0.00,0.00,0,0,0.00,0.00,0.00,0,0,0.00,0.00,0,0
1476928389,s1-eth2,3264.00,69644.00,72908.00,69644,3264,42.00,46.00,88.00,46,42,0.00,0.00,0,0
1476928389,s1-eth1,65209.00,3264.00,68473.00,3264,65209,44.00,42.00,86.00,42,44,0.00,0.00,0,0
1476928389,s2-eth2,12142.00,264950.00,277092.00,264950,12142,159.00,175.00,334.00,175,159,0.00,0.00,0,0
1476928389,s2-eth1,251324.00,12142.00,263466.00,12142,251324,166.00,159.00,325.00,159,166,0.00,0.00,0,0
1476928389,lo,0.00,0.00,0.00,0,0,0.00,0.00,0.00,0,0,0.00,0.00,0,0
1476928389,total,331939.00,350000.00,681939.00,350000,331939,411.00,422.00,833.00,422,411,0.00,0.00,0,0
1476928390,s1,0.00,0.00,0.00,0,0,0.00,0.00,0.00,0,0,0.00,0.00,0,0
1476928390,eth0,0.00,0.00,0.00,0,0,0.00,0.00,0.00,0,0,0.00,0.00,0,0
1476928390,s2,0.00,0.00,0.00,0,0,0.00,0.00,0.00,0,0,0.00,0.00,0,0
1476928390,s1-eth2,2798.00,65102.00,67900.00,65102,2798,37.00,43.00,80.00,43,37,0.00,0.00,0,0
1476928390,s1-eth1,72672.00,2872.00,75544.00,2872,72672,48.00,38.00,86.00,38,48,0.00,0.00,0,0
1476928390,s2-eth2,12146.00,260408.00,272554.00,260408,12146,159.00,172.00,331.00,172,159,0.00,0.00,0,0
1476928390,s2-eth1,249810.00,12146.00,261956.00,12146,249810,165.00,159.00,324.00,159,165,0.00,0.00,0,0
1476928390,lo,172.00,172.00,344.00,172,172,3.00,3.00,6.00,3,3,0.00,0.00,0,0
1476928390,total,337598.00,340700.00,678298.00,340700,337598,412.00,415.00,827.00,415,412,0.00,0.00,0,0
1476928391,s1,0.00,0.00,0.00,0,0,0.00,0.00,0.00,0,0,0.00,0.00,0,0
1476928391,eth0,0.00,0.00,0.00,0,0,0.00,0.00,0.00,0,0,0.00,0.00,0,0
1476928391,s2,0.00,0.00,0.00,0,0,0.00,0.00,0.00,0,0,0.00,0.00,0,0
1476928391,s1-eth2,2978.00,56018.00,58996.00,56018,2978,37.00,37.00,74.00,37,37,0.00,0.00,0,0
1476928391,s1-eth1,43906.00,2904.00,46810.00,2904,43906,29.00,36.00,65.00,36,29,0.00,0.00,0,0
1476928391,s2-eth2,12410.00,255866.00,268276.00,255866,12410,159.00,169.00,328.00,169,159,0.00,0.00,0,0
1476928391,s2-eth1,249810.00,12410.00,262220.00,12410,249810,165.00,159.00,324.00,159,165,0.00,0.00,0,0
1476928391,lo,0.00,0.00,0.00,0,0,0.00,0.00,0.00,0,0,0.00,0.00,0,0
1476928391,total,309104.00,327198.00,636302.00,327198,309104,390.00,401.00,791.00,401,390,0.00,0.00,0,0
1476928392,s1,0.00,0.00,0.00,0,0,0.00,0.00,0.00,0,0,0.00,0.00,0,0
1476928392,eth0,0.00,0.00,0.00,0,0,0.00,0.00,0.00,0,0,0.00,0.00,0,0
1476928392,s2,0.00,0.00,0.00,0,0,0.00,0.00,0.00,0,0,0.00,0.00,0,0
1476928392,s1-eth2,2008.00,46934.00,48942.00,46934,2008,26.00,31.00,57.00,31,26,0.00,0.00,0,0
1476928392,s1-eth1,50304.00,2008.00,52312.00,2008,50304,34.00,26.00,60.00,26,34,0.00,0.00,0,0
1476928392,s2-eth2,12458.00,258894.00,271352.00,258894,12458,163.00,171.00,334.00,171,163,0.00,0.00,0,0
1476928392,s2-eth1,249810.00,12458.00,262268.00,12458,249810,165.00,163.00,328.00,163,165,0.00,0.00,0,0
1476928392,lo,0.00,0.00,0.00,0,0,0.00,0.00,0.00,0,0,0.00,0.00,0,0
1476928392,total,314580.00,320294.00,634874.00,320294,314580,388.00,391.00,779.00,391,388,0.00,0.00,0,0
1476928393,s1,0.00,0.00,0.00,0,0,0.00,0.00,0.00,0,0,0.00,0.00,0,0
1476928393,eth0,0.00,0.00,0.00,0,0,0.00,0.00,0.00,0,0,0.00,0.00,0,0
1476928393,s2,0.00,0.00,0.00,0,0,0.00,0.00,0.00,0,0,0.00,0.00,0,0
1476928393,s1-eth2,2600.00,56018.00,58618.00,56018,2600,34.00,37.00,71.00,37,34,0.00,0.00,0,0
1476928393,s1-eth1,49962.00,2600.00,52562.00,2600,49962,33.00,34.00,67.00,34,33,0.00,0.00,0,0
1476928393,s2-eth2,12372.00,257380.00,269752.00,257380,12372,162.00,170.00,332.00,170,162,0.00,0.00,0,0
1476928393,s2-eth1,251324.00,12372.00,263696.00,12372,251324,166.00,162.00,328.00,162,166,0.00,0.00,0,0
1476928393,lo,172.00,172.00,344.00,172,172,3.00,3.00,6.00,3,3,0.00,0.00,0,0
1476928393,total,316430.00,328542.00,644972.00,328542,316430,398.00,406.00,804.00,406,398,0.00,0.00,0,0
1476928394,s1,0.00,0.00,0.00,0,0,0.00,0.00,0.00,0,0,0.00,0.00,0,0
1476928394,eth0,0.00,0.00,0.00,0,0,0.00,0.00,0.00,0,0,0.00,0.00,0,0
1476928394,s2,0.00,0.00,0.00,0,0,0.00,0.00,0.00,0,0,0.00,0.00,0,0
1476928394,s1-eth2,2402.00,48448.00,50850.00,48448,2402,31.00,32.00,63.00,32,31,0.00,0.00,0,0
1476928394,s1-eth1,49962.00,2402.00,52364.00,2402,49962,33.00,31.00,64.00,31,33,0.00,0.00,0,0
1476928394,s2-eth2,12192.00,260408.00,272600.00,260408,12192,162.00,172.00,334.00,172,162,0.00,0.00,0,0
1476928394,s2-eth1,249810.00,12192.00,262002.00,12192,249810,165.00,162.00,327.00,162,165,0.00,0.00,0,0
1476928394,lo,0.00,0.00,0.00,0,0,0.00,0.00,0.00,0,0,0.00,0.00,0,0
1476928394,total,314366.00,323450.00,637816.00,323450,314366,391.00,397.00,788.00,397,391,0.00,0.00,0,0
1476928395,s1,0.00,0.00,0.00,0,0,0.00,0.00,0.00,0,0,0.00,0.00,0,0
1476928395,eth0,0.00,0.00,0.00,0,0,0.00,0.00,0.00,0,0,0.00,0.00,0,0
1476928395,s2,0.00,0.00,0.00,0,0,0.00,0.00,0.00,0,0,0.00,0.00,0,0
1476928395,s1-eth2,2396.00,52990.00,55386.00,52990,2396,30.00,35.00,65.00,35,30,0.00,0.00,0,0
1476928395,s1-eth1,43906.00,2396.00,46302.00,2396,43906,29.00,30.00,59.00,30,29,0.00,0.00,0,0
1476928395,s2-eth2,12728.00,252838.00,265566.00,252838,12728,162.00,167.00,329.00,167,162,0.00,0.00,0,0
1476928395,s2-eth1,249810.00,12728.00,262538.00,12728,249810,165.00,162.00,327.00,162,165,0.00,0.00,0,0
1476928395,lo,172.00,172.00,344.00,172,172,3.00,3.00,6.00,3,3,0.00,0.00,0,0
1476928395,total,309012.00,321124.00,630136.00,321124,309012,389.00,397.00,786.00,397,389,0.00,0.00,0,0
1476928396,s1,0.00,0.00,0.00,0,0,0.00,0.00,0.00,0,0,0.00,0.00,0,0
1476928396,eth0,0.00,0.00,0.00,0,0,0.00,0.00,0.00,0,0,0.00,0.00,0,0
1476928396,s2,0.00,0.00,0.00,0,0,0.00,0.00,0.00,0,0,0.00,0.00,0,0
1476928396,s1-eth2,1776.00,54504.00,56280.00,54504,1776,24.00,36.00,60.00,36,24,0.00,0.00,0,0
1476928396,s1-eth1,62074.00,1776.00,63850.00,1776,62074,41.00,24.00,65.00,24,41,0.00,0.00,0,0
1476928396,s2-eth2,12492.00,257380.00,269872.00,257380,12492,160.00,170.00,330.00,170,160,0.00,0.00,0,0
1476928396,s2-eth1,248296.00,12492.00,260788.00,12492,248296,164.00,160.00,324.00,160,164,0.00,0.00,0,0
1476928396,lo,0.00,0.00,0.00,0,0,0.00,0.00,0.00,0,0,0.00,0.00,0,0
1476928396,total,324638.00,326152.00,650790.00,326152,324638,389.00,390.00,779.00,390,389,0.00,0.00,0,0
1476928397,s1,0.00,0.00,0.00,0,0,0.00,0.00,0.00,0,0,0.00,0.00,0,0
1476928397,eth0,0.00,0.00,0.00,0,0,0.00,0.00,0.00,0,0,0.00,0.00,0,0
1476928397,s2,0.00,0.00,0.00,0,0,0.00,0.00,0.00,0,0,0.00,0.00,0,0
1476928397,s1-eth2,2716.00,68130.00,70846.00,68130,2716,34.00,45.00,79.00,45,34,0.00,0.00,0,0
1476928397,s1-eth1,54504.00,2716.00,57220.00,2716,54504,36.00,34.00,70.00,34,36,0.00,0.00,0,0
1476928397,s2-eth2,11796.00,266464.00,278260.00,266464,11796,156.00,176.00,332.00,176,156,0.00,0.00,0,0
1476928397,s2-eth1,248296.00,11796.00,260092.00,11796,248296,164.00,156.00,320.00,156,164,0.00,0.00,0,0
1476928397,lo,0.00,0.00,0.00,0,0,0.00,0.00,0.00,0,0,0.00,0.00,0,0
1476928397,total,317312.00,349106.00,666418.00,349106,317312,390.00,411.00,801.00,411,390,0.00,0.00,0,0
1476928398,s1,0.00,0.00,0.00,0,0,0.00,0.00,0.00,0,0,0.00,0.00,0,0
1476928398,eth0,0.00,0.00,0.00,0,0,0.00,0.00,0.00,0,0,0.00,0.00,0,0
1476928398,s2,0.00,0.00,0.00,0,0,0.00,0.00,0.00,0,0,0.00,0.00,0,0
1476928398,s1-eth2,2474.00,45420.00,47894.00,45420,2474,31.00,30.00,61.00,30,31,0.00,0.00,0,0
1476928398,s1-eth1,52990.00,2474.00,55464.00,2474,52990,35.00,31.00,66.00,31,35,0.00,0.00,0,0
1476928398,s2-eth2,12346.00,257380.00,269726.00,257380,12346,159.00,170.00,329.00,170,159,0.00,0.00,0,0
1476928398,s2-eth1,249810.00,12346.00,262156.00,12346,249810,165.00,159.00,324.00,159,165,0.00,0.00,0,0
1476928398,lo,172.00,172.00,344.00,172,172,3.00,3.00,6.00,3,3,0.00,0.00,0,0
1476928398,total,317792.00,317792.00,635584.00,317792,317792,393.00,393.00,786.00,393,393,0.00,0.00,0,0
1476928399,s1,0.00,0.00,0.00,0,0,0.00,0.00,0.00,0,0,0.00,0.00,0,0
1476928399,eth0,0.00,0.00,0.00,0,0,0.00,0.00,0.00,0,0,0.00,0.00,0,0
1476928399,s2,0.00,0.00,0.00,0,0,0.00,0.00,0.00,0,0,0.00,0.00,0,0
1476928399,s1-eth2,1824.00,46934.00,48758.00,46934,1824,24.00,31.00,55.00,31,24,0.00,0.00,0,0
1476928399,s1-eth1,40878.00,1824.00,42702.00,1824,40878,27.00,24.00,51.00,24,27,0.00,0.00,0,0
1476928399,s2-eth2,12102.00,252838.00,264940.00,252838,12102,159.00,167.00,326.00,167,159,0.00,0.00,0,0
1476928399,s2-eth1,249810.00,12102.00,261912.00,12102,249810,165.00,159.00,324.00,159,165,0.00,0.00,0,0
1476928399,lo,0.00,0.00,0.00,0,0,0.00,0.00,0.00,0,0,0.00,0.00,0,0
1476928399,total,304614.00,313698.00,618312.00,313698,304614,375.00,381.00,756.00,381,375,0.00,0.00,0,0
1476928400,s1,0.00,0.00,0.00,0,0,0.00,0.00,0.00,0,0,0.00,0.00,0,0
1476928400,eth0,0.00,0.00,0.00,0,0,0.00,0.00,0.00,0,0,0.00,0.00,0,0
1476928400,s2,0.00,0.00,0.00,0,0,0.00,0.00,0.00,0,0,0.00,0.00,0,0
1476928400,s1-eth2,2050.00,53032.00,55082.00,53032,2050,27.00,36.00,63.00,36,27,0.00,0.00,0,0
1476928400,s1-eth1,53032.00,2050.00,55082.00,2050,53032,36.00,27.00,63.00,27,36,0.00,0.00,0,0
1476928400,s2-eth2,12064.00,255866.00,267930.00,255866,12064,158.00,169.00,327.00,169,158,0.00,0.00,0,0
1476928400,s2-eth1,249810.00,12138.00,261948.00,12138,249810,165.00,159.00,324.00,159,165,0.00,0.00,0,0
1476928400,lo,468.00,468.00,936.00,468,468,6.00,6.00,12.00,6,6,0.00,0.00,0,0
1476928400,total,317424.00,323554.00,640978.00,323554,317424,392.00,397.00,789.00,397,392,0.00,0.00,0,0
1476928401,s1,0.00,0.00,0.00,0,0,0.00,0.00,0.00,0,0,0.00,0.00,0,0
1476928401,eth0,0.00,0.00,0.00,0,0,0.00,0.00,0.00,0,0,0.00,0.00,0,0
1476928401,s2,0.00,0.00,0.00,0,0,0.00,0.00,0.00,0,0,0.00,0.00,0,0
1476928401,s1-eth2,2806.00,52990.00,55796.00,52990,2806,33.00,35.00,68.00,35,33,0.00,0.00,0,0
1476928401,s1-eth1,54504.00,2464.00,56968.00,2464,54504,36.00,32.00,68.00,32,36,0.00,0.00,0,0
1476928401,s2-eth2,11906.00,258894.00,270800.00,258894,11906,157.00,171.00,328.00,171,157,0.00,0.00,0,0
1476928401,s2-eth1,250152.00,11832.00,261984.00,11832,250152,166.00,156.00,322.00,156,166,0.00,0.00,0,0
1476928401,lo,0.00,0.00,0.00,0,0,0.00,0.00,0.00,0,0,0.00,0.00,0,0
1476928401,total,319368.00,326180.00,645548.00,326180,319368,392.00,394.00,786.00,394,392,0.00,0.00,0,0
1476928402,s1,0.00,0.00,0.00,0,0,0.00,0.00,0.00,0,0,0.00,0.00,0,0
1476928402,eth0,0.00,0.00,0.00,0,0,0.00,0.00,0.00,0,0,0.00,0.00,0,0
1476928402,s2,0.00,0.00,0.00,0,0,0.00,0.00,0.00,0,0,0.00,0.00,0,0
1476928402,s1-eth2,2960.00,74186.00,77146.00,74186,2960,40.00,49.00,89.00,49,40,0.00,0.00,0,0
1476928402,s1-eth1,63588.00,2960.00,66548.00,2960,63588,42.00,40.00,82.00,40,42,0.00,0.00,0,0
1476928402,s2-eth2,11962.00,252838.00,264800.00,252838,11962,155.00,167.00,322.00,167,155,0.00,0.00,0,0
1476928402,s2-eth1,249810.00,12036.00,261846.00,12036,249810,165.00,156.00,321.00,156,165,0.00,0.00,0,0
1476928402,lo,0.00,0.00,0.00,0,0,0.00,0.00,0.00,0,0,0.00,0.00,0,0
1476928402,total,328320.00,342020.00,670340.00,342020,328320,402.00,412.00,814.00,412,402,0.00,0.00,0,0
1476928403,s1,0.00,0.00,0.00,0,0,0.00,0.00,0.00,0,0,0.00,0.00,0,0
1476928403,eth0,0.00,0.00,0.00,0,0,0.00,0.00,0.00,0,0,0.00,0.00,0,0
1476928403,s2,0.00,0.00,0.00,0,0,0.00,0.00,0.00,0,0,0.00,0.00,0,0
1476928403,s1-eth2,2698.00,60560.00,63258.00,60560,2698,35.00,40.00,75.00,40,35,0.00,0.00,0,0
1476928403,s1-eth1,69644.00,2698.00,72342.00,2698,69644,46.00,35.00,81.00,35,46,0.00,0.00,0,0
1476928403,s2-eth2,12156.00,257380.00,269536.00,257380,12156,162.00,170.00,332.00,170,162,0.00,0.00,0,0
1476928403,s2-eth1,251324.00,12082.00,263406.00,12082,251324,166.00,161.00,327.00,161,166,0.00,0.00,0,0
1476928403,lo,172.00,172.00,344.00,172,172,3.00,3.00,6.00,3,3,0.00,0.00,0,0
1476928403,total,335994.00,332892.00,668886.00,332892,335994,412.00,409.00,821.00,409,412,0.00,0.00,0,0
1476928404,s1,0.00,0.00,0.00,0,0,0.00,0.00,0.00,0,0,0.00,0.00,0,0
1476928404,eth0,304.00,490.00,794.00,490,304,4.00,4.00,8.00,4,4,0.00,0.00,0,0
1476928404,s2,0.00,0.00,0.00,0,0,0.00,0.00,0.00,0,0,0.00,0.00,0,0
1476928404,s1-eth2,3230.00,83270.00,86500.00,83270,3230,39.00,55.00,94.00,55,39,0.00,0.00,0,0
1476928404,s1-eth1,74638.00,2700.00,77338.00,2700,74638,51.00,36.00,87.00,36,51,0.00,0.00,0,0
1476928404,s2-eth2,12950.00,257380.00,270330.00,257380,12950,163.00,170.00,333.00,170,163,0.00,0.00,0,0
1476928404,s2-eth1,248826.00,12462.00,261288.00,12462,248826,167.00,161.00,328.00,161,167,0.00,0.00,0,0
1476928404,lo,682.00,682.00,1364.00,682,682,8.00,8.00,16.00,8,8,0.00,0.00,0,0
1476928404,total,340630.00,356984.00,697614.00,356984,340630,432.00,434.00,866.00,434,432,0.00,0.00,0,0
1476928405,s1,0.00,0.00,0.00,0,0,0.00,0.00,0.00,0,0,0.00,0.00,0,0
1476928405,eth0,456.00,735.00,1191.00,735,456,6.00,6.00,12.00,6,6,0.00,0.00,0,0
1476928405,s2,0.00,0.00,0.00,0,0,0.00,0.00,0.00,0,0,0.00,0.00,0,0
1476928405,s1-eth2,4336.00,77214.00,81550.00,77214,4336,52.00,51.00,103.00,51,52,0.00,0.00,0,0
1476928405,s1-eth1,81924.00,3414.00,85338.00,3414,81924,56.00,45.00,101.00,45,56,0.00,0.00,0,0
1476928405,s2-eth2,12098.00,254352.00,266450.00,254352,12098,161.00,168.00,329.00,168,161,0.00,0.00,0,0
1476928405,s2-eth1,250809.00,11946.00,262755.00,11946,250809,172.00,159.00,331.00,159,172,0.00,0.00,0,0
1476928405,lo,1195.00,1195.00,2390.00,1195,1195,15.00,15.00,30.00,15,15,0.00,0.00,0,0
1476928405,total,350818.00,348856.00,699674.00,348856,350818,462.00,444.00,906.00,444,462,0.00,0.00,0,0
1476928406,s1,0.00,0.00,0.00,0,0,0.00,0.00,0.00,0,0,0.00,0.00,0,0
1476928406,eth0,304.00,490.00,794.00,490,304,4.00,4.00,8.00,4,4,0.00,0.00,0,0
1476928406,s2,0.00,0.00,0.00,0,0,0.00,0.00,0.00,0,0,0.00,0.00,0,0
1476928406,s1-eth2,4743.00,78728.00,83471.00,78728,4743,49.00,52.00,101.00,52,49,0.00,0.00,0,0
1476928406,s1-eth1,72502.00,3342.00,75844.00,3342,72502,55.00,43.00,98.00,43,55,0.00,0.00,0,0
1476928406,s2-eth2,14271.00,252838.00,267109.00,252838,14271,170.00,167.00,337.00,167,170,0.00,0.00,0,0
1476928406,s2-eth1,249620.00,12492.00,262112.00,12492,249620,170.00,160.00,330.00,160,170,0.00,0.00,0,0
1476928406,lo,682.00,682.00,1364.00,682,682,8.00,8.00,16.00,8,8,0.00,0.00,0,0
1476928406,total,342122.00,348572.00,690694.00,348572,342122,456.00,434.00,890.00,434,456,0.00,0.00,0,0
1476928407,s1,0.00,0.00,0.00,0,0,0.00,0.00,0.00,0,0,0.00,0.00,0,0
1476928407,eth0,152.00,245.00,397.00,245,152,2.00,2.00,4.00,2,2,0.00,0.00,0,0
1476928407,s2,0.00,0.00,0.00,0,0,0.00,0.00,0.00,0,0,0.00,0.00,0,0
1476928407,s1-eth2,3784.00,69644.00,73428.00,69644,3784,39.00,46.00,85.00,46,39,0.00,0.00,0,0
1476928407,s1-eth1,75322.00,2848.00,78170.00,2848,75322,54.00,36.00,90.00,36,54,0.00,0.00,0,0
1476928407,s2-eth2,13131.00,257380.00,270511.00,257380,13131,162.00,170.00,332.00,170,162,0.00,0.00,0,0
1476928407,s2-eth1,250746.00,12088.00,262834.00,12088,250746,168.00,158.00,326.00,158,168,0.00,0.00,0,0
1476928407,lo,341.00,341.00,682.00,341,341,4.00,4.00,8.00,4,4,0.00,0.00,0,0
1476928407,total,343476.00,342546.00,686022.00,342546,343476,429.00,416.00,845.00,416,429,0.00,0.00,0,0
1476928408,s1,0.00,0.00,0.00,0,0,0.00,0.00,0.00,0,0,0.00,0.00,0,0
1476928408,eth0,0.00,0.00,0.00,0,0,0.00,0.00,0.00,0,0,0.00,0.00,0,0
1476928408,s2,0.00,0.00,0.00,0,0,0.00,0.00,0.00,0,0,0.00,0.00,0,0
1476928408,s1-eth2,2633.00,59046.00,61679.00,59046,2633,34.00,39.00,73.00,39,34,0.00,0.00,0,0
1476928408,s1-eth1,50631.00,2526.00,53157.00,2526,50631,35.00,33.00,68.00,33,35,0.00,0.00,0,0
1476928408,s2-eth2,12387.00,254352.00,266739.00,254352,12387,155.00,168.00,323.00,168,155,0.00,0.00,0,0
1476928408,s2-eth1,246889.00,12060.00,258949.00,12060,246889,164.00,154.00,318.00,154,164,0.00,0.00,0,0
1476928408,lo,172.00,172.00,344.00,172,172,3.00,3.00,6.00,3,3,0.00,0.00,0,0
1476928408,total,312712.00,328156.00,640868.00,328156,312712,391.00,397.00,788.00,397,391,0.00,0.00,0,0
1476928409,s1,0.00,0.00,0.00,0,0,0.00,0.00,0.00,0,0,0.00,0.00,0,0
1476928409,eth0,60.00,60.00,120.00,60,60,1.00,1.00,2.00,1,1,0.00,0.00,0,0
1476928409,s2,0.00,0.00,0.00,0,0,0.00,0.00,0.00,0,0,0.00,0.00,0,0
1476928409,s1-eth2,2875.00,59046.00,61921.00,59046,2875,35.00,39.00,74.00,39,35,0.00,0.00,0,0
1476928409,s1-eth1,60667.00,2538.00,63205.00,2538,60667,41.00,33.00,74.00,33,41,0.00,0.00,0,0
1476928409,s2-eth2,12634.00,261922.00,274556.00,261922,12634,160.00,173.00,333.00,173,160,0.00,0.00,0,0
1476928409,s2-eth1,250474.00,12260.00,262734.00,12260,250474,168.00,158.00,326.00,158,168,0.00,0.00,0,0
1476928409,lo,0.00,0.00,0.00,0,0,0.00,0.00,0.00,0,0,0.00,0.00,0,0
1476928409,total,326710.00,335826.00,662536.00,335826,326710,405.00,404.00,809.00,404,405,0.00,0.00,0,0
1476928410,s1,0.00,0.00,0.00,0,0,0.00,0.00,0.00,0,0,0.00,0.00,0,0
1476928410,eth0,0.00,0.00,0.00,0,0,0.00,0.00,0.00,0,0,0.00,0.00,0,0
1476928410,s2,0.00,0.00,0.00,0,0,0.00,0.00,0.00,0,0,0.00,0.00,0,0
1476928410,s1-eth2,2999.00,62074.00,65073.00,62074,2999,35.00,41.00,76.00,41,35,0.00,0.00,0,0
1476928410,s1-eth1,62738.00,2746.00,65484.00,2746,62738,44.00,35.00,79.00,35,44,0.00,0.00,0,0
1476928410,s2-eth2,13069.00,258936.00,272005.00,258936,13069,168.00,172.00,340.00,172,168,0.00,0.00,0,0
1476928410,s2-eth1,249852.00,12672.00,262524.00,12672,249852,166.00,166.00,332.00,166,166,0.00,0.00,0,0
1476928410,lo,172.00,172.00,344.00,172,172,3.00,3.00,6.00,3,3,0.00,0.00,0,0
1476928410,total,328830.00,336600.00,665430.00,336600,328830,416.00,417.00,833.00,417,416,0.00,0.00,0,0
1476928411,s1,0.00,0.00,0.00,0,0,0.00,0.00,0.00,0,0,0.00,0.00,0,0
1476928411,eth0,0.00,0.00,0.00,0,0,0.00,0.00,0.00,0,0,0.00,0.00,0,0
1476928411,s2,0.00,0.00,0.00,0,0,0.00,0.00,0.00,0,0,0.00,0.00,0,0
1476928411,s1-eth2,3128.00,62074.00,65202.00,62074,3128,40.00,41.00,81.00,41,40,0.00,0.00,0,0
1476928411,s1-eth1,60560.00,3054.00,63614.00,3054,60560,40.00,39.00,79.00,39,40,0.00,0.00,0,0
1476928411,s2-eth2,12046.00,260408.00,272454.00,260408,12046,161.00,172.00,333.00,172,161,0.00,0.00,0,0
1476928411,s2-eth1,249810.00,12046.00,261856.00,12046,249810,165.00,161.00,326.00,161,165,0.00,0.00,0,0
1476928411,lo,0.00,0.00,0.00,0,0,0.00,0.00,0.00,0,0,0.00,0.00,0,0
1476928411,total,325544.00,337582.00,663126.00,337582,325544,406.00,413.00,819.00,413,406,0.00,0.00,0,0
1476928412,s1,0.00,0.00,0.00,0,0,0.00,0.00,0.00,0,0,0.00,0.00,0,0
1476928412,eth0,0.00,0.00,0.00,0,0,0.00,0.00,0.00,0,0,0.00,0.00,0,0
1476928412,s2,0.00,0.00,0.00,0,0,0.00,0.00,0.00,0,0,0.00,0.00,0,0
1476928412,s1-eth2,2915.00,56018.00,58933.00,56018,2915,35.00,37.00,72.00,37,35,0.00,0.00,0,0
1476928412,s1-eth1,51476.00,2466.00,53942.00,2466,51476,34.00,33.00,67.00,33,34,0.00,0.00,0,0
1476928412,s2-eth2,13218.00,251324.00,264542.00,251324,13218,165.00,166.00,331.00,166,165,0.00,0.00,0,0
1476928412,s2-eth1,249917.00,12876.00,262793.00,12876,249917,166.00,164.00,330.00,164,166,0.00,0.00,0,0
1476928412,lo,0.00,0.00,0.00,0,0,0.00,0.00,0.00,0,0,0.00,0.00,0,0
1476928412,total,317526.00,322684.00,640210.00,322684,317526,400.00,400.00,800.00,400,400,0.00,0.00,0,0
1476928413,s1,0.00,0.00,0.00,0,0,0.00,0.00,0.00,0,0,0.00,0.00,0,0
1476928413,eth0,0.00,0.00,0.00,0,0,0.00,0.00,0.00,0,0,0.00,0.00,0,0
1476928413,s2,0.00,0.00,0.00,0,0,0.00,0.00,0.00,0,0,0.00,0.00,0,0
1476928413,s1-eth2,2239.28,52831.50,55070.79,52990,2246,28.91,34.90,63.81,35,29,0.00,0.00,0,0
1476928413,s1-eth1,54447.66,2169.49,56617.15,2176,54611,36.89,27.92,64.81,28,37,0.00,0.00,0,0
1476928413,s2-eth2,12160.52,259629.11,271789.62,260408,12197,159.52,171.49,331.01,172,160,0.00,0.00,0,0
1476928413,s2-eth1,250642.08,12127.62,262769.69,12164,251394,166.50,159.52,326.02,160,167,0.00,0.00,0,0
1476928413,lo,171.49,171.49,342.97,172,172,2.99,2.99,5.98,3,3,0.00,0.00,0,0
1476928413,total,319661.03,326929.22,646590.25,327910,320620,394.82,396.81,791.63,398,396,0.00,0.00,0,0
1476928414,s1,0.00,0.00,0.00,0,0,0.00,0.00,0.00,0,0,0.00,0.00,0,0
1476928414,eth0,0.00,0.00,0.00,0,0,0.00,0.00,0.00,0,0,0.00,0.00,0,0
1476928414,s2,0.00,0.00,0.00,0,0,0.00,0.00,0.00,0,0,0.00,0.00,0,0
1476928414,s1-eth2,1628.00,65102.00,66730.00,65102,1628,22.00,43.00,65.00,43,22,0.00,0.00,0,0
1476928414,s1-eth1,57602.00,1628.00,59230.00,1628,57602,39.00,22.00,61.00,22,39,0.00,0.00,0,0
1476928414,s2-eth2,12810.00,263436.00,276246.00,263436,12810,165.00,174.00,339.00,174,165,0.00,0.00,0,0
1476928414,s2-eth1,250152.00,12666.00,262818.00,12666,250152,166.00,163.00,329.00,163,166,0.00,0.00,0,0
1476928414,lo,0.00,0.00,0.00,0,0,0.00,0.00,0.00,0,0,0.00,0.00,0,0
1476928414,total,322192.00,342832.00,665024.00,342832,322192,392.00,402.00,794.00,402,392,0.00,0.00,0,0
1476928415,s1,0.00,0.00,0.00,0,0,0.00,0.00,0.00,0,0,0.00,0.00,0,0
1476928415,eth0,0.00,0.00,0.00,0,0,0.00,0.00,0.00,0,0,0.00,0.00,0,0
1476928415,s2,0.00,0.00,0.00,0,0,0.00,0.00,0.00,0,0,0.00,0.00,0,0
1476928415,s1-eth2,2146.00,74186.00,76332.00,74186,2146,29.00,49.00,78.00,49,29,0.00,0.00,0,0
1476928415,s1-eth1,83612.00,2146.00,85758.00,2146,83612,56.00,29.00,85.00,29,56,0.00,0.00,0,0
1476928415,s2-eth2,12666.00,260408.00,273074.00,260408,12666,163.00,172.00,335.00,172,163,0.00,0.00,0,0
1476928415,s2-eth1,249810.00,12666.00,262476.00,12666,249810,165.00,163.00,328.00,163,165,0.00,0.00,0,0
1476928415,lo,172.00,172.00,344.00,172,172,3.00,3.00,6.00,3,3,0.00,0.00,0,0
1476928415,total,348406.00,349578.00,697984.00,349578,348406,416.00,416.00,832.00,416,416,0.00,0.00,0,0
1476928416,s1,0.00,0.00,0.00,0,0,0.00,0.00,0.00,0,0,0.00,0.00,0,0
1476928416,eth0,0.00,0.00,0.00,0,0,0.00,0.00,0.00,0,0,0.00,0.00,0,0
1476928416,s2,0.00,0.00,0.00,0,0,0.00,0.00,0.00,0,0,0.00,0.00,0,0
1476928416,s1-eth2,3474.00,95382.00,98856.00,95382,3474,45.00,63.00,108.00,63,45,0.00,0.00,0,0
1476928416,s1-eth1,81756.00,3474.00,85230.00,3474,81756,54.00,45.00,99.00,45,54,0.00,0.00,0,0
1476928416,s2-eth2,12336.00,257380.00,269716.00,257380,12336,162.00,170.00,332.00,170,162,0.00,0.00,0,0
1476928416,s2-eth1,249810.00,12336.00,262146.00,12336,249810,165.00,162.00,327.00,162,165,0.00,0.00,0,0
1476928416,lo,0.00,0.00,0.00,0,0,0.00,0.00,0.00,0,0,0.00,0.00,0,0
1476928416,total,347376.00,368572.00,715948.00,368572,347376,426.00,440.00,866.00,440,426,0.00,0.00,0,0
1476928417,s1,0.00,0.00,0.00,0,0,0.00,0.00,0.00,0,0,0.00,0.00,0,0
1476928417,eth0,0.00,0.00,0.00,0,0,0.00,0.00,0.00,0,0,0.00,0.00,0,0
1476928417,s2,0.00,0.00,0.00,0,0,0.00,0.00,0.00,0,0,0.00,0.00,0,0
1476928417,s1-eth2,3394.00,80242.00,83636.00,80242,3394,43.00,53.00,96.00,53,43,0.00,0.00,0,0
1476928417,s1-eth1,87812.00,3394.00,91206.00,3394,87812,58.00,43.00,101.00,43,58,0.00,0.00,0,0
1476928417,s2-eth2,12518.00,260408.00,272926.00,260408,12518,161.00,172.00,333.00,172,161,0.00,0.00,0,0
1476928417,s2-eth1,249810.00,12518.00,262328.00,12518,249810,165.00,161.00,326.00,161,165,0.00,0.00,0,0
1476928417,lo,0.00,0.00,0.00,0,0,0.00,0.00,0.00,0,0,0.00,0.00,0,0
1476928417,total,353534.00,356562.00,710096.00,356562,353534,427.00,429.00,856.00,429,427,0.00,0.00,0,0
1476928418,s1,0.00,0.00,0.00,0,0,0.00,0.00,0.00,0,0,0.00,0.00,0,0
1476928418,eth0,0.00,0.00,0.00,0,0,0.00,0.00,0.00,0,0,0.00,0.00,0,0
1476928418,s2,0.00,0.00,0.00,0,0,0.00,0.00,0.00,0,0,0.00,0.00,0,0
1476928418,s1-eth2,3112.00,54504.00,57616.00,54504,3112,36.00,36.00,72.00,36,36,0.00,0.00,0,0
1476928418,s1-eth1,43906.00,2770.00,46676.00,2770,43906,29.00,35.00,64.00,35,29,0.00,0.00,0,0
1476928418,s2-eth2,12376.00,258894.00,271270.00,258894,12376,158.00,171.00,329.00,171,158,0.00,0.00,0,0
1476928418,s2-eth1,248296.00,12376.00,260672.00,12376,248296,164.00,158.00,322.00,158,164,0.00,0.00,0,0
1476928418,lo,172.00,172.00,344.00,172,172,3.00,3.00,6.00,3,3,0.00,0.00,0,0
1476928418,total,307862.00,328716.00,636578.00,328716,307862,390.00,403.00,793.00,403,390,0.00,0.00,0,0
1476928419,s1,0.00,0.00,0.00,0,0,0.00,0.00,0.00,0,0,0.00,0.00,0,0
1476928419,eth0,0.00,0.00,0.00,0,0,0.00,0.00,0.00,0,0,0.00,0.00,0,0
1476928419,s2,0.00,0.00,0.00,0,0,0.00,0.00,0.00,0,0,0.00,0.00,0,0
1476928419,s1-eth2,1628.00,59046.00,60674.00,59046,1628,22.00,39.00,61.00,39,22,0.00,0.00,0,0
1476928419,s1-eth1,66616.00,1702.00,68318.00,1702,66616,44.00,23.00,67.00,23,44,0.00,0.00,0,0
1476928419,s2-eth2,12256.00,260408.00,272664.00,260408,12256,158.00,172.00,330.00,172,158,0.00,0.00,0,0
1476928419,s2-eth1,249810.00,12256.00,262066.00,12256,249810,165.00,158.00,323.00,158,165,0.00,0.00,0,0
1476928419,lo,0.00,0.00,0.00,0,0,0.00,0.00,0.00,0,0,0.00,0.00,0,0
1476928419,total,330310.00,333412.00,663722.00,333412,330310,389.00,392.00,781.00,392,389,0.00,0.00,0,0
1476928420,s1,0.00,0.00,0.00,0,0,0.00,0.00,0.00,0,0,0.00,0.00,0,0
1476928420,eth0,0.00,0.00,0.00,0,0,0.00,0.00,0.00,0,0,0.00,0.00,0,0
1476928420,s2,0.00,0.00,0.00,0,0,0.00,0.00,0.00,0,0,0.00,0.00,0,0
1476928420,s1-eth2,1155.00,24720.00,25875.00,24720,1155,15.00,20.00,35.00,20,15,0.00,0.00,0,0
1476928420,s1-eth1,26234.00,974.00,27208.00,974,26234,21.00,13.00,34.00,13,21,0.00,0.00,0,0
1476928420,s2-eth2,4252.00,81904.00,86156.00,81904,4252,56.00,56.00,112.00,56,56,0.00,0.00,0,0
1476928420,s2-eth1,80497.00,4252.00,84749.00,4252,80497,56.00,56.00,112.00,56,56,0.00,0.00,0,0
1476928420,lo,172.00,172.00,344.00,172,172,3.00,3.00,6.00,3,3,0.00,0.00,0,0
1476928420,total,112310.00,112022.00,224332.00,112022,112310,151.00,148.00,299.00,148,151,0.00,0.00,0,0
1476928421,s1,0.00,0.00,0.00,0,0,0.00,0.00,0.00,0,0,0.00,0.00,0,0
1476928421,eth0,0.00,0.00,0.00,0,0,0.00,0.00,0.00,0,0,0.00,0.00,0,0
1476928421,s2,0.00,0.00,0.00,0,0,0.00,0.00,0.00,0,0,0.00,0.00,0,0
1476928421,s1-eth2,0.00,0.00,0.00,0,0,0.00,0.00,0.00,0,0,0.00,0.00,0,0
1476928421,s1-eth1,107.00,0.00,107.00,0,107,1.00,0.00,1.00,0,1,0.00,0.00,0,0
1476928421,s2-eth2,107.00,0.00,107.00,0,107,1.00,0.00,1.00,0,1,0.00,0.00,0,0
1476928421,s2-eth1,0.00,0.00,0.00,0,0,0.00,0.00,0.00,0,0,0.00,0.00,0,0
1476928421,lo,0.00,0.00,0.00,0,0,0.00,0.00,0.00,0,0,0.00,0.00,0,0
1476928421,total,214.00,0.00,214.00,0,214,2.00,0.00,2.00,0,2,0.00,0.00,0,0
1476928422,s1,0.00,0.00,0.00,0,0,0.00,0.00,0.00,0,0,0.00,0.00,0,0
1476928422,eth0,0.00,0.00,0.00,0,0,0.00,0.00,0.00,0,0,0.00,0.00,0,0
1476928422,s2,0.00,0.00,0.00,0,0,0.00,0.00,0.00,0,0,0.00,0.00,0,0
1476928422,s1-eth2,0.00,0.00,0.00,0,0,0.00,0.00,0.00,0,0,0.00,0.00,0,0
1476928422,s1-eth1,0.00,0.00,0.00,0,0,0.00,0.00,0.00,0,0,0.00,0.00,0,0
1476928422,s2-eth2,342.00,0.00,342.00,0,342,1.00,0.00,1.00,0,1,0.00,0.00,0,0
1476928422,s2-eth1,0.00,0.00,0.00,0,0,0.00,0.00,0.00,0,0,0.00,0.00,0,0
1476928422,lo,0.00,0.00,0.00,0,0,0.00,0.00,0.00,0,0,0.00,0.00,0,0
1476928422,total,342.00,0.00,342.00,0,342,1.00,0.00,1.00,0,1,0.00,0.00,0,0
1476928423,s1,0.00,0.00,0.00,0,0,0.00,0.00,0.00,0,0,0.00,0.00,0,0
1476928423,eth0,0.00,0.00,0.00,0,0,0.00,0.00,0.00,0,0,0.00,0.00,0,0
1476928423,s2,0.00,0.00,0.00,0,0,0.00,0.00,0.00,0,0,0.00,0.00,0,0
1476928423,s1-eth2,0.00,0.00,0.00,0,0,0.00,0.00,0.00,0,0,0.00,0.00,0,0
1476928423,s1-eth1,0.00,0.00,0.00,0,0,0.00,0.00,0.00,0,0,0.00,0.00,0,0
1476928423,s2-eth2,0.00,0.00,0.00,0,0,0.00,0.00,0.00,0,0,0.00,0.00,0,0
1476928423,s2-eth1,0.00,0.00,0.00,0,0,0.00,0.00,0.00,0,0,0.00,0.00,0,0
1476928423,lo,172.00,172.00,344.00,172,172,3.00,3.00,6.00,3,3,0.00,0.00,0,0
1476928423,total,172.00,172.00,344.00,172,172,3.00,3.00,6.00,3,3,0.00,0.00,0,0
1476928424,s1,0.00,0.00,0.00,0,0,0.00,0.00,0.00,0,0,0.00,0.00,0,0
1476928424,eth0,0.00,0.00,0.00,0,0,0.00,0.00,0.00,0,0,0.00,0.00,0,0
1476928424,s2,0.00,0.00,0.00,0,0,0.00,0.00,0.00,0,0,0.00,0.00,0,0
1476928424,s1-eth2,0.00,0.00,0.00,0,0,0.00,0.00,0.00,0,0,0.00,0.00,0,0
1476928424,s1-eth1,0.00,0.00,0.00,0,0,0.00,0.00,0.00,0,0,0.00,0.00,0,0
1476928424,s2-eth2,0.00,0.00,0.00,0,0,0.00,0.00,0.00,0,0,0.00,0.00,0,0
1476928424,s2-eth1,0.00,0.00,0.00,0,0,0.00,0.00,0.00,0,0,0.00,0.00,0,0
1476928424,lo,0.00,0.00,0.00,0,0,0.00,0.00,0.00,0,0,0.00,0.00,0,0
1476928424,total,0.00,0.00,0.00,0,0,0.00,0.00,0.00,0,0,0.00,0.00,0,0
1476928425,s1,0.00,0.00,0.00,0,0,0.00,0.00,0.00,0,0,0.00,0.00,0,0
1476928425,eth0,0.00,0.00,0.00,0,0,0.00,0.00,0.00,0,0,0.00,0.00,0,0
1476928425,s2,0.00,0.00,0.00,0,0,0.00,0.00,0.00,0,0,0.00,0.00,0,0
1476928425,s1-eth2,0.00,0.00,0.00,0,0,0.00,0.00,0.00,0,0,0.00,0.00,0,0
1476928425,s1-eth1,0.00,0.00,0.00,0,0,0.00,0.00,0.00,0,0,0.00,0.00,0,0
1476928425,s2-eth2,0.00,0.00,0.00,0,0,0.00,0.00,0.00,0,0,0.00,0.00,0,0
1476928425,s2-eth1,0.00,0.00,0.00,0,0,0.00,0.00,0.00,0,0,0.00,0.00,0,0
1476928425,lo,172.00,172.00,344.00,172,172,3.00,3.00,6.00,3,3,0.00,0.00,0,0
1476928425,total,172.00,172.00,344.00,172,172,3.00,3.00,6.00,3,3,0.00,0.00,0,0
1476928426,s1,0.00,0.00,0.00,0,0,0.00,0.00,0.00,0,0,0.00,0.00,0,0
1476928426,eth0,0.00,0.00,0.00,0,0,0.00,0.00,0.00,0,0,0.00,0.00,0,0
1476928426,s2,0.00,0.00,0.00,0,0,0.00,0.00,0.00,0,0,0.00,0.00,0,0
1476928426,s1-eth2,342.00,0.00,342.00,0,342,1.00,0.00,1.00,0,1,0.00,0.00,0,0
1476928426,s1-eth1,0.00,0.00,0.00,0,0,0.00,0.00,0.00,0,0,0.00,0.00,0,0
1476928426,s2-eth2,0.00,0.00,0.00,0,0,0.00,0.00,0.00,0,0,0.00,0.00,0,0
1476928426,s2-eth1,0.00,0.00,0.00,0,0,0.00,0.00,0.00,0,0,0.00,0.00,0,0
1476928426,lo,0.00,0.00,0.00,0,0,0.00,0.00,0.00,0,0,0.00,0.00,0,0
1476928426,total,342.00,0.00,3