1471910682,s5,0.00,0.00,0.00,0,0,0.00,0.00,0.00,0,0,0.00,0.00,0,0
1471910682,s1,0.00,0.00,0.00,0,0,0.00,0.00,0.00,0,0,0.00,0.00,0,0
1471910682,eth0,0.00,0.00,0.00,0,0,0.00,0.00,0.00,0,0,0.00,0.00,0,0
1471910682,s2,0.00,0.00,0.00,0,0,0.00,0.00,0.00,0,0,0.00,0.00,0,0
1471910682,s1-eth2,0.00,0.00,0.00,0,0,0.00,0.00,0.00,0,0,0.00,0.00,0,0
1471910682,s1-eth1,0.00,0.00,0.00,0,0,0.00,0.00,0.00,0,0,0.00,0.00,0,0
1471910682,s3,0.00,0.00,0.00,0,0,0.00,0.00,0.00,0,0,0.00,0.00,0,0
1471910682,s2-eth2,0.00,0.00,0.00,0,0,0.00,0.00,0.00,0,0,0.00,0.00,0,0
1471910682,s2-eth1,0.00,0.00,0.00,0,0,0.00,0.00,0.00,0,0,0.00,0.00,0,0
1471910682,lo,0.00,0.00,0.00,0,0,0.00,0.00,0.00,0,0,0.00,0.00,0,0
1471910682,s4,0.00,0.00,0.00,0,0,0.00,0.00,0.00,0,0,0.00,0.00,0,0
1471910682,s3-eth2,0.00,0.00,0.00,0,0,0.00,0.00,0.00,0,0,0.00,0.00,0,0
1471910682,s3-eth1,0.00,0.00,0.00,0,0,0.00,0.00,0.00,0,0,0.00,0.00,0,0
1471910682,total,0.00,0.00,0.00,0,0,0.00,0.00,0.00,0,0,0.00,0.00,0,0
1471910683,s5,0.00,0.00,0.00,0,0,0.00,0.00,0.00,0,0,0.00,0.00,0,0
1471910683,s1,250.00,3860.00,4110.00,3860,250,3.00,24.00,27.00,24,3,0.00,0.00,0,0
1471910683,eth0,915.00,1182.00,2097.00,1182,915,12.00,12.00,24.00,12,12,0.00,0.00,0,0
1471910683,s2,90.00,4053.00,4143.00,4053,90,1.00,29.00,30.00,29,1,0.00,0.00,0,0
1471910683,s1-eth2,32178.00,1214670.00,1246848.00,1214670,32178,441.00,413.00,854.00,413,441,0.00,0.00,0,0
1471910683,s1-eth1,1216699.00,30604.00,1247303.00,30604,1216699,426.00,430.00,856.00,430,426,0.00,0.00,0,0
1471910683,s3,90.00,3943.00,4033.00,3943,90,1.00,26.00,27.00,26,1,0.00,0.00,0,0
1471910683,s2-eth2,1215151.00,28768.00,1243919.00,28768,1215151,432.00,422.00,854.00,422,432,0.00,0.00,0,0
1471910683,s2-eth1,30604.00,1216699.00,1247303.00,1216699,30604,430.00,426.00,856.00,426,430,0.00,0.00,0,0
1471910683,lo,24381.00,24381.00,48762.00,24381,24381,233.00,233.00,466.00,233,233,0.00,0.00,0,0
1471910683,s4,0.00,0.00,0.00,0,0,0.00,0.00,0.00,0,0,0.00,0.00,0,0
1471910683,s3-eth2,1217097.00,27244.00,1244341.00,27244,1217097,441.00,412.00,853.00,412,441,0.00,0.00,0,0
1471910683,s3-eth1,28768.00,1215151.00,1243919.00,1215151,28768,422.00,432.00,854.00,432,422,0.00,0.00,0,0
1471910683,total,3766223.00,3770555.00,7536778.00,3770555,3766223,2842.00,2859.00,5701.00,2859,2842,0.00,0.00,0,0
1471910684,s5,0.00,0.00,0.00,0,0,0.00,0.00,0.00,0,0,0.00,0.00,0,0
1471910684,s1,0.00,1982.00,1982.00,1982,0,0.00,7.00,7.00,7,0,0.00,0.00,0,0
1471910684,eth0,152.00,245.00,397.00,245,152,2.00,2.00,4.00,2,2,0.00,0.00,0,0
1471910684,s2,0.00,2431.00,2431.00,2431,0,0.00,9.00,9.00,9,0,0.00,0.00,0,0
1471910684,s1-eth2,30210.00,1205534.00,1235744.00,1205534,30210,418.00,407.00,825.00,407,418,0.00,0.00,0,0
1471910684,s1-eth1,1203615.00,28778.00,1232393.00,28778,1203615,410.00,413.00,823.00,413,410,0.00,0.00,0,0
1471910684,s3,0.00,1979.00,1979.00,1979,0,0.00,7.00,7.00,7,0,0.00,0.00,0,0
1471910684,s2-eth2,1201589.00,28118.00,1229707.00,28118,1201589,412.00,410.00,822.00,410,412,0.00,0.00,0,0
1471910684,s2-eth1,28778.00,1203615.00,1232393.00,1203615,28778,413.00,410.00,823.00,410,413,0.00,0.00,0,0
1471910684,lo,7807.00,7807.00,15614.00,7807,7807,74.00,74.00,148.00,74,74,0.00,0.00,0,0
1471910684,s4,0.00,0.00,0.00,0,0,0.00,0.00,0.00,0,0,0.00,0.00,0,0
1471910684,s3-eth2,1202305.00,26796.00,1229101.00,26796,1202305,415.00,406.00,821.00,406,415,0.00,0.00,0,0
1471910684,s3-eth1,28118.00,1201589.00,1229707.00,1201589,28118,410.00,412.00,822.00,412,410,0.00,0.00,0,0
1471910684,total,3702574.00,3708874.00,7411448.00,3708874,3702574,2554.00,2557.00,5111.00,2557,2554,0.00,0.00,0,0
1471910685,s5,0.00,0.00,0.00,0,0,0.00,0.00,0.00,0,0,0.00,0.00,0,0
1471910685,s1,0.00,776.00,776.00,776,0,0.00,3.00,3.00,3,0,0.00,0.00,0,0
1471910685,eth0,0.00,0.00,0.00,0,0,0.00,0.00,0.00,0,0,0.00,0.00,0,0
1471910685,s2,0.00,654.00,654.00,654,0,0.00,2.00,2.00,2,0,0.00,0.00,0,0
1471910685,s1-eth2,28163.00,1220344.00,1248507.00,1220344,28163,414.00,412.00,826.00,412,414,0.00,0.00,0,0
1471910685,s1-eth1,1220671.00,27902.00,1248573.00,27902,1220671,413.00,414.00,827.00,414,413,0.00,0.00,0,0
1471910685,s3,0.00,434.00,434.00,434,0,0.00,2.00,2.00,2,0,0.00,0.00,0,0
1471910685,s2-eth2,1220778.00,27453.00,1248231.00,27453,1220778,414.00,412.00,826.00,412,414,0.00,0.00,0,0
1471910685,s2-eth1,27902.00,1220671.00,1248573.00,1220671,27902,414.00,413.00,827.00,413,414,0.00,0.00,0,0
1471910685,lo,2240.00,2240.00,4480.00,2240,2240,21.00,21.00,42.00,21,21,0.00,0.00,0,0
1471910685,s4,0.00,0.00,0.00,0,0,0.00,0.00,0.00,0,0,0.00,0.00,0,0
1471910685,s3-eth2,1218143.00,27060.00,1245203.00,27060,1218143,414.00,410.00,824.00,410,414,0.00,0.00,0,0
1471910685,s3-eth1,27453.00,1220778.00,1248231.00,1220778,27453,412.00,414.00,826.00,414,412,0.00,0.00,0,0
1471910685,total,3745350.00,3748312.00,7493662.00,3748312,3745350,2502.00,2503.00,5005.00,2503,2502,0.00,0.00,0,0
1471910686,s5,0.00,0.00,0.00,0,0,0.00,0.00,0.00,0,0,0.00,0.00,0,0
1471910686,s1,0.00,584.00,584.00,584,0,0.00,5.00,5.00,5,0,0.00,0.00,0,0
1471910686,eth0,60.00,60.00,120.00,60,60,1.00,1.00,2.00,1,1,0.00,0.00,0,0
1471910686,s2,70.00,551.00,621.00,551,70,1.00,4.00,5.00,4,1,0.00,0.00,0,0
1471910686,s1-eth2,27751.00,1211458.00,1239209.00,1211458,27751,416.00,409.00,825.00,409,416,0.00,0.00,0,0
1471910686,s1-eth1,1208870.00,27578.00,1236448.00,27578,1208870,410.00,414.00,824.00,414,410,0.00,0.00,0,0
1471910686,s3,70.00,1108.00,1178.00,1108,70,1.00,6.00,7.00,6,1,0.00,0.00,0,0
1471910686,s2-eth2,1209604.00,27171.00,1236775.00,27171,1209604,414.00,411.00,825.00,411,414,0.00,0.00,0,0
1471910686,s2-eth1,27578.00,1208870.00,1236448.00,1208870,27578,414.00,410.00,824.00,410,414,0.00,0.00,0,0
1471910686,lo,5442.00,5442.00,10884.00,5442,5442,59.00,59.00,118.00,59,59,0.00,0.00,0,0
1471910686,s4,0.00,0.00,0.00,0,0,0.00,0.00,0.00,0,0,0.00,0.00,0,0
1471910686,s3-eth2,1213080.00,26994.00,1240074.00,26994,1213080,419.00,409.00,828.00,409,419,0.00,0.00,0,0
1471910686,s3-eth1,27171.00,1209604.00,1236775.00,1209604,27171,411.00,414.00,825.00,414,411,0.00,0.00,0,0
1471910686,total,3719696.00,3719420.00,7439116.00,3719420,3719696,2546.00,2542.00,5088.00,2542,2546,0.00,0.00,0,0
1471910687,s5,0.00,0.00,0.00,0,0,0.00,0.00,0.00,0,0,0.00,0.00,0,0
1471910687,s1,70.00,1131.00,1201.00,1131,70,1.00,6.00,7.00,6,1,0.00,0.00,0,0
1471910687,eth0,0.00,0.00,0.00,0,0,0.00,0.00,0.00,0,0,0.00,0.00,0,0
1471910687,s2,0.00,1271.00,1271.00,1271,0,0.00,8.00,8.00,8,0,0.00,0.00,0,0
1471910687,s1-eth2,29131.00,1211528.00,1240659.00,1211528,29131,419.00,410.00,829.00,410,419,0.00,0.00,0,0
1471910687,s1-eth1,1209033.00,27989.00,1237022.00,27989,1209033,412.00,413.00,825.00,413,412,0.00,0.00,0,0
1471910687,s3,0.00,607.00,607.00,607,0,0.00,5.00,5.00,5,0,0.00,0.00,0,0
1471910687,s2-eth2,1209033.00,27662.00,1236695.00,27662,1209033,412.00,412.00,824.00,412,412,0.00,0.00,0,0
1471910687,s2-eth1,27989.00,1209033.00,1237022.00,1209033,27989,413.00,412.00,825.00,412,413,0.00,0.00,0,0
1471910687,lo,5766.00,5766.00,11532.00,5766,5766,60.00,60.00,120.00,60,60,0.00,0.00,0,0
1471910687,s4,0.00,0.00,0.00,0,0,0.00,0.00,0.00,0,0,0.00,0.00,0,0
1471910687,s3-eth2,1209360.00,27064.00,1236424.00,27064,1209360,413.00,410.00,823.00,410,413,0.00,0.00,0,0
1471910687,s3-eth1,27662.00,1209033.00,1236695.00,1209033,27662,412.00,412.00,824.00,412,412,0.00,0.00,0,0
1471910687,total,3718044.00,3721084.00,7439128.00,3721084,3718044,2542.00,2548.00,5090.00,2548,2542,0.00,0.00,0,0
1471910688,s5,0.00,0.00,0.00,0,0,0.00,0.00,0.00,0,0,0.00,0.00,0,0
1471910688,s1,0.00,684.00,684.00,684,0,0.00,2.00,2.00,2,0,0.00,0.00,0,0
1471910688,eth0,0.00,0.00,0.00,0,0,0.00,0.00,0.00,0,0,0.00,0.00,0,0
1471910688,s2,0.00,684.00,684.00,684,0,0.00,2.00,2.00,2,0,0.00,0.00,0,0
1471910688,s1-eth2,27678.00,1214420.00,1242098.00,1214420,27678,411.00,410.00,821.00,410,411,0.00,0.00,0,0
1471910688,s1-eth1,1214762.00,27744.00,1242506.00,27744,1214762,411.00,412.00,823.00,412,411,0.00,0.00,0,0
1471910688,s3,0.00,342.00,342.00,342,0,0.00,1.00,1.00,1,0,0.00,0.00,0,0
1471910688,s2-eth2,1214762.00,27402.00,1242164.00,27402,1214762,411.00,411.00,822.00,411,411,0.00,0.00,0,0
1471910688,s2-eth1,27744.00,1214762.00,1242506.00,1214762,27744,412.00,411.00,823.00,411,412,0.00,0.00,0,0
1471910688,lo,1630.00,1630.00,3260.00,1630,1630,15.00,15.00,30.00,15,15,0.00,0.00,0,0
1471910688,s4,0.00,0.00,0.00,0,0,0.00,0.00,0.00,0,0,0.00,0.00,0,0
1471910688,s3-eth2,1214762.00,27060.00,1241822.00,27060,1214762,411.00,410.00,821.00,410,411,0.00,0.00,0,0
1471910688,s3-eth1,27402.00,1214762.00,1242164.00,1214762,27402,411.00,411.00,822.00,411,411,0.00,0.00,0,0
1471910688,total,3728740.00,3729490.00,7458230.00,3729490,3728740,2482.00,2485.00,4967.00,2485,2482,0.00,0.00,0,0
1471910689,s5,0.00,0.00,0.00,0,0,0.00,0.00,0.00,0,0,0.00,0.00,0,0
1471910689,s1,0.00,107.00,107.00,107,0,0.00,1.00,1.00,1,0,0.00,0.00,0,0
1471910689,eth0,0.00,0.00,0.00,0,0,0.00,0.00,0.00,0,0,0.00,0.00,0,0
1471910689,s2,0.00,0.00,0.00,0,0,0.00,0.00,0.00,0,0,0.00,0.00,0,0
1471910689,s1-eth2,27299.00,1220344.00,1247643.00,1220344,27299,413.00,412.00,825.00,412,413,0.00,0.00,0,0
1471910689,s1-eth1,1220344.00,27233.00,1247577.00,27233,1220344,412.00,412.00,824.00,412,412,0.00,0.00,0,0
1471910689,s3,0.00,107.00,107.00,107,0,0.00,1.00,1.00,1,0,0.00,0.00,0,0
1471910689,s2-eth2,1220451.00,27192.00,1247643.00,27192,1220451,413.00,412.00,825.00,412,413,0.00,0.00,0,0
1471910689,s2-eth1,27233.00,1220344.00,1247577.00,1220344,27233,412.00,412.00,824.00,412,412,0.00,0.00,0,0
1471910689,lo,610.00,610.00,1220.00,610,610,6.00,6.00,12.00,6,6,0.00,0.00,0,0
1471910689,s4,0.00,0.00,0.00,0,0,0.00,0.00,0.00,0,0,0.00,0.00,0,0
1471910689,s3-eth2,1220451.00,27126.00,1247577.00,27126,1220451,413.00,411.00,824.00,411,413,0.00,0.00,0,0
1471910689,s3-eth1,27192.00,1220451.00,1247643.00,1220451,27192,412.00,413.00,825.00,413,412,0.00,0.00,0,0
1471910689,total,3743580.00,3743514.00,7487094.00,3743514,3743580,2481.00,2480.00,4961.00,2480,2481,0.00,0.00,0,0
1471910690,s5,0.00,0.00,0.00,0,0,0.00,0.00,0.00,0,0,0.00,0.00,0,0
1471910690,s1,0.00,317.00,317.00,317,0,0.00,4.00,4.00,4,0,0.00,0.00,0,0
1471910690,eth0,0.00,0.00,0.00,0,0,0.00,0.00,0.00,0,0,0.00,0.00,0,0
1471910690,s2,70.00,284.00,354.00,284,70,1.00,3.00,4.00,3,1,0.00,0.00,0,0
1471910690,s1-eth2,27352.00,1211458.00,1238810.00,1211458,27352,413.00,409.00,822.00,409,413,0.00,0.00,0,0
1471910690,s1-eth1,1208603.00,27245.00,1235848.00,27245,1208603,409.00,412.00,821.00,412,409,0.00,0.00,0,0
1471910690,s3,70.00,247.00,317.00,247,70,1.00,3.00,4.00,3,1,0.00,0.00,0,0
1471910690,s2-eth2,1208743.00,27105.00,1235848.00,27105,1208743,411.00,410.00,821.00,410,411,0.00,0.00,0,0
1471910690,s2-eth1,27245.00,1208603.00,1235848.00,1208603,27245,412.00,409.00,821.00,409,412,0.00,0.00,0,0
1471910690,lo,3364.00,3364.00,6728.00,3364,3364,36.00,36.00,72.00,36,36,0.00,0.00,0,0
1471910690,s4,0.00,0.00,0.00,0,0,0.00,0.00,0.00,0,0,0.00,0.00,0,0
1471910690,s3-eth2,1206370.00,26928.00,1233298.00,26928,1206370,414.00,408.00,822.00,408,414,0.00,0.00,0,0
1471910690,s3-eth1,27105.00,1208743.00,1235848.00,1208743,27105,410.00,411.00,821.00,411,410,0.00,0.00,0,0
1471910690,total,3708922.00,3714294.00,7423216.00,3714294,3708922,2507.00,2505.00,5012.00,2505,2507,0.00,0.00,0,0
1471910691,s5,0.00,0.00,0.00,0,0,0.00,0.00,0.00,0,0,0.00,0.00,0,0
1471910691,s1,70.00,140.00,210.00,140,70,1.00,2.00,3.00,2,1,0.00,0.00,0,0
1471910691,eth0,0.00,0.00,0.00,0,0,0.00,0.00,0.00,0,0,0.00,0.00,0,0
1471910691,s2,0.00,280.00,280.00,280,0,0.00,4.00,4.00,4,0,0.00,0.00,0,0
1471910691,s1-eth2,27340.00,1220344.00,1247684.00,1220344,27340,414.00,412.00,826.00,412,414,0.00,0.00,0,0
1471910691,s1-eth1,1220484.00,27266.00,1247750.00,27266,1220484,414.00,413.00,827.00,413,414,0.00,0.00,0,0
1471910691,s3,0.00,552.00,552.00,552,0,0.00,4.00,4.00,4,0,0.00,0.00,0,0
1471910691,s2-eth2,1217864.00,27200.00,1245064.00,27200,1217864,414.00,412.00,826.00,412,414,0.00,0.00,0,0
1471910691,s2-eth1,27266.00,1220484.00,1247750.00,1220484,27266,413.00,414.00,827.00,414,413,0.00,0.00,0,0
1471910691,lo,3350.00,3350.00,6700.00,3350,3350,39.00,39.00,78.00,39,39,0.00,0.00,0,0
1471910691,s4,0.00,0.00,0.00,0,0,0.00,0.00,0.00,0,0,0.00,0.00,0,0
1471910691,s3-eth2,1217864.00,27130.00,1244994.00,27130,1217864,414.00,411.00,825.00,411,414,0.00,0.00,0,0
1471910691,s3-eth1,27200.00,1217864.00,1245064.00,1217864,27200,412.00,414.00,826.00,414,412,0.00,0.00,0,0
1471910691,total,3741438.00,3744610.00,7486048.00,3744610,3741438,2521.00,2525.00,5046.00,2525,2521,0.00,0.00,0,0
1471910692,s5,0.00,0.00,0.00,0,0,0.00,0.00,0.00,0,0,0.00,0.00,0,0
1471910692,s1,0.00,70.00,70.00,70,0,0.00,1.00,1.00,1,0,0.00,0.00,0,0
1471910692,eth0,0.00,0.00,0.00,0,0,0.00,0.00,0.00,0,0,0.00,0.00,0,0
1471910692,s2,0.00,70.00,70.00,70,0,0.00,1.00,1.00,1,0,0.00,0.00,0,0
1471910692,s1-eth2,27126.00,1218508.00,1245634.00,1218508,27126,411.00,428.00,839.00,428,411,0.00,0.00,0,0
1471910692,s1-eth1,1216862.00,27060.00,1243922.00,27060,1216862,425.00,410.00,835.00,410,425,0.00,0.00,0,0
1471910692,s3,0.00,70.00,70.00,70,0,0.00,1.00,1.00,1,0,0.00,0.00,0,0
1471910692,s2-eth2,1218244.00,27060.00,1245304.00,27060,1218244,424.00,410.00,834.00,410,424,0.00,0.00,0,0
1471910692,s2-eth1,27060.00,1216862.00,1243922.00,1216862,27060,410.00,425.00,835.00,425,410,0.00,0.00,0,0
1471910692,lo,804.00,804.00,1608.00,804,804,9.00,9.00,18.00,9,9,0.00,0.00,0,0
1471910692,s4,0.00,0.00,0.00,0,0,0.00,0.00,0.00,0,0,0.00,0.00,0,0
1471910692,s3-eth2,1218178.00,27126.00,1245304.00,27126,1218178,423.00,411.00,834.00,411,423,0.00,0.00,0,0
1471910692,s3-eth1,27060.00,1218244.00,1245304.00,1218244,27060,410.00,424.00,834.00,424,410,0.00,0.00,0,0
1471910692,total,3735334.00,3735874.00,7471208.00,3735874,3735334,2512.00,2520.00,5032.00,2520,2512,0.00,0.00,0,0
1471910693,s5,0.00,0.00,0.00,0,0,0.00,0.00,0.00,0,0,0.00,0.00,0,0
1471910693,s1,0.00,0.00,0.00,0,0,0.00,0.00,0.00,0,0,0.00,0.00,0,0
1471910693,eth0,0.00,0.00,0.00,0,0,0.00,0.00,0.00,0,0,0.00,0.00,0,0
1471910693,s2,0.00,0.00,0.00,0,0,0.00,0.00,0.00,0,0,0.00,0.00,0,0
1471910693,s1-eth2,27204.00,1208702.00,1235906.00,1208702,27204,408.00,455.00,863.00,455,408,0.00,0.00,0,0
1471910693,s1-eth1,1210348.00,26862.00,1237210.00,26862,1210348,458.00,407.00,865.00,407,458,0.00,0.00,0,0
1471910693,s3,0.00,0.00,0.00,0,0,0.00,0.00,0.00,0,0,0.00,0.00,0,0
1471910693,s2-eth2,1208966.00,26928.00,1235894.00,26928,1208966,459.00,408.00,867.00,408,459,0.00,0.00,0,0
1471910693,s2-eth1,26862.00,1210348.00,1237210.00,1210348,26862,407.00,458.00,865.00,458,407,0.00,0.00,0,0
1471910693,lo,0.00,0.00,0.00,0,0,0.00,0.00,0.00,0,0,0.00,0.00,0,0
1471910693,s4,0.00,0.00,0.00,0,0,0.00,0.00,0.00,0,0,0.00,0.00,0,0
1471910693,s3-eth2,1209032.00,26862.00,1235894.00,26862,1209032,460.00,407.00,867.00,407,460,0.00,0.00,0,0
1471910693,s3-eth1,26928.00,1208966.00,1235894.00,1208966,26928,408.00,459.00,867.00,459,408,0.00,0.00,0,0
1471910693,total,3709340.00,3708668.00,7418008.00,3708668,3709340,2600.00,2594.00,5194.00,2594,2600,0.00,0.00,0,0
1471910694,s5,0.00,0.00,0.00,0,0,0.00,0.00,0.00,0,0,0.00,0.00,0,0
1471910694,s1,0.00,342.00,342.00,342,0,0.00,1.00,1.00,1,0,0.00,0.00,0,0
1471910694,eth0,0.00,0.00,0.00,0,0,0.00,0.00,0.00,0,0,0.00,0.00,0,0
1471910694,s2,0.00,342.00,342.00,342,0,0.00,1.00,1.00,1,0,0.00,0.00,0,0
1471910694,s1-eth2,27468.00,1217382.00,1244850.00,1217382,27468,412.00,411.00,823.00,411,412,0.00,0.00,0,0
1471910694,s1-eth1,1214762.00,27468.00,1242230.00,27468,1214762,411.00,412.00,823.00,412,411,0.00,0.00,0,0
1471910694,s3,0.00,342.00,342.00,342,0,0.00,1.00,1.00,1,0,0.00,0.00,0,0
1471910694,s2-eth2,1214762.00,27126.00,1241888.00,27126,1214762,411.00,411.00,822.00,411,411,0.00,0.00,0,0
1471910694,s2-eth1,27468.00,1214762.00,1242230.00,1214762,27468,412.00,411.00,823.00,411,412,0.00,0.00,0,0
1471910694,lo,978.00,978.00,1956.00,978,978,9.00,9.00,18.00,9,9,0.00,0.00,0,0
1471910694,s4,0.00,0.00,0.00,0,0,0.00,0.00,0.00,0,0,0.00,0.00,0,0
1471910694,s3-eth2,1217724.00,27126.00,1244850.00,27126,1217724,412.00,411.00,823.00,411,412,0.00,0.00,0,0
1471910694,s3-eth1,27126.00,1214762.00,1241888.00,1214762,27126,411.00,411.00,822.00,411,411,0.00,0.00,0,0
1471910694,total,3730288.00,3730630.00,7460918.00,3730630,3730288,2478.00,2479.00,4957.00,2479,2478,0.00,0.00,0,0
1471910695,s5,0.00,0.00,0.00,0,0,0.00,0.00,0.00,0,0,0.00,0.00,0,0
1471910695,s1,0.00,341.66,341.66,342,0,0.00,1.00,1.00,1,0,0.00,0.00,0,0
1471910695,eth0,0.00,0.00,0.00,0,0,0.00,0.00,0.00,0,0,0.00,0.00,0,0
1471910695,s2,0.00,341.66,341.66,342,0,0.00,1.00,1.00,1,0,0.00,0.00,0,0
1471910695,s1-eth2,27374.63,1213206.88,1240581.50,1214420,27402,410.59,409.59,820.18,410,411,0.00,0.00,0,0
1471910695,s1-eth1,1216165.88,27440.56,1243606.38,27468,1217382,410.59,411.59,822.18,412,411,0.00,0.00,0,0
1471910695,s3,0.00,0.00,0.00,0,0,0.00,0.00,0.00,0,0,0.00,0.00,0,0
1471910695,s2-eth2,1216165.88,27374.63,1243540.50,27402,1217382,410.59,410.59,821.18,411,411,0.00,0.00,0,0
1471910695,s2-eth1,27440.56,1216165.88,1243606.38,1217382,27468,411.59,410.59,822.18,411,412,0.00,0.00,0,0
1471910695,lo,651.35,651.35,1302.70,652,652,5.99,5.99,11.99,6,6,0.00,0.00,0,0
1471910695,s4,0.00,0.00,0.00,0,0,0.00,0.00,0.00,0,0,0.00,0.00,0,0
1471910695,s3-eth2,1213206.88,27098.90,1240305.75,27126,1214420,409.59,410.59,820.18,411,410,0.00,0.00,0,0
1471910695,s3-eth1,27374.63,1216165.88,1243540.50,1217382,27402,410.59,410.59,821.18,411,411,0.00,0.00,0,0
1471910695,total,3728379.75,3728787.25,7457167.00,3732516,3732108,2469.53,2471.53,4941.06,2474,2472,0.00,0.00,0,0
1471910696,s5,0.00,0.00,0.00,0,0,0.00,0.00,0.00,0,0,0.00,0.00,0,0
1471910696,s1,0.00,0.00,0.00,0,0,0.00,0.00,0.00,0,0,0.00,0.00,0,0
1471910696,eth0,0.00,0.00,0.00,0,0,0.00,0.00,0.00,0,0,0.00,0.00,0,0
1471910696,s2,0.00,0.00,0.00,0,0,0.00,0.00,0.00,0,0,0.00,0.00,0,0
1471910696,s1-eth2,27126.00,1217382.00,1244508.00,1217382,27126,411.00,411.00,822.00,411,411,0.00,0.00,0,0
1471910696,s1-eth1,1217382.00,27060.00,1244442.00,27060,1217382,411.00,410.00,821.00,410,411,0.00,0.00,0,0
1471910696,s3,0.00,0.00,0.00,0,0,0.00,0.00,0.00,0,0,0.00,0.00,0,0
1471910696,s2-eth2,1217382.00,27126.00,1244508.00,27126,1217382,411.00,411.00,822.00,411,411,0.00,0.00,0,0
1471910696,s2-eth1,27060.00,1217382.00,1244442.00,1217382,27060,410.00,411.00,821.00,411,410,0.00,0.00,0,0
1471910696,lo,344.00,344.00,688.00,344,344,6.00,6.00,12.00,6,6,0.00,0.00,0,0
1471910696,s4,0.00,0.00,0.00,0,0,0.00,0.00,0.00,0,0,0.00,0.00,0,0
1471910696,s3-eth2,1217724.00,27060.00,1244784.00,27060,1217724,412.00,410.00,822.00,410,412,0.00,0.00,0,0
1471910696,s3-eth1,27126.00,1217382.00,1244508.00,1217382,27126,411.00,411.00,822.00,411,411,0.00,0.00,0,0
1471910696,total,3734144.00,3733736.00,7467880.00,3733736,3734144,2472.00,2470.00,4942.00,2470,2472,0.00,0.00,0,0
1471910697,s5,0.00,0.00,0.00,0,0,0.00,0.00,0.00,0,0,0.00,0.00,0,0
1471910697,s1,0.00,107.00,107.00,107,0,0.00,1.00,1.00,1,0,0.00,0.00,0,0
1471910697,eth0,0.00,0.00,0.00,0,0,0.00,0.00,0.00,0,0,0.00,0.00,0,0
1471910697,s2,0.00,0.00,0.00,0,0,0.00,0.00,0.00,0,0,0.00,0.00,0,0
1471910697,s1-eth2,27035.00,1211458.00,1238493.00,1211458,27035,409.00,409.00,818.00,409,409,0.00,0.00,0,0
1471910697,s1-eth1,1208496.00,27101.00,1235597.00,27101,1208496,408.00,410.00,818.00,410,408,0.00,0.00,0,0
1471910697,s3,0.00,107.00,107.00,107,0,0.00,1.00,1.00,1,0,0.00,0.00,0,0
1471910697,s2-eth2,1211565.00,26928.00,1238493.00,26928,1211565,410.00,408.00,818.00,408,410,0.00,0.00,0,0
1471910697,s2-eth1,27101.00,1208496.00,1235597.00,1208496,27101,410.00,408.00,818.00,408,410,0.00,0.00,0,0
1471910697,lo,610.00,610.00,1220.00,610,610,6.00,6.00,12.00,6,6,0.00,0.00,0,0
1471910697,s4,0.00,0.00,0.00,0,0,0.00,0.00,0.00,0,0,0.00,0.00,0,0
1471910697,s3-eth2,1208603.00,26994.00,1235597.00,26994,1208603,409.00,409.00,818.00,409,409,0.00,0.00,0,0
1471910697,s3-eth1,26928.00,1211565.00,1238493.00,1211565,26928,408.00,410.00,818.00,410,408,0.00,0.00,0,0
1471910697,total,3710338.00,3713366.00,7423704.00,3713366,3710338,2460.00,2462.00,4922.00,2462,2460,0.00,0.00,0,0
1471910698,s5,0.00,0.00,0.00,0,0,0.00,0.00,0.00,0,0,0.00,0.00,0,0
1471910698,s1,0.00,107.00,107.00,107,0,0.00,1.00,1.00,1,0,0.00,0.00,0,0
1471910698,eth0,0.00,0.00,0.00,0,0,0.00,0.00,0.00,0,0,0.00,0.00,0,0
1471910698,s2,0.00,214.00,214.00,214,0,0.00,2.00,2.00,2,0,0.00,0.00,0,0
1471910698,s1-eth2,27406.00,1220344.00,1247750.00,1220344,27406,414.00,412.00,826.00,412,414,0.00,0.00,0,0
1471910698,s1-eth1,1220451.00,27299.00,1247750.00,27299,1220451,413.00,413.00,826.00,413,413,0.00,0.00,0,0
1471910698,s3,0.00,107.00,107.00,107,0,0.00,1.00,1.00,1,0,0.00,0.00,0,0
1471910698,s2-eth2,1220451.00,27299.00,1247750.00,27299,1220451,413.00,413.00,826.00,413,413,0.00,0.00,0,0
1471910698,s2-eth1,27299.00,1220451.00,1247750.00,1220451,27299,413.00,413.00,826.00,413,413,0.00,0.00,0,0
1471910698,lo,1220.00,1220.00,2440.00,1220,1220,12.00,12.00,24.00,12,12,0.00,0.00,0,0
1471910698,s4,0.00,0.00,0.00,0,0,0.00,0.00,0.00,0,0,0.00,0.00,0,0
1471910698,s3-eth2,1220558.00,27126.00,1247684.00,27126,1220558,414.00,411.00,825.00,411,414,0.00,0.00,0,0
1471910698,s3-eth1,27299.00,1220451.00,1247750.00,1220451,27299,413.00,413.00,826.00,413,413,0.00,0.00,0,0
1471910698,total,3744684.00,3744618.00,7489302.00,3744618,3744684,2492.00,2491.00,4983.00,2491,2492,0.00,0.00,0,0
1471910699,s5,0.00,0.00,0.00,0,0,0.00,0.00,0.00,0,0,0.00,0.00,0,0
1471910699,s1,0.00,0.00,0.00,0,0,0.00,0.00,0.00,0,0,0.00,0.00,0,0
1471910699,eth0,0.00,0.00,0.00,0,0,0.00,0.00,0.00,0,0,0.00,0.00,0,0
1471910699,s2,0.00,0.00,0.00,0,0,0.00,0.00,0.00,0,0,0.00,0.00,0,0
1471910699,s1-eth2,27126.00,1217382.00,1244508.00,1217382,27126,411.00,411.00,822.00,411,411,0.00,0.00,0,0
1471910699,s1-eth1,1217382.00,27060.00,1244442.00,27060,1217382,411.00,410.00,821.00,410,411,0.00,0.00,0,0
1471910699,s3,0.00,0.00,0.00,0,0,0.00,0.00,0.00,0,0,0.00,0.00,0,0
1471910699,s2-eth2,1217382.00,27126.00,1244508.00,27126,1217382,411.00,411.00,822.00,411,411,0.00,0.00,0,0
1471910699,s2-eth1,27060.00,1217382.00,1244442.00,1217382,27060,410.00,411.00,821.00,411,410,0.00,0.00,0,0
1471910699,lo,0.00,0.00,0.00,0,0,0.00,0.00,0.00,0,0,0.00,0.00,0,0
1471910699,s4,0.00,0.00,0.00,0,0,0.00,0.00,0.00,0,0,0.00,0.00,0,0
1471910699,s3-eth2,1217382.00,27126.00,1244508.00,27126,1217382,411.00,411.00,822.00,411,411,0.00,0.00,0,0
1471910699,s3-eth1,27126.00,1217382.00,1244508.00,1217382,27126,411.00,411.00,822.00,411,411,0.00,0.00,0,0
1471910699,total,3733458.00,3733458.00,7466916.00,3733458,3733458,2465.00,2465.00,4930.00,2465,2465,0.00,0.00,0,0
1471910700,s5,0.00,0.00,0.00,0,0,0.00,0.00,0.00,0,0,0.00,0.00,0,0
1471910700,s1,0.00,342.00,342.00,342,0,0.00,1.00,1.00,1,0,0.00,0.00,0,0
1471910700,eth0,0.00,0.00,0.00,0,0,0.00,0.00,0.00,0,0,0.00,0.00,0,0
1471910700,s2,0.00,0.00,0.00,0,0,0.00,0.00,0.00,0,0,0.00,0.00,0,0
1471910700,s1-eth2,27336.00,1211458.00,1238794.00,1211458,27336,410.00,409.00,819.00,409,410,0.00,0.00,0,0
1471910700,s1-eth1,1211458.00,27402.00,1238860.00,27402,1211458,409.00,411.00,820.00,411,409,0.00,0.00,0,0
1471910700,s3,0.00,0.00,0.00,0,0,0.00,0.00,0.00,0,0,0.00,0.00,0,0
1471910700,s2-eth2,1211458.00,26994.00,1238452.00,26994,1211458,409.00,409.00,818.00,409,409,0.00,0.00,0,0
1471910700,s2-eth1,27402.00,1211458.00,1238860.00,1211458,27402,411.00,409.00,820.00,409,411,0.00,0.00,0,0
1471910700,lo,326.00,326.00,652.00,326,326,3.00,3.00,6.00,3,3,0.00,0.00,0,0
1471910700,s4,0.00,0.00,0.00,0,0,0.00,0.00,0.00,0,0,0.00,0.00,0,0
1471910700,s3-eth2,1211458.00,27060.00,1238518.00,27060,1211458,409.00,410.00,819.00,410,409,0.00,0.00,0,0
1471910700,s3-eth1,26994.00,1211458.00,1238452.00,1211458,26994,409.00,409.00,818.00,409,409,0.00,0.00,0,0
1471910700,total,3716432.00,3716498.00,7432930.00,3716498,3716432,2460.00,2461.00,4921.00,2461,2460,0.00,0.00,0,0
1471910701,s5,0.00,0.00,0.00,0,0,0.00,0.00,0.00,0,0,0.00,0.00,0,0
1471910701,s1,0.00,0.00,0.00,0,0,0.00,0.00,0.00,0,0,0.00,0.00,0,0
1471910701,eth0,0.00,0.00,0.00,0,0,0.00,0.00,0.00,0,0,0.00,0.00,0,0
1471910701,s2,0.00,342.00,342.00,342,0,0.00,1.00,1.00,1,0,0.00,0.00,0,0
1471910701,s1-eth2,27468.00,1220344.00,1247812.00,1220344,27468,412.00,412.00,824.00,412,412,0.00,0.00,0,0
1471910701,s1-eth1,1220686.00,27126.00,1247812.00,27126,1220686,413.00,411.00,824.00,411,413,0.00,0.00,0,0
1471910701,s3,0.00,342.00,342.00,342,0,0.00,1.00,1.00,1,0,0.00,0.00,0,0
1471910701,s2-eth2,1217724.00,27126.00,1244850.00,27126,1217724,412.00,411.00,823.00,411,412,0.00,0.00,0,0
1471910701,s2-eth1,27126.00,1220686.00,1247812.00,1220686,27126,411.00,413.00,824.00,413,411,0.00,0.00,0,0
1471910701,lo,996.00,996.00,1992.00,996,996,12.00,12.00,24.00,12,12,0.00,0.00,0,0
1471910701,s4,0.00,0.00,0.00,0,0,0.00,0.00,0.00,0,0,0.00,0.00,0,0
1471910701,s3-eth2,1217724.00,27060.00,1244784.00,27060,1217724,412.00,410.00,822.00,410,412,0.00,0.00,0,0
1471910701,s3-eth1,27126.00,1217724.00,1244850.00,1217724,27126,411.00,412.00,823.00,412,411,0.00,0.00,0,0
1471910701,total,3738850.00,3741746.00,7480596.00,3741746,3738850,2483.00,2483.00,4966.00,2483,2483,0.00,0.00,0,0
1471910702,s5,0.00,0.00,0.00,0,0,0.00,0.00,0.00,0,0,0.00,0.00,0,0
1471910702,s1,0.00,0.00,0.00,0,0,0.00,0.00,0.00,0,0,0.00,0.00,0,0
1471910702,eth0,0.00,0.00,0.00,0,0,0.00,0.00,0.00,0,0,0.00,0.00,0,0
1471910702,s2,0.00,0.00,0.00,0,0,0.00,0.00,0.00,0,0,0.00,0.00,0,0
1471910702,s1-eth2,27126.00,1222002.00,1249128.00,1222002,27126,411.00,481.00,892.00,481,411,0.00,0.00,0,0
1471910702,s1-eth1,1217822.25,27098.90,1244921.12,27126,1219040,479.52,410.59,890.11,411,480,0.00,0.00,0,0
1471910702,s3,0.00,0.00,0.00,0,0,0.00,0.00,0.00,0,0,0.00,0.00,0,0
1471910702,s2-eth2,1220781.25,27098.90,1247880.12,27126,1222002,480.52,410.59,891.11,411,481,0.00,0.00,0,0
1471910702,s2-eth1,27098.90,1217822.25,1244921.12,1219040,27126,410.59,479.52,890.11,480,411,0.00,0.00,0,0
1471910702,lo,0.00,0.00,0.00,0,0,0.00,0.00,0.00,0,0,0.00,0.00,0,0
1471910702,s4,0.00,0.00,0.00,0,0,0.00,0.00,0.00,0,0,0.00,0.00,0,0
1471910702,s3-eth2,1220781.25,27164.84,1247946.12,27192,1222002,480.52,411.59,892.11,412,481,0.00,0.00,0,0
1471910702,s3-eth1,27098.90,1220781.25,1247880.12,1222002,27126,410.59,480.52,891.11,481,411,0.00,0.00,0,0
1471910702,total,3740681.50,3740747.25,7481429.00,3744488,3744422,2672.33,2673.33,5345.65,2676,2675,0.00,0.00,0,0
1471910703,s5,0.00,0.00,0.00,0,0,0.00,0.00,0.00,0,0,0.00,0.00,0,0
1471910703,s1,0.00,0.00,0.00,0,0,0.00,0.00,0.00,0,0,0.00,0.00,0,0
1471910703,eth0,0.00,0.00,0.00,0,0,0.00,0.00,0.00,0,0,0.00,0.00,0,0
1471910703,s2,0.00,0.00,0.00,0,0,0.00,0.00,0.00,0,0,0.00,0.00,0,0
1471910703,s1-eth2,27192.00,1220344.00,1247536.00,1220344,27192,412.00,412.00,824.00,412,412,0.00,0.00,0,0
1471910703,s1-eth1,1220344.00,27192.00,1247536.00,27192,1220344,412.00,412.00,824.00,412,412,0.00,0.00,0,0
1471910703,s3,0.00,0.00,0.00,0,0,0.00,0.00,0.00,0,0,0.00,0.00,0,0
1471910703,s2-eth2,1220344.00,27192.00,1247536.00,27192,1220344,412.00,412.00,824.00,412,412,0.00,0.00,0,0
1471910703,s2-eth1,27192.00,1220344.00,1247536.00,1220344,27192,412.00,412.00,824.00,412,412,0.00,0.00,0,0
1471910703,lo,0.00,0.00,0.00,0,0,0.00,0.00,0.00,0,0,0.00,0.00,0,0
1471910703,s4,0.00,0.00,0.00,0,0,0.00,0.00,0.00,0,0,0.00,0.00,0,0
1471910703,s3-eth2,1220344.00,27126.00,1247470.00,27126,1220344,412.00,411.00,823.00,411,412,0.00,0.00,0,0
1471910703,s3-eth1,27192.00,1220344.00,1247536.00,1220344,27192,412.00,412.00,824.00,412,412,0.00,0.00,0,0
1471910703,total,3742608.00,3742542.00,7485150.00,3742542,3742608,2472.00,2471.00,4943.00,2471,2472,0.00,0.00,0,0
1471910704,s5,0.00,0.00,0.00,0,0,0.00,0.00,0.00,0,0,0.00,0.00,0,0
1471910704,s1,0.00,0.00,0.00,0,0,0.00,0.00,0.00,0,0,0.00,0.00,0,0
1471910704,eth0,0.00,0.00,0.00,0,0,0.00,0.00,0.00,0,0,0.00,0.00,0,0
1471910704,s2,0.00,0.00,0.00,0,0,0.00,0.00,0.00,0,0,0.00,0.00,0,0
1471910704,s1-eth2,26994.00,1211458.00,1238452.00,1211458,26994,409.00,409.00,818.00,409,409,0.00,0.00,0,0
1471910704,s1-eth1,1211458.00,26994.00,1238452.00,26994,1211458,409.00,409.00,818.00,409,409,0.00,0.00,0,0
1471910704,s3,0.00,0.00,0.00,0,0,0.00,0.00,0.00,0,0,0.00,0.00,0,0
1471910704,s2-eth2,1211458.00,26994.00,1238452.00,26994,1211458,409.00,409.00,818.00,409,409,0.00,0.00,0,0
1471910704,s2-eth1,26994.00,1211458.00,1238452.00,1211458,26994,409.00,409.00,818.00,409,409,0.00,0.00,0,0
1471910704,lo,172.00,172.00,344.00,172,172,3.00,3.00,6.00,3,3,0.00,0.00,0,0
1471910704,s4,0.00,0.00,0.00,0,0,0.00,0.00,0.00,0,0,0.00,0.00,0,0
1471910704,s3-eth2,1211458.00,26994.00,1238452.00,26994,1211458,409.00,409.00,818.00,409,409,0.00,0.00,0,0
1471910704,s3-eth1,26994.00,1211458.00,1238452.00,1211458,26994,409.00,409.00,818.00,409,409,0.00,0.00,0,0
1471910704,total,3715528.00,3715528.00,7431056.00,3715528,3715528,2457.00,2457.00,4914.00,2457,2457,0.00,0.00,0,0
1471910705,s5,0.00,0.00,0.00,0,0,0.00,0.00,0.00,0,0,0.00,0.00,0,0
1471910705,s1,0.00,342.00,342.00,342,0,0.00,1.00,1.00,1,0,0.00,0.00,0,0
1471910705,eth0,0.00,0.00,0.00,0,0,0.00,0.00,0.00,0,0,0.00,0.00,0,0
1471910705,s2,0.00,342.00,342.00,342,0,0.00,1.00,1.00,1,0,0.00,0.00,0,0
1471910705,s1-eth2,27534.00,1217382.00,1244916.00,1217382,27534,413.00,411.00,824.00,411,413,0.00,0.00,0,0
1471910705,s1-eth1,1217382.00,27468.00,1244850.00,27468,1217382,411.00,412.00,823.00,412,411,0.00,0.00,0,0
1471910705,s3,0.00,0.00,0.00,0,0,0.00,0.00,0.00,0,0,0.00,0.00,0,0
1471910705,s2-eth2,1217382.00,27468.00,1244850.00,27468,1217382,411.00,412.00,823.00,412,411,0.00,0.00,0,0
1471910705,s2-eth1,27468.00,1217382.00,1244850.00,1217382,27468,412.00,411.00,823.00,411,412,0.00,0.00,0,0
1471910705,lo,824.00,824.00,1648.00,824,824,9.00,9.00,18.00,9,9,0.00,0.00,0,0
1471910705,s4,0.00,0.00,0.00,0,0,0.00,0.00,0.00,0,0,0.00,0.00,0,0
1471910705,s3-eth2,1217382.00,27192.00,1244574.00,27192,1217382,411.00,412.00,823.00,412,411,0.00,0.00,0,0
1471910705,s3-eth1,27468.00,1217382.00,1244850.00,1217382,27468,412.00,411.00,823.00,411,412,0.00,0.00,0,0
1471910705,total,3735440.00,3735782.00,7471222.00,3735782,3735440,2479.00,2480.00,4959.00,2480,2479,0.00,0.00,0,0
1471910706,s5,0.00,0.00,0.00,0,0,0.00,0.00,0.00,0,0,0.00,0.00,0,0
1471910706,s1,0.00,0.00,0.00,0,0,0.00,0.00,0.00,0,0,0.00,0.00,0,0
1471910706,eth0,0.00,0.00,0.00,0,0,0.00,0.00,0.00,0,0,0.00,0.00,0,0
1471910706,s2,0.00,0.00,0.00,0,0,0.00,0.00,0.00,0,0,0.00,0.00,0,0
1471910706,s1-eth2,26796.00,1205534.00,1232330.00,1205534,26796,406.00,407.00,813.00,407,406,0.00,0.00,0,0
1471910706,s1-eth1,1205534.00,26862.00,1232396.00,26862,1205534,407.00,407.00,814.00,407,407,0.00,0.00,0,0
1471910706,s3,0.00,0.00,0.00,0,0,0.00,0.00,0.00,0,0,0.00,0.00,0,0
1471910706,s2-eth2,1205534.00,26862.00,1232396.00,26862,1205534,407.00,407.00,814.00,407,407,0.00,0.00,0,0
1471910706,s2-eth1,26862.00,1205534.00,1232396.00,1205534,26862,407.00,407.00,814.00,407,407,0.00,0.00,0,0
1471910706,lo,344.00,344.00,688.00,344,344,6.00,6.00,12.00,6,6,0.00,0.00,0,0
1471910706,s4,0.00,0.00,0.00,0,0,0.00,0.00,0.00,0,0,0.00,0.00,0,0
1471910706,s3-eth2,1205534.00,26862.00,1232396.00,26862,1205534,407.00,407.00,814.00,407,407,0.00,0.00,0,0
1471910706,s3-eth1,26862.00,1205534.00,1232396.00,1205534,26862,407.00,407.00,814.00,407,407,0.00,0.00,0,0
1471910706,total,3697466.00,3697532.00,7394998.00,3697532,3697466,2447.00,2448.00,4895.00,2448,2447,0.00,0.00,0,0
1471910707,s5,0.00,0.00,0.00,0,0,0.00,0.00,0.00,0,0,0.00,0.00,0,0
1471910707,s1,0.00,0.00,0.00,0,0,0.00,0.00,0.00,0,0,0.00,0.00,0,0
1471910707,eth0,0.00,0.00,0.00,0,0,0.00,0.00,0.00,0,0,0.00,0.00,0,0
1471910707,s2,0.00,0.00,0.00,0,0,0.00,0.00,0.00,0,0,0.00,0.00,0,0
1471910707,s1-eth2,27258.00,1223306.00,1250564.00,1223306,27258,413.00,413.00,826.00,413,413,0.00,0.00,0,0
1471910707,s1-eth1,1223306.00,27258.00,1250564.00,27258,1223306,413.00,413.00,826.00,413,413,0.00,0.00,0,0
1471910707,s3,0.00,342.00,342.00,342,0,0.00,1.00,1.00,1,0,0.00,0.00,0,0
1471910707,s2-eth2,1223648.00,27258.00,1250906.00,27258,1223648,414.00,413.00,827.00,413,414,0.00,0.00,0,0
1471910707,s2-eth1,27258.00,1223306.00,1250564.00,1223306,27258,413.00,413.00,826.00,413,413,0.00,0.00,0,0
1471910707,lo,326.00,326.00,652.00,326,326,3.00,3.00,6.00,3,3,0.00,0.00,0,0
1471910707,s4,0.00,0.00,0.00,0,0,0.00,0.00,0.00,0,0,0.00,0.00,0,0
1471910707,s3-eth2,1223648.00,27258.00,1250906.00,27258,1223648,414.00,413.00,827.00,413,414,0.00,0.00,0,0
1471910707,s3-eth1,27258.00,1223648.00,1250906.00,1223648,27258,413.00,414.00,827.00,414,413,0.00,0.00,0,0
1471910707,total,3752702.00,3752702.00,7505404.00,3752702,3752702,2483.00,2483.00,4966.00,2483,2483,0.00,0.00,0,0
1471910708,s5,0.00,0.00,0.00,0,0,0.00,0.00,0.00,0,0,0.00,0.00,0,0
1471910708,s1,0.00,342.00,342.00,342,0,0.00,1.00,1.00,1,0,0.00,0.00,0,0
1471910708,eth0,0.00,0.00,0.00,0,0,0.00,0.00,0.00,0,0,0.00,0.00,0,0
1471910708,s2,0.00,0.00,0.00,0,0,0.00,0.00,0.00,0,0,0.00,0.00,0,0
1471910708,s1-eth2,27270.00,1208496.00,1235766.00,1208496,27270,409.00,408.00,817.00,408,409,0.00,0.00,0,0
1471910708,s1-eth1,1208496.00,27204.00,1235700.00,27204,1208496,408.00,408.00,816.00,408,408,0.00,0.00,0,0
1471910708,s3,0.00,0.00,0.00,0,0,0.00,0.00,0.00,0,0,0.00,0.00,0,0
1471910708,s2-eth2,1208496.00,26928.00,1235424.00,26928,1208496,408.00,408.00,816.00,408,408,0.00,0.00,0,0
1471910708,s2-eth1,27204.00,1208496.00,1235700.00,1208496,27204,408.00,408.00,816.00,408,408,0.00,0.00,0,0
1471910708,lo,326.00,326.00,652.00,326,326,3.00,3.00,6.00,3,3,0.00,0.00,0,0
1471910708,s4,0.00,0.00,0.00,0,0,0.00,0.00,0.00,0,0,0.00,0.00,0,0
1471910708,s3-eth2,1208496.00,26862.00,1235358.00,26862,1208496,408.00,407.00,815.00,407,408,0.00,0.00,0,0
1471910708,s3-eth1,26928.00,1208496.00,1235424.00,1208496,26928,408.00,408.00,816.00,408,408,0.00,0.00,0,0
1471910708,total,3707216.00,3707150.00,7414366.00,3707150,3707216,2452.00,2451.00,4903.00,2451,2452,0.00,0.00,0,0
1471910709,s5,0.00,0.00,0.00,0,0,0.00,0.00,0.00,0,0,0.00,0.00,0,0
1471910709,s1,0.00,0.00,0.00,0,0,0.00,0.00,0.00,0,0,0.00,0.00,0,0
1471910709,eth0,0.00,0.00,0.00,0,0,0.00,0.00,0.00,0,0,0.00,0.00,0,0
1471910709,s2,0.00,342.00,342.00,342,0,0.00,1.00,1.00,1,0,0.00,0.00,0,0
1471910709,s1-eth2,27258.00,1223306.00,1250564.00,1223306,27258,413.00,413.00,826.00,413,413,0.00,0.00,0,0
1471910709,s1-eth1,1223648.00,27258.00,1250906.00,27258,1223648,414.00,413.00,827.00,413,414,0.00,0.00,0,0
1471910709,s3,0.00,342.00,342.00,342,0,0.00,1.00,1.00,1,0,0.00,0.00,0,0
1471910709,s2-eth2,1220686.00,27192.00,1247878.00,27192,1220686,413.00,412.00,825.00,412,413,0.00,0.00,0,0
1471910709,s2-eth1,27258.00,1223648.00,1250906.00,1223648,27258,413.00,414.00,827.00,414,413,0.00,0.00,0,0
1471910709,lo,652.00,652.00,1304.00,652,652,6.00,6.00,12.00,6,6,0.00,0.00,0,0
1471910709,s4,0.00,0.00,0.00,0,0,0.00,0.00,0.00,0,0,0.00,0.00,0,0
1471910709,s3-eth2,1221028.00,27258.00,1248286.00,27258,1221028,414.00,413.00,827.00,413,414,0.00,0.00,0,0
1471910709,s3-eth1,27192.00,1220686.00,1247878.00,1220686,27192,412.00,413.00,825.00,413,412,0.00,0.00,0,0
1471910709,total,3747722.00,3750684.00,7498406.00,3750684,3747722,2485.00,2486.00,4971.00,2486,2485,0.00,0.00,0,0
1471910710,s5,0.00,0.00,0.00,0,0,0.00,0.00,0.00,0,0,0.00,0.00,0,0
1471910710,s1,0.00,0.00,0.00,0,0,0.00,0.00,0.00,0,0,0.00,0.00,0,0
1471910710,eth0,0.00,0.00,0.00,0,0,0.00,0.00,0.00,0,0,0.00,0.00,0,0
1471910710,s2,0.00,0.00,0.00,0,0,0.00,0.00,0.00,0,0,0.00,0.00,0,0
1471910710,s1-eth2,27060.00,1214420.00,1241480.00,1214420,27060,410.00,410.00,820.00,410,410,0.00,0.00,0,0
1471910710,s1-eth1,1214420.00,27126.00,1241546.00,27126,1214420,410.00,411.00,821.00,411,410,0.00,0.00,0,0
1471910710,s3,0.00,0.00,0.00,0,0,0.00,0.00,0.00,0,0,0.00,0.00,0,0
1471910710,s2-eth2,1217382.00,27126.00,1244508.00,27126,1217382,411.00,411.00,822.00,411,411,0.00,0.00,0,0
1471910710,s2-eth1,27126.00,1214420.00,1241546.00,1214420,27126,411.00,410.00,821.00,410,411,0.00,0.00,0,0
1471910710,lo,0.00,0.00,0.00,0,0,0.00,0.00,0.00,0,0,0.00,0.00,0,0
1471910710,s4,0.00,0.00,0.00,0,0,0.00,0.00,0.00,0,0,0.00,0.00,0,0
1471910710,s3-eth2,1217382.00,27060.00,1244442.00,27060,1217382,411.00,410.00,821.00,410,411,0.00,0.00,0,0
1471910710,s3-eth1,27126.00,1217382.00,1244508.00,1217382,27126,411.00,411.00,822.00,411,411,0.00,0.00,0,0
1471910710,total,3730496.00,3727534.00,7458030.00,3727534,3730496,2464.00,2463.00,4927.00,2463,2464,0.00,0.00,0,0
1471910711,s5,0.00,0.00,0.00,0,0,0.00,0.00,0.00,0,0,0.00,0.00,0,0
1471910711,s1,0.00,0.00,0.00,0,0,0.00,0.00,0.00,0,0,0.00,0.00,0,0
1471910711,eth0,0.00,0.00,0.00,0,0,0.00,0.00,0.00,0,0,0.00,0.00,0,0
1471910711,s2,0.00,0.00,0.00,0,0,0.00,0.00,0.00,0,0,0.00,0.00,0,0
1471910711,s1-eth2,27126.00,1225162.00,1252288.00,1225162,27126,411.00,485.00,896.00,485,411,0.00,0.00,0,0
1471910711,s1-eth1,1225162.00,27126.00,1252288.00,27126,1225162,485.00,411.00,896.00,411,485,0.00,0.00,0,0
1471910711,s3,0.00,0.00,0.00,0,0,0.00,0.00,0.00,0,0,0.00,0.00,0,0
1471910711,s2-eth2,1225162.00,27126.00,1252288.00,27126,1225162,485.00,411.00,896.00,411,485,0.00,0.00,0,0
1471910711,s2-eth1,27126.00,1225162.00,1252288.00,1225162,27126,411.00,485.00,896.00,485,411,0.00,0.00,0,0
1471910711,lo,344.00,344.00,688.00,344,344,6.00,6.00,12.00,6,6,0.00,0.00,0,0
1471910711,s4,0.00,0.00,0.00,0,0,0.00,0.00,0.00,0,0,0.00,0.00,0,0
1471910711,s3-eth2,1222200.00,27192.00,1249392.00,27192,1222200,484.00,412.00,896.00,412,484,0.00,0.00,0,0
1471910711,s3-eth1,27126.00,1225162.00,1252288.00,1225162,27126,411.00,485.00,896.00,485,411,0.00,0.00,0,0
1471910711,total,3754246.00,3757274.00,7511520.00,3757274,3754246,2693.00,2695.00,5388.00,2695,2693,0.00,0.00,0,0
1471910712,s5,0.00,0.00,0.00,0,0,0.00,0.00,0.00,0,0,0.00,0.00,0,0
1471910712,s1,0.00,0.00,0.00,0,0,0.00,0.00,0.00,0,0,0.00,0.00,0,0
1471910712,eth0,0.00,0.00,0.00,0,0,0.00,0.00,0.00,0,0,0.00,0.00,0,0
1471910712,s2,0.00,0.00,0.00,0,0,0.00,0.00,0.00,0,0,0.00,0.00,0,0
1471910712,s1-eth2,27036.00,1208538.00,1235574.00,1208538,27036,410.00,409.00,819.00,409,410,0.00,0.00,0,0
1471910712,s1-eth1,1208538.00,26970.00,1235508.00,26970,1208538,409.00,409.00,818.00,409,409,0.00,0.00,0,0
1471910712,s3,0.00,0.00,0.00,0,0,0.00,0.00,0.00,0,0,0.00,0.00,0,0
1471910712,s2-eth2,1208538.00,27036.00,1235574.00,27036,1208538,409.00,410.00,819.00,410,409,0.00,0.00,0,0
1471910712,s2-eth1,26970.00,1208538.00,1235508.00,1208538,26970,409.00,409.00,818.00,409,409,0.00,0.00,0,0
1471910712,lo,888.00,888.00,1776.00,888,888,9.00,9.00,18.00,9,9,0.00,0.00,0,0
1471910712,s4,0.00,0.00,0.00,0,0,0.00,0.00,0.00,0,0,0.00,0.00,0,0
1471910712,s3-eth2,1211500.00,26970.00,1238470.00,26970,1211500,410.00,409.00,819.00,409,410,0.00,0.00,0,0
1471910712,s3-eth1,27036.00,1208538.00,1235574.00,1208538,27036,410.00,409.00,819.00,409,410,0.00,0.00,0,0
1471910712,total,3710506.00,3707478.00,7417984.00,3707478,3710506,2466.00,2464.00,4930.00,2464,2466,0.00,0.00,0,0
1471910713,s5,0.00,0.00,0.00,0,0,0.00,0.00,0.00,0,0,0.00,0.00,0,0
1471910713,s1,0.00,107.00,107.00,107,0,0.00,1.00,1.00,1,0,0.00,0.00,0,0
1471910713,eth0,0.00,0.00,0.00,0,0,0.00,0.00,0.00,0,0,0.00,0.00,0,0
1471910713,s2,0.00,0.00,0.00,0,0,0.00,0.00,0.00,0,0,0.00,0.00,0,0
1471910713,s1-eth2,27641.00,1220344.00,1247985.00,1220344,27641,414.00,412.00,826.00,412,414,0.00,0.00,0,0
1471910713,s1-eth1,1220344.00,27365.00,1247709.00,27365,1220344,412.00,414.00,826.00,414,412,0.00,0.00,0,0
1471910713,s3,0.00,107.00,107.00,107,0,0.00,1.00,1.00,1,0,0.00,0.00,0,0
1471910713,s2-eth2,1220451.00,27192.00,1247643.00,27192,1220451,413.00,412.00,825.00,412,413,0.00,0.00,0,0
1471910713,s2-eth1,27365.00,1220344.00,1247709.00,1220344,27365,414.00,412.00,826.00,412,414,0.00,0.00,0,0
1471910713,lo,610.00,610.00,1220.00,610,610,6.00,6.00,12.00,6,6,0.00,0.00,0,0
1471910713,s4,0.00,0.00,0.00,0,0,0.00,0.00,0.00,0,0,0.00,0.00,0,0
1471910713,s3-eth2,1220451.00,27258.00,1247709.00,27258,1220451,413.00,413.00,826.00,413,413,0.00,0.00,0,0
1471910713,s3-eth1,27192.00,1220451.00,1247643.00,1220451,27192,412.00,413.00,825.00,413,412,0.00,0.00,0,0
1471910713,total,3744054.00,3743778.00,7487832.00,3743778,3744054,2484.00,2484.00,4968.00,2484,2484,0.00,0.00,0,0
1471910714,s5,0.00,0.00,0.00,0,0,0.00,0.00,0.00,0,0,0.00,0.00,0,0
1471910714,s1,0.00,107.00,107.00,107,0,0.00,1.00,1.00,1,0,0.00,0.00,0,0
1471910714,eth0,0.00,0.00,0.00,0,0,0.00,0.00,0.00,0,0,0.00,0.00,0,0
1471910714,s2,0.00,214.00,214.00,214,0,0.00,2.00,2.00,2,0,0.00,0.00,0,0
1471910714,s1-eth2,27340.00,1220344.00,1247684.00,1220344,27340,413.00,412.00,825.00,412,413,0.00,0.00,0,0
1471910714,s1-eth1,1217489.00,27167.00,1244656.00,27167,1217489,412.00,411.00,823.00,411,412,0.00,0.00,0,0
1471910714,s3,0.00,107.00,107.00,107,0,0.00,1.00,1.00,1,0,0.00,0.00,0,0
1471910714,s2-eth2,1217489.00,27233.00,1244722.00,27233,1217489,412.00,412.00,824.00,412,412,0.00,0.00,0,0
1471910714,s2-eth1,27167.00,1217489.00,1244656.00,1217489,27167,411.00,412.00,823.00,412,411,0.00,0.00,0,0
1471910714,lo,1220.00,1220.00,2440.00,1220,1220,12.00,12.00,24.00,12,12,0.00,0.00,0,0
1471910714,s4,0.00,0.00,0.00,0,0,0.00,0.00,0.00,0,0,0.00,0.00,0,0
1471910714,s3-eth2,1217596.00,27060.00,1244656.00,27060,1217596,413.00,410.00,823.00,410,413,0.00,0.00,0,0
1471910714,s3-eth1,27233.00,1217489.00,1244722.00,1217489,27233,412.00,412.00,824.00,412,412,0.00,0.00,0,0
1471910714,total,3735534.00,3738430.00,7473964.00,3738430,3735534,2485.00,2485.00,4970.00,2485,2485,0.00,0.00,0,0
1471910715,s5,0.00,0.00,0.00,0,0,0.00,0.00,0.00,0,0,0.00,0.00,0,0
1471910715,s1,0.00,0.00,0.00,0,0,0.00,0.00,0.00,0,0,0.00,0.00,0,0
1471910715,eth0,0.00,0.00,0.00,0,0,0.00,0.00,0.00,0,0,0.00,0.00,0,0
1471910715,s2,0.00,0.00,0.00,0,0,0.00,0.00,0.00,0,0,0.00,0.00,0,0
1471910715,s1-eth2,27126.00,1217382.00,1244508.00,1217382,27126,411.00,411.00,822.00,411,411,0.00,0.00,0,0
1471910715,s1-eth1,1217382.00,27126.00,1244508.00,27126,1217382,411.00,411.00,822.00,411,411,0.00,0.00,0,0
1471910715,s3,0.00,342.00,342.00,342,0,0.00,1.00,1.00,1,0,0.00,0.00,0,0
1471910715,s2-eth2,1217724.00,27126.00,1244850.00,27126,1217724,412.00,411.00,823.00,411,412,0.00,0.00,0,0
1471910715,s2-eth1,27126.00,1217382.00,1244508.00,1217382,27126,411.00,411.00,822.00,411,411,0.00,0.00,0,0
1471910715,lo,326.00,326.00,652.00,326,326,3.00,3.00,6.00,3,3,0.00,0.00,0,0
1471910715,s4,0.00,0.00,0.00,0,0,0.00,0.00,0.00,0,0,0.00,0.00,0,0
1471910715,s3-eth2,1217724.00,27126.00,1244850.00,27126,1217724,412.00,411.00,823.00,411,412,0.00,0.00,0,0
1471910715,s3-eth1,27126.00,1217724.00,1244850.00,1217724,27126,411.00,412.00,823.00,412,411,0.00,0.00,0,0
1471910715,total,3734534.00,3734534.00,7469068.00,3734534,3734534,2471.00,2471.00,4942.00,2471,2471,0.00,0.00,0,0
1471910716,s5,0.00,0.00,0.00,0,0,0.00,0.00,0.00,0,0,0.00,0.00,0,0
1471910716,s1,0.00,0.00,0.00,0,0,0.00,0.00,0.00,0,0,0.00,0.00,0,0
1471910716,eth0,0.00,0.00,0.00,0,0,0.00,0.00,0.00,0,0,0.00,0.00,0,0
1471910716,s2,0.00,0.00,0.00,0,0,0.00,0.00,0.00,0,0,0.00,0.00,0,0
1471910716,s1-eth2,27060.00,1211458.00,1238518.00,1211458,27060,410.00,409.00,819.00,409,410,0.00,0.00,0,0
1471910716,s1-eth1,1214420.00,27060.00,1241480.00,27060,1214420,410.00,410.00,820.00,410,410,0.00,0.00,0,0
1471910716,s3,0.00,0.00,0.00,0,0,0.00,0.00,0.00,0,0,0.00,0.00,0,0
1471910716,s2-eth2,1211458.00,27060.00,1238518.00,27060,1211458,409.00,410.00,819.00,410,409,0.00,0.00,0,0
1471910716,s2-eth1,27060.00,1214420.00,1241480.00,1214420,27060,410.00,410.00,820.00,410,410,0.00,0.00,0,0
1471910716,lo,344.00,344.00,688.00,344,344,6.00,6.00,12.00,6,6,0.00,0.00,0,0
1471910716,s4,0.00,0.00,0.00,0,0,0.00,0.00,0.00,0,0,0.00,0.00,0,0
1471910716,s3-eth2,1211458.00,27060.00,1238518.00,27060,1211458,409.00,410.00,819.00,410,409,0.00,0.00,0,0
1471910716,s3-eth1,27060.00,1211458.00,1238518.00,1211458,27060,410.00,409.00,819.00,409,410,0.00,0.00,0,0
1471910716,total,3718860.00,3718860.00,7437720.00,3718860,3718860,2464.00,2464.00,4928.00,2464,2464,0.00,0.00,0,0
1471910717,s5,0.00,0.00,0.00,0,0,0.00,0.00,0.00,0,0,0.00,0.00,0,0
1471910717,s1,0.00,0.00,0.00,0,0,0.00,0.00,0.00,0,0,0.00,0.00,0,0
1471910717,eth0,0.00,0.00,0.00,0,0,0.00,0.00,0.00,0,0,0.00,0.00,0,0
1471910717,s2,0.00,0.00,0.00,0,0,0.00,0.00,0.00,0,0,0.00,0.00,0,0
1471910717,s1-eth2,26862.00,1208496.00,1235358.00,1208496,26862,407.00,408.00,815.00,408,407,0.00,0.00,0,0
1471910717,s1-eth1,1208496.00,26928.00,1235424.00,26928,1208496,408.00,408.00,816.00,408,408,0.00,0.00,0,0
1471910717,s3,0.00,0.00,0.00,0,0,0.00,0.00,0.00,0,0,0.00,0.00,0,0
1471910717,s2-eth2,1208496.00,26862.00,1235358.00,26862,1208496,408.00,407.00,815.00,407,408,0.00,0.00,0,0
1471910717,s2-eth1,26928.00,1208496.00,1235424.00,1208496,26928,408.00,408.00,816.00,408,408,0.00,0.00,0,0
1471910717,lo,0.00,0.00,0.00,0,0,0.00,0.00,0.00,0,0,0.00,0.00,0,0
1471910717,s4,0.00,0.00,0.00,0,0,0.00,0.00,0.00,0,0,0.00,0.00,0,0
1471910717,s3-eth2,1208496.00,26928.00,1235424.00,26928,1208496,408.00,408.00,816.00,408,408,0.00,0.00,0,0
1471910717,s3-eth1,26862.00,1208496.00,1235358.00,1208496,26862,407.00,408.00,815.00,408,407,0.00,0.00,0,0
1471910717,total,3706140.00,3706206.00,7412346.00,3706206,3706140,2446.00,2447.00,4893.00,2447,2446,0.00,0.00,0,0
1471910718,s5,0.00,0.00,0.00,0,0,0.00,0.00,0.00,0,0,0.00,0.00,0,0
1471910718,s1,0.00,342.00,342.00,342,0,0.00,1.00,1.00,1,0,0.00,0.00,0,0
1471910718,eth0,0.00,0.00,0.00,0,0,0.00,0.00,0.00,0,0,0.00,0.00,0,0
1471910718,s2,0.00,0.00,0.00,0,0,0.00,0.00,0.00,0,0,0.00,0.00,0,0
1471910718,s1-eth2,27534.00,1220344.00,1247878.00,1220344,27534,413.00,412.00,825.00,412,413,0.00,0.00,0,0
1471910718,s1-eth1,1217382.00,27468.00,1244850.00,27468,1217382,411.00,412.00,823.00,412,411,0.00,0.00,0,0
1471910718,s3,0.00,0.00,0.00,0,0,0.00,0.00,0.00,0,0,0.00,0.00,0,0
1471910718,s2-eth2,1220344.00,27192.00,1247536.00,27192,1220344,412.00,412.00,824.00,412,412,0.00,0.00,0,0
1471910718,s2-eth1,27468.00,1217382.00,1244850.00,1217382,27468,412.00,411.00,823.00,411,412,0.00,0.00,0,0
1471910718,lo,498.00,498.00,996.00,498,498,6.00,6.00,12.00,6,6,0.00,0.00,0,0
1471910718,s4,0.00,0.00,0.00,0,0,0.00,0.00,0.00,0,0,0.00,0.00,0,0
1471910718,s3-eth2,1217382.00,27126.00,1244508.00,27126,1217382,411.00,411.00,822.00,411,411,0.00,0.00,0,0
1471910718,s3-eth1,27192.00,1220344.00,1247536.00,1220344,27192,412.00,412.00,824.00,412,412,0.00,0.00,0,0
1471910718,total,3737800.00,3740696.00,7478496.00,3740696,3737800,2477.00,2477.00,4954.00,2477,2477,0.00,0.00,0,0
1471910719,s5,0.00,0.00,0.00,0,0,0.00,0.00,0.00,0,0,0.00,0.00,0,0
1471910719,s1,0.00,0.00,0.00,0,0,0.00,0.00,0.00,0,0,0.00,0.00,0,0
1471910719,eth0,0.00,0.00,0.00,0,0,0.00,0.00,0.00,0,0,0.00,0.00,0,0
1471910719,s2,0.00,0.00,0.00,0,0,0.00,0.00,0.00,0,0,0.00,0.00,0,0
1471910719,s1-eth2,26928.00,1211458.00,1238386.00,1211458,26928,408.00,409.00,817.00,409,408,0.00,0.00,0,0
1471910719,s1-eth1,1211458.00,26928.00,1238386.00,26928,1211458,409.00,408.00,817.00,408,409,0.00,0.00,0,0
1471910719,s3,0.00,0.00,0.00,0,0,0.00,0.00,0.00,0,0,0.00,0.00,0,0
1471910719,s2-eth2,1208496.00,26928.00,1235424.00,26928,1208496,408.00,408.00,816.00,408,408,0.00,0.00,0,0
1471910719,s2-eth1,26928.00,1211458.00,1238386.00,1211458,26928,408.00,409.00,817.00,409,408,0.00,0.00,0,0
1471910719,lo,172.00,172.00,344.00,172,172,3.00,3.00,6.00,3,3,0.00,0.00,0,0
1471910719,s4,0.00,0.00,0.00,0,0,0.00,0.00,0.00,0,0,0.00,0.00,0,0
1471910719,s3-eth2,1211458.00,26928.00,1238386.00,26928,1211458,409.00,408.00,817.00,408,409,0.00,0.00,0,0
1471910719,s3-eth1,26928.00,1208496.00,1235424.00,1208496,26928,408.00,408.00,816.00,408,408,0.00,0.00,0,0
1471910719,total,3712368.00,3712368.00,7424736.00,3712368,3712368,2453.00,2453.00,4906.00,2453,2453,0.00,0.00,0,0
1471910720,s5,0.00,0.00,0.00,0,0,0.00,0.00,0.00,0,0,0.00,0.00,0,0
1471910720,s1,0.00,0.00,0.00,0,0,0.00,0.00,0.00,0,0,0.00,0.00,0,0
1471910720,eth0,0.00,0.00,0.00,0,0,0.00,0.00,0.00,0,0,0.00,0.00,0,0
1471910720,s2,0.00,0.00,0.00,0,0,0.00,0.00,0.00,0,0,0.00,0.00,0,0
1471910720,s1-eth2,27192.00,1217382.00,1244574.00,1217382,27192,412.00,411.00,823.00,411,412,0.00,0.00,0,0
1471910720,s1-eth1,1217382.00,27192.00,1244574.00,27192,1217382,411.00,412.00,823.00,412,411,0.00,0.00,0,0
1471910720,s3,0.00,0.00,0.00,0,0,0.00,0.00,0.00,0,0,0.00,0.00,0,0
1471910720,s2-eth2,1217382.00,27192.00,1244574.00,27192,1217382,411.00,412.00,823.00,412,411,0.00,0.00,0,0
1471910720,s2-eth1,27192.00,1217382.00,1244574.00,1217382,27192,412.00,411.00,823.00,411,412,0.00,0.00,0,0
1471910720,lo,0.00,0.00,0.00,0,0,0.00,0.00,0.00,0,0,0.00,0.00,0,0
1471910720,s4,0.00,0.00,0.00,0,0,0.00,0.00,0.00,0,0,0.00,0.00,0,0
1471910720,s3-eth2,1217382.00,27192.00,1244574.00,27192,1217382,411.00,412.00,823.00,412,411,0.00,0.00,0,0
1471910720,s3-eth1,27192.00,1217382.00,1244574.00,1217382,27192,412.00,411.00,823.00,411,412,0.00,0.00,0,0
1471910720,total,3733722.00,3733722.00,7467444.00,3733722,3733722,2469.00,2469.00,4938.00,2469,2469,0.00,0.00,0,0
1471910721,s5,0.00,0.00,0.00,0,0,0.00,0.00,0.00,0,0,0.00,0.00,0,0
1471910721,s1,0.00,0.00,0.00,0,0,0.00,0.00,0.00,0,0,0.00,0.00,0,0
1471910721,eth0,0.00,0.00,0.00,0,0,0.00,0.00,0.00,0,0,0.00,0.00,0,0
1471910721,s2,0.00,342.00,342.00,342,0,0.00,1.00,1.00,1,0,0.00,0.00,0,0
1471910721,s1-eth2,27060.00,1219304.00,1246364.00,1219304,27060,410.00,484.00,894.00,484,410,0.00,0.00,0,0
1471910721,s1-eth1,1219646.00,27060.00,1246706.00,27060,1219646,485.00,410.00,895.00,410,485,0.00,0.00,0,0
1471910721,s3,0.00,342.00,342.00,342,0,0.00,1.00,1.00,1,0,0.00,0.00,0,0
1471910721,s2-eth2,1219646.00,27060.00,1246706.00,27060,1219646,485.00,410.00,895.00,410,485,0.00,0.00,0,0
1471910721,s2-eth1,27060.00,1219646.00,1246706.00,1219646,27060,410.00,485.00,895.00,485,410,0.00,0.00,0,0
1471910721,lo,996.00,996.00,1992.00,996,996,12.00,12.00,24.00,12,12,0.00,0.00,0,0
1471910721,s4,0.00,0.00,0.00,0,0,0.00,0.00,0.00,0,0,0.00,0.00,0,0
1471910721,s3-eth2,1222608.00,27060.00,1249668.00,27060,1222608,486.00,410.00,896.00,410,486,0.00,0.00,0,0
1471910721,s3-eth1,27060.00,1219646.00,1246706.00,1219646,27060,410.00,485.00,895.00,485,410,0.00,0.00,0,0
1471910721,total,3744076.00,3741456.00,7485532.00,3741456,3744076,2698.00,2698.00,5396.00,2698,2698,0.00,0.00,0,0
1471910722,s5,0.00,0.00,0.00,0,0,0.00,0.00,0.00,0,0,0.00,0.00,0,0
1471910722,s1,0.00,342.00,342.00,342,0,0.00,1.00,1.00,1,0,0.00,0.00,0,0
1471910722,eth0,0.00,0.00,0.00,0,0,0.00,0.00,0.00,0,0,0.00,0.00,0,0
1471910722,s2,0.00,342.00,342.00,342,0,0.00,1.00,1.00,1,0,0.00,0.00,0,0
1471910722,s1-eth2,27402.00,1214420.00,1241822.00,1214420,27402,411.00,410.00,821.00,410,411,0.00,0.00,0,0
1471910722,s1-eth1,1214420.00,27468.00,1241888.00,27468,1214420,410.00,412.00,822.00,412,410,0.00,0.00,0,0
1471910722,s3,0.00,0.00,0.00,0,0,0.00,0.00,0.00,0,0,0.00,0.00,0,0
1471910722,s2-eth2,1214420.00,27402.00,1241822.00,27402,1214420,410.00,411.00,821.00,411,410,0.00,0.00,0,0
1471910722,s2-eth1,27468.00,1214420.00,1241888.00,1214420,27468,412.00,410.00,822.00,410,412,0.00,0.00,0,0
1471910722,lo,652.00,652.00,1304.00,652,652,6.00,6.00,12.00,6,6,0.00,0.00,0,0
1471910722,s4,0.00,0.00,0.00,0,0,0.00,0.00,0.00,0,0,0.00,0.00,0,0
1471910722,s3-eth2,1214420.00,27126.00,1241546.00,27126,1214420,410.00,411.00,821.00,411,410,0.00,0.00,0,0
1471910722,s3-eth1,27402.00,1214420.00,1241822.00,1214420,27402,411.00,410.00,821.00,410,411,0.00,0.00,0,0
1471910722,total,3726184.00,3726592.00,7452776.00,3726592,3726184,2470.00,2472.00,4942.00,2472,2470,0.00,0.00,0,0
1471910723,s5,0.00,0.00,0.00,0,0,0.00,0.00,0.00,0,0,0.00,0.00,0,0
1471910723,s1,0.00,0.00,0.00,0,0,0.00,0.00,0.00,0,0,0.00,0.00,0,0
1471910723,eth0,0.00,0.00,0.00,0,0,0.00,0.00,0.00,0,0,0.00,0.00,0,0
1471910723,s2,0.00,0.00,0.00,0,0,0.00,0.00,0.00,0,0,0.00,0.00,0,0
1471910723,s1-eth2,27258.00,1223306.00,1250564.00,1223306,27258,413.00,413.00,826.00,413,413,0.00,0.00,0,0
1471910723,s1-eth1,1223306.00,27258.00,1250564.00,27258,1223306,413.00,413.00,826.00,413,413,0.00,0.00,0,0
1471910723,s3,0.00,0.00,0.00,0,0,0.00,0.00,0.00,0,0,0.00,0.00,0,0
1471910723,s2-eth2,1223306.00,27258.00,1250564.00,27258,1223306,413.00,413.00,826.00,413,413,0.00,0.00,0,0
1471910723,s2-eth1,27258.00,1223306.00,1250564.00,1223306,27258,413.00,413.00,826.00,413,413,0.00,0.00,0,0
1471910723,lo,0.00,0.00,0.00,0,0,0.00,0.00,0.00,0,0,0.00,0.00,0,0
1471910723,s4,0.00,0.00,0.00,0,0,0.00,0.00,0.00,0,0,0.00,0.00,0,0
1471910723,s3-eth2,1223306.00,27192.00,1250498.00,27192,1223306,413.00,412.00,825.00,412,413,0.00,0.00,0,0
1471910723,s3-eth1,27258.00,1223306.00,1250564.00,1223306,27258,413.00,413.00,826.00,413,413,0.00,0.00,0,0
1471910723,total,3751692.00,3751626.00,7503318.00,3751626,3751692,2478.00,2477.00,4955.00,2477,2478,0.00,0.00,0,0
1471910724,s5,0.00,0.00,0.00,0,0,0.00,0.00,0.00,0,0,0.00,0.00,0,0
1471910724,s1,0.00,0.00,0.00,0,0,0.00,0.00,0.00,0,0,0.00,0.00,0,0
1471910724,eth0,0.00,0.00,0.00,0,0,0.00,0.00,0.00,0,0,0.00,0.00,0,0
1471910724,s2,0.00,0.00,0.00,0,0,0.00,0.00,0.00,0,0,0.00,0.00,0,0
1471910724,s1-eth2,27060.00,1211458.00,1238518.00,1211458,27060,410.00,409.00,819.00,409,410,0.00,0.00,0,0
1471910724,s1-eth1,1211458.00,26994.00,1238452.00,26994,1211458,409.00,409.00,818.00,409,409,0.00,0.00,0,0
1471910724,s3,0.00,342.00,342.00,342,0,0.00,1.00,1.00,1,0,0.00,0.00,0,0
1471910724,s2-eth2,1211800.00,26994.00,1238794.00,26994,1211800,410.00,409.00,819.00,409,410,0.00,0.00,0,0
1471910724,s2-eth1,26994.00,1211458.00,1238452.00,1211458,26994,409.00,409.00,818.00,409,409,0.00,0.00,0,0
1471910724,lo,326.00,326.00,652.00,326,326,3.00,3.00,6.00,3,3,0.00,0.00,0,0
1471910724,s4,0.00,0.00,0.00,0,0,0.00,0.00,0.00,0,0,0.00,0.00,0,0
1471910724,s3-eth2,1211800.00,27060.00,1238860.00,27060,1211800,410.00,410.00,820.00,410,410,0.00,0.00,0,0
1471910724,s3-eth1,26994.00,1211800.00,1238794.00,1211800,26994,409.00,410.00,819.00,410,409,0.00,0.00,0,0
1471910724,total,3716432.00,3716432.00,7432864.00,3716432,3716432,2460.00,2460.00,4920.00,2460,2460,0.00,0.00,0,0
1471910725,s5,0.00,0.00,0.00,0,0,0.00,0.00,0.00,0,0,0.00,0.00,0,0
1471910725,s1,0.00,0.00,0.00,0,0,0.00,0.00,0.00,0,0,0.00,0.00,0,0
1471910725,eth0,0.00,0.00,0.00,0,0,0.00,0.00,0.00,0,0,0.00,0.00,0,0
1471910725,s2,0.00,0.00,0.00,0,0,0.00,0.00,0.00,0,0,0.00,0.00,0,0
1471910725,s1-eth2,27192.00,1220344.00,1247536.00,1220344,27192,412.00,412.00,824.00,412,412,0.00,0.00,0,0
1471910725,s1-eth1,1220344.00,27192.00,1247536.00,27192,1220344,412.00,412.00,824.00,412,412,0.00,0.00,0,0
1471910725,s3,0.00,0.00,0.00,0,0,0.00,0.00,0.00,0,0,0.00,0.00,0,0
1471910725,s2-eth2,1220344.00,27258.00,1247602.00,27258,1220344,412.00,413.00,825.00,413,412,0.00,0.00,0,0
1471910725,s2-eth1,27192.00,1220344.00,1247536.00,1220344,27192,412.00,412.00,824.00,412,412,0.00,0.00,0,0
1471910725,lo,0.00,0.00,0.00,0,0,0.00,0.00,0.00,0,0,0.00,0.00,0,0
1471910725,s4,0.00,0.00,0.00,0,0,0.00,0.00,0.00,0,0,0.00,0.00,0,0
1471910725,s3-eth2,1220344.00,27192.00,1247536.00,27192,1220344,412.00,412.00,824.00,412,412,0.00,0.00,0,0
1471910725,s3-eth1,27258.00,1220344.00,1247602.00,1220344,27258,413.00,412.00,825.00,412,413,0.00,0.00,0,0
1471910725,total,3742674.00,3742674.00,7485348.00,3742674,3742674,2473.00,2473.00,4946.00,2473,2473,0.00,0.00,0,0
1471910726,s5,0.00,0.00,0.00,0,0,0.00,0.00,0.00,0,0,0.00,0.00,0,0
1471910726,s1,0.00,0.00,0.00,0,0,0.00,0.00,0.00,0,0,0.00,0.00,0,0
1471910726,eth0,0.00,0.00,0.00,0,0,0.00,0.00,0.00,0,0,0.00,0.00,0,0
1471910726,s2,0.00,0.00,0.00,0,0,0.00,0.00,0.00,0,0,0.00,0.00,0,0
1471910726,s1-eth2,26202.00,1175914.00,1202116.00,1175914,26202,397.00,397.00,794.00,397,397,0.00,0.00,0,0
1471910726,s1-eth1,1175914.00,26202.00,1202116.00,26202,1175914,397.00,397.00,794.00,397,397,0.00,0.00,0,0
1471910726,s3,0.00,0.00,0.00,0,0,0.00,0.00,0.00,0,0,0.00,0.00,0,0
1471910726,s2-eth2,1175914.00,26136.00,1202050.00,26136,1175914,397.00,396.00,793.00,396,397,0.00,0.00,0,0
1471910726,s2-eth1,26202.00,1175914.00,1202116.00,1175914,26202,397.00,397.00,794.00,397,397,0.00,0.00,0,0
1471910726,lo,688.00,688.00,1376.00,688,688,12.00,12.00,24.00,12,12,0.00,0.00,0,0
1471910726,s4,0.00,0.00,0.00,0,0,0.00,0.00,0.00,0,0,0.00,0.00,0,0
1471910726,s3-eth2,1175914.00,26202.00,1202116.00,26202,1175914,397.00,397.00,794.00,397,397,0.00,0.00,0,0
1471910726,s3-eth1,26136.00,1175914.00,1202050.00,1175914,26136,396.00,397.00,793.00,397,396,0.00,0.00,0,0
1471910726,total,3606970.00,3606970.00,7213940.00,3606970,3606970,2393.00,2393.00,4786.00,2393,2393,0.00,0.00,0,0
1471910727,s5,0.00,0.00,0.00,0,0,0.00,0.00,0.00,0,0,0.00,0.00,0,0
1471910727,s1,0.00,0.00,0.00,0,0,0.00,0.00,0.00,0,0,0.00,0.00,0,0
1471910727,eth0,0.00,0.00,0.00,0,0,0.00,0.00,0.00,0,0,0.00,0.00,0,0
1471910727,s2,0.00,0.00,0.00,0,0,0.00,0.00,0.00,0,0,0.00,0.00,0,0
1471910727,s1-eth2,27060.00,1221738.00,1248798.00,1221738,27060,410.00,477.00,887.00,477,410,0.00,0.00,0,0
1471910727,s1-eth1,1221738.00,27060.00,1248798.00,27060,1221738,477.00,410.00,887.00,410,477,0.00,0.00,0,0
1471910727,s3,0.00,0.00,0.00,0,0,0.00,0.00,0.00,0,0,0.00,0.00,0,0
1471910727,s2-eth2,1221738.00,27060.00,1248798.00,27060,1221738,477.00,410.00,887.00,410,477,0.00,0.00,0,0
1471910727,s2-eth1,27060.00,1221738.00,1248798.00,1221738,27060,410.00,477.00,887.00,477,410,0.00,0.00,0,0
1471910727,lo,0.00,0.00,0.00,0,0,0.00,0.00,0.00,0,0,0.00,0.00,0,0
1471910727,s4,0.00,0.00,0.00,0,0,0.00,0.00,0.00,0,0,0.00,0.00,0,0
1471910727,s3-eth2,1218776.00,27060.00,1245836.00,27060,1218776,476.00,410.00,886.00,410,476,0.00,0.00,0,0
1471910727,s3-eth1,27060.00,1221738.00,1248798.00,1221738,27060,410.00,477.00,887.00,477,410,0.00,0.00,0,0
1471910727,total,3743432.00,3746394.00,7489826.00,3746394,3743432,2660.00,2661.00,5321.00,2661,2660,0.00,0.00,0,0
1471910728,s5,0.00,0.00,0.00,0,0,0.00,0.00,0.00,0,0,0.00,0.00,0,0
1471910728,s1,0.00,0.00,0.00,0,0,0.00,0.00,0.00,0,0,0.00,0.00,0,0
1471910728,eth0,0.00,0.00,0.00,0,0,0.00,0.00,0.00,0,0,0.00,0.00,0,0
1471910728,s2,0.00,0.00,0.00,0,0,0.00,0.00,0.00,0,0,0.00,0.00,0,0
1471910728,s1-eth2,27060.00,1214420.00,1241480.00,1214420,27060,410.00,410.00,820.00,410,410,0.00,0.00,0,0
1471910728,s1-eth1,1214420.00,27126.00,1241546.00,27126,1214420,410.00,411.00,821.00,411,410,0.00,0.00,0,0
1471910728,s3,0.00,0.00,0.00,0,0,0.00,0.00,0.00,0,0,0.00,0.00,0,0
1471910728,s2-eth2,1214420.00,27126.00,1241546.00,27126,1214420,410.00,411.00,821.00,411,410,0.00,0.00,0,0
1471910728,s2-eth1,27126.00,1214420.00,1241546.00,1214420,27126,411.00,410.00,821.00,410,411,0.00,0.00,0,0
1471910728,lo,172.00,172.00,344.00,172,172,3.00,3.00,6.00,3,3,0.00,0.00,0,0
1471910728,s4,0.00,0.00,0.00,0,0,0.00,0.00,0.00,0,0,0.00,0.00,0,0
1471910728,s3-eth2,1217382.00,27126.00,1244508.00,27126,1217382,411.00,411.00,822.00,411,411,0.00,0.00,0,0
1471910728,s3-eth1,27126.00,1214420.00,1241546.00,1214420,27126,411.00,410.00,821.00,410,411,0.00,0.00,0,0
1471910728,total,3727706.00,3724810.00,7452516.00,3724810,3727706,2466.00,2466.00,4932.00,2466,2466,0.00,0.00,0,0
1471910729,s5,0.00,0.00,0.00,0,0,0.00,0.00,0.00,0,0,0.00,0.00,0,0
1471910729,s1,0.00,904.00,904.00,904,0,0.00,4.00,4.00,4,0,0.00,0.00,0,0
1471910729,eth0,456.00,735.00,1191.00,735,456,6.00,6.00,12.00,6,6,0.00,0.00,0,0
1471910729,s2,0.00,982.00,982.00,982,0,0.00,5.00,5.00,5,0,0.00,0.00,0,0
1471910729,s1-eth2,26304.00,1119636.00,1145940.00,1119636,26304,384.00,378.00,762.00,378,384,0.00,0.00,0,0
1471910729,s1-eth1,1120166.00,25852.00,1146018.00,25852,1120166,381.00,382.00,763.00,382,381,0.00,0.00,0,0
1471910729,s3,0.00,982.00,982.00,982,0,0.00,5.00,5.00,5,0,0.00,0.00,0,0
1471910729,s2-eth2,1120618.00,25400.00,1146018.00,25400,1120618,383.00,380.00,763.00,380,383,0.00,0.00,0,0
1471910729,s2-eth1,25852.00,1120166.00,1146018.00,1120166,25852,382.00,381.00,763.00,381,382,0.00,0.00,0,0
1471910729,lo,4963.00,4963.00,9926.00,4963,4963,46.00,46.00,92.00,46,46,0.00,0.00,0,0
1471910729,s4,0.00,0.00,0.00,0,0,0.00,0.00,0.00,0,0,0.00,0.00,0,0
1471910729,s3-eth2,1121180.00,24948.00,1146128.00,24948,1121180,386.00,378.00,764.00,378,386,0.00,0.00,0,0
1471910729,s3-eth1,25400.00,1120618.00,1146018.00,1120618,25400,380.00,383.00,763.00,383,380,0.00,0.00,0,0
1471910729,total,3444939.00,3445186.00,6890125.00,3445186,3444939,2348.00,2348.00,4696.00,2348,2348,0.00,0.00,0,0
1471910730,s5,0.00,0.00,0.00,0,0,0.00,0.00,0.00,0,0,0.00,0.00,0,0
1471910730,s1,0.00,376.00,376.00,376,0,0.00,4.00,4.00,4,0,0.00,0.00,0,0
1471910730,eth0,394.00,456.00,850.00,456,394,5.00,5.00,10.00,5,5,0.00,0.00,0,0
1471910730,s2,0.00,548.00,548.00,548,0,0.00,6.00,6.00,6,0,0.00,0.00,0,0
1471910730,s1-eth2,27360.00,1205534.00,1232894.00,1205534,27360,412.00,407.00,819.00,407,412,0.00,0.00,0,0
1471910730,s1-eth1,1205894.00,27172.00,1233066.00,27172,1205894,411.00,410.00,821.00,410,411,0.00,0.00,0,0
1471910730,s3,0.00,548.00,548.00,548,0,0.00,6.00,6.00,6,0,0.00,0.00,0,0
1471910730,s2-eth2,1203120.00,26984.00,1230104.00,26984,1203120,412.00,408.00,820.00,408,412,0.00,0.00,0,0
1471910730,s2-eth1,27172.00,1205894.00,1233066.00,1205894,27172,410.00,411.00,821.00,411,410,0.00,0.00,0,0
1471910730,lo,5085.00,5085.00,10170.00,5085,5085,54.00,54.00,108.00,54,54,0.00,0.00,0,0
1471910730,s4,0.00,0.00,0.00,0,0,0.00,0.00,0.00,0,0,0.00,0.00,0,0
1471910730,s3-eth2,1203198.00,26730.00,1229928.00,26730,1203198,413.00,405.00,818.00,405,413,0.00,0.00,0,0
1471910730,s3-eth1,26984.00,1203120.00,1230104.00,1203120,26984,408.00,412.00,820.00,412,408,0.00,0.00,0,0
1471910730,total,3699207.00,3702447.00,7401654.00,3702447,3699207,2525.00,2528.00,5053.00,2528,2525,0.00,0.00,0,0
1471910731,s5,0.00,0.00,0.00,0,0,0.00,0.00,0.00,0,0,0.00,0.00,0,0
1471910731,s1,0.00,2226.00,2226.00,2226,0,0.00,15.00,15.00,15,0,0.00,0.00,0,0
1471910731,eth0,1219.00,1672.00,2891.00,1672,1219,16.00,16.00,32.00,16,16,0.00,0.00,0,0
1471910731,s2,0.00,3290.00,3290.00,3290,0,0.00,17.00,17.00,17,0,0.00,0.00,0,0
1471910731,s1-eth2,30043.00,1214420.00,1244463.00,1214420,30043,429.00,410.00,839.00,410,429,0.00,0.00,0,0
1471910731,s1-eth1,1216276.00,29154.00,1245430.00,29154,1216276,418.00,423.00,841.00,423,418,0.00,0.00,0,0
1471910731,s3,0.00,3635.00,3635.00,3635,0,0.00,18.00,18.00,18,0,0.00,0.00,0,0
1471910731,s2-eth2,1218055.00,28362.00,1246417.00,28362,1218055,428.00,417.00,845.00,417,428,0.00,0.00,0,0
1471910731,s2-eth1,29154.00,1216276.00,1245430.00,1216276,29154,423.00,418.00,841.00,418,423,0.00,0.00,0,0
1471910731,lo,16589.00,16589.00,33178.00,16589,16589,161.00,161.00,322.00,161,161,0.00,0.00,0,0
1471910731,s4,0.00,0.00,0.00,0,0,0.00,0.00,0.00,0,0,0.00,0.00,0,0
1471910731,s3-eth2,1213910.00,26994.00,1240904.00,26994,1213910,436.00,409.00,845.00,409,436,0.00,0.00,0,0
1471910731,s3-eth1,28362.00,1218055.00,1246417.00,1218055,28362,417.00,428.00,845.00,428,417,0.00,0.00,0,0
1471910731,total,3753608.00,3760673.00,7514281.00,3760673,3753608,2728.00,2732.00,5460.00,2732,2728,0.00,0.00,0,0
1471910732,s5,0.00,0.00,0.00,0,0,0.00,0.00,0.00,0,0,0.00,0.00,0,0
1471910732,s1,0.00,3071.00,3071.00,3071,0,0.00,12.00,12.00,12,0,0.00,0.00,0,0
1471910732,eth0,152.00,245.00,397.00,245,152,2.00,2.00,4.00,2,2,0.00,0.00,0,0
1471910732,s2,0.00,2271.00,2271.00,2271,0,0.00,9.00,9.00,9,0,0.00,0.00,0,0
1471910732,s1-eth2,31797.00,1217382.00,1249179.00,1217382,31797,429.00,411.00,840.00,411,429,0.00,0.00,0,0
1471910732,s1-eth1,1218345.00,30065.00,1248410.00,30065,1218345,415.00,421.00,836.00,421,415,0.00,0.00,0,0
1471910732,s3,0.00,1926.00,1926.00,1926,0,0.00,8.00,8.00,8,0,0.00,0.00,0,0
1471910732,s2-eth2,1213384.00,28302.00,1241686.00,28302,1213384,417.00,414.00,831.00,414,417,0.00,0.00,0,0
1471910732,s2-eth1,30065.00,1218345.00,1248410.00,1218345,30065,421.00,415.00,836.00,415,421,0.00,0.00,0,0
1471910732,lo,9651.00,9651.00,19302.00,9651,9651,91.00,91.00,182.00,91,91,0.00,0.00,0,0
1471910732,s4,0.00,0.00,0.00,0,0,0.00,0.00,0.00,0,0,0.00,0.00,0,0
1471910732,s3-eth2,1214347.00,26994.00,1241341.00,26994,1214347,421.00,409.00,830.00,409,421,0.00,0.00,0,0
1471910732,s3-eth1,28302.00,1213384.00,1241686.00,1213384,28302,414.00,417.00,831.00,417,414,0.00,0.00,0,0
1471910732,total,3746043.00,3751636.00,7497679.00,3751636,3746043,2610.00,2609.00,5219.00,2609,2610,0.00,0.00,0,0
1471910733,s5,0.00,0.00,0.00,0,0,0.00,0.00,0.00,0,0,0.00,0.00,0,0
1471910733,s1,0.00,841.00,841.00,841,0,0.00,3.00,3.00,3,0,0.00,0.00,0,0
1471910733,eth0,0.00,0.00,0.00,0,0,0.00,0.00,0.00,0,0,0.00,0.00,0,0
1471910733,s2,0.00,327.00,327.00,327,0,0.00,1.00,1.00,1,0,0.00,0.00,0,0
1471910733,s1-eth2,28349.00,1214420.00,1242769.00,1214420,28349,414.00,410.00,824.00,410,414,0.00,0.00,0,0
1471910733,s1-eth1,1214420.00,27835.00,1242255.00,27835,1214420,410.00,412.00,822.00,412,410,0.00,0.00,0,0
1471910733,s3,0.00,327.00,327.00,327,0,0.00,1.00,1.00,1,0,0.00,0.00,0,0
1471910733,s2-eth2,1214747.00,27387.00,1242134.00,27387,1214747,411.00,411.00,822.00,411,411,0.00,0.00,0,0
1471910733,s2-eth1,27835.00,1214420.00,1242255.00,1214420,27835,412.00,410.00,822.00,410,412,0.00,0.00,0,0
1471910733,lo,1630.00,1630.00,3260.00,1630,1630,15.00,15.00,30.00,15,15,0.00,0.00,0,0
1471910733,s4,0.00,0.00,0.00,0,0,0.00,0.00,0.00,0,0,0.00,0.00,0,0
1471910733,s3-eth2,1215074.00,26994.00,1242068.00,26994,1215074,412.00,409.00,821.00,409,412,0.00,0.00,0,0
1471910733,s3-eth1,27387.00,1214747.00,1242134.00,1214747,27387,411.00,411.00,822.00,411,411,0.00,0.00,0,0
1471910733,total,3729442.00,3728928.00,7458370.00,3728928,3729442,2485.00,2483.00,4968.00,2483,2485,0.00,0.00,0,0
1471910734,s5,0.00,0.00,0.00,0,0,0.00,0.00,0.00,0,0,0.00,0.00,0,0
1471910734,s1,0.00,481.00,481.00,481,0,0.00,3.00,3.00,3,0,0.00,0.00,0,0
1471910734,eth0,60.00,60.00,120.00,60,60,1.00,1.00,2.00,1,1,0.00,0.00,0,0
1471910734,s2,0.00,818.00,818.00,818,0,0.00,5.00,5.00,5,0,0.00,0.00,0,0
1471910734,s1-eth2,27714.00,1220344.00,1248058.00,1220344,27714,415.00,412.00,827.00,412,415,0.00,0.00,0,0
1471910734,s1-eth1,1217826.00,27607.00,1245433.00,27607,1217826,414.00,414.00,828.00,414,414,0.00,0.00,0,0
1471910734,s3,0.00,818.00,818.00,818,0,0.00,5.00,5.00,5,0,0.00,0.00,0,0
1471910734,s2-eth2,1218200.00,27434.00,1245634.00,27434,1218200,416.00,412.00,828.00,412,416,0.00,0.00,0,0
1471910734,s2-eth1,27607.00,1217826.00,1245433.00,1217826,27607,414.00,414.00,828.00,414,414,0.00,0.00,0,0
1471910734,lo,3996.00,3996.00,7992.00,3996,3996,39.00,39.00,78.00,39,39,0.00,0.00,0,0
1471910734,s4,0.00,0.00,0.00,0,0,0.00,0.00,0.00,0,0,0.00,0.00,0,0
1471910734,s3-eth2,1218574.00,27126.00,1245700.00,27126,1218574,418.00,411.00,829.00,411,418,0.00,0.00,0,0
1471910734,s3-eth1,27434.00,1218200.00,1245634.00,1218200,27434,412.00,416.00,828.00,416,412,0.00,0.00,0,0
1471910734,total,3741411.00,3744710.00,7486121.00,3744710,3741411,2529.00,2532.00,5061.00,2532,2529,0.00,0.00,0,0
1471910735,s5,0.00,0.00,0.00,0,0,0.00,0.00,0.00,0,0,0.00,0.00,0,0
1471910735,s1,0.00,1061.00,1061.00,1061,0,0.00,5.00,5.00,5,0,0.00,0.00,0,0
1471910735,eth0,0.00,0.00,0.00,0,0,0.00,0.00,0.00,0,0,0.00,0.00,0,0
1471910735,s2,0.00,724.00,724.00,724,0,0.00,3.00,3.00,3,0,0.00,0.00,0,0
1471910735,s1-eth2,28785.00,1211458.00,1240243.00,1211458,28785,418.00,409.00,827.00,409,418,0.00,0.00,0,0
1471910735,s1-eth1,1211785.00,28121.00,1239906.00,28121,1211785,410.00,415.00,825.00,415,410,0.00,0.00,0,0
1471910735,s3,0.00,724.00,724.00,724,0,0.00,3.00,3.00,3,0,0.00,0.00,0,0
1471910735,s2-eth2,1212182.00,27523.00,1239705.00,27523,1212182,412.00,413.00,825.00,413,412,0.00,0.00,0,0
1471910735,s2-eth1,28121.00,1211785.00,1239906.00,1211785,28121,415.00,410.00,825.00,410,415,0.00,0.00,0,0
1471910735,lo,3354.00,3354.00,6708.00,3354,3354,33.00,33.00,66.00,33,33,0.00,0.00,0,0
1471910735,s4,0.00,0.00,0.00,0,0,0.00,0.00,0.00,0,0,0.00,0.00,0,0
1471910735,s3-eth2,1212579.00,27060.00,1239639.00,27060,1212579,414.00,410.00,824.00,410,414,0.00,0.00,0,0
1471910735,s3-eth1,27523.00,1212182.00,1239705.00,1212182,27523,413.00,412.00,825.00,412,413,0.00,0.00,0,0
1471910735,total,3724329.00,3723992.00,7448321.00,3723992,3724329,2515.00,2513.00,5028.00,2513,2515,0.00,0.00,0,0
1471910736,s5,0.00,0.00,0.00,0,0,0.00,0.00,0.00,0,0,0.00,0.00,0,0
1471910736,s1,0.00,0.00,0.00,0,0,0.00,0.00,0.00,0,0,0.00,0.00,0,0
1471910736,eth0,0.00,0.00,0.00,0,0,0.00,0.00,0.00,0,0,0.00,0.00,0,0
1471910736,s2,0.00,0.00,0.00,0,0,0.00,0.00,0.00,0,0,0.00,0.00,0,0
1471910736,s1-eth2,27258.00,1223306.00,1250564.00,1223306,27258,413.00,413.00,826.00,413,413,0.00,0.00,0,0
1471910736,s1-eth1,1223306.00,27258.00,1250564.00,27258,1223306,413.00,413.00,826.00,413,413,0.00,0.00,0,0
1471910736,s3,0.00,0.00,0.00,0,0,0.00,0.00,0.00,0,0,0.00,0.00,0,0
1471910736,s2-eth2,1223306.00,27258.00,1250564.00,27258,1223306,413.00,413.00,826.00,413,413,0.00,0.00,0,0
1471910736,s2-eth1,27258.00,1223306.00,1250564.00,1223306,27258,413.00,413.00,826.00,413,413,0.00,0.00,0,0
1471910736,lo,344.00,344.00,688.00,344,344,6.00,6.00,12.00,6,6,0.00,0.00,0,0
1471910736,s4,0.00,0.00,0.00,0,0,0.00,0.00,0.00,0,0,0.00,0.00,0,0
1471910736,s3-eth2,1223306.00,27258.00,1250564.00,27258,1223306,413.00,413.00,826.00,413,413,0.00,0.00,0,0
1471910736,s3-eth1,27258.00,1223306.00,1250564.00,1223306,27258,413.00,413.00,826.00,413,413,0.00,0.00,0,0
1471910736,total,3752036.00,3752036.00,7504072.00,3752036,3752036,2484.00,2484.00,4968.00,2484,2484,0.00,0.00,0,0
1471910737,s5,0.00,0.00,0.00,0,0,0.00,0.00,0.00,0,0,0.00,0.00,0,0
1471910737,s1,0.00,0.00,0.00,0,0,0.00,0.00,0.00,0,0,0.00,0.00,0,0
1471910737,eth0,0.00,0.00,0.00,0,0,0.00,0.00,0.00,0,0,0.00,0.00,0,0
1471910737,s2,0.00,0.00,0.00,0,0,0.00,0.00,0.00,0,0,0.00,0.00,0,0
1471910737,s1-eth2,27060.00,1217382.00,1244442.00,1217382,27060,410.00,411.00,821.00,411,410,0.00,0.00,0,0
1471910737,s1-eth1,1217382.00,27126.00,1244508.00,27126,1217382,411.00,411.00,822.00,411,411,0.00,0.00,0,0
1471910737,s3,0.00,342.00,342.00,342,0,0.00,1.00,1.00,1,0,0.00,0.00,0,0
1471910737,s2-eth2,1217724.00,27060.00,1244784.00,27060,1217724,412.00,410.00,822.00,410,412,0.00,0.00,0,0
1471910737,s2-eth1,27126.00,1217382.00,1244508.00,1217382,27126,411.00,411.00,822.00,411,411,0.00,0.00,0,0
1471910737,lo,326.00,326.00,652.00,326,326,3.00,3.00,6.00,3,3,0.00,0.00,0,0
1471910737,s4,0.00,0.00,0.00,0,0,0.00,0.00,0.00,0,0,0.00,0.00,0,0
1471910737,s3-eth2,1217724.00,27126.00,1244850.00,27126,1217724,412.00,411.00,823.00,411,412,0.00,0.00,0,0
1471910737,s3-eth1,27060.00,1217724.00,1244784.00,1217724,27060,410.00,412.00,822.00,412,410,0.00,0.00,0,0
1471910737,total,3734402.00,3734468.00,7468870.00,3734468,3734402,2469.00,2470.00,4939.00,2470,2469,0.00,0.00,0,0
1471910738,s5,0.00,0.00,0.00,0,0,0.00,0.00,0.00,0,0,0.00,0.00,0,0
1471910738,s1,0.00,214.00,214.00,214,0,0.00,2.00,2.00,2,0,0.00,0.00,0,0
1471910738,eth0,0.00,0.00,0.00,0,0,0.00,0.00,0.00,0,0,0.00,0.00,0,0
1471910738,s2,0.00,626.00,626.00,626,0,0.00,4.00,4.00,4,0,0.00,0.00,0,0
1471910738,s1-eth2,27381.00,1217382.00,1244763.00,1217382,27381,413.00,411.00,824.00,411,413,0.00,0.00,0,0
1471910738,s1-eth1,1214939.00,27208.00,1242147.00,27208,1214939,413.00,411.00,824.00,411,413,0.00,0.00,0,0
1471910738,s3,0.00,626.00,626.00,626,0,0.00,4.00,4.00,4,0,0.00,0.00,0,0
1471910738,s2-eth2,1215046.00,27167.00,1242213.00,27167,1215046,414.00,411.00,825.00,411,414,0.00,0.00,0,0
1471910738,s2-eth1,27208.00,1214939.00,1242147.00,1214939,27208,411.00,413.00,824.00,413,411,0.00,0.00,0,0
1471910738,lo,3018.00,3018.00,6036.00,3018,3018,30.00,30.00,60.00,30,30,0.00,0.00,0,0
1471910738,s4,0.00,0.00,0.00,0,0,0.00,0.00,0.00,0,0,0.00,0.00,0,0
1471910738,s3-eth2,1215153.00,26994.00,1242147.00,26994,1215153,415.00,409.00,824.00,409,415,0.00,0.00,0,0
1471910738,s3-eth1,27167.00,1215046.00,1242213.00,1215046,27167,411.00,414.00,825.00,414,411,0.00,0.00,0,0
1471910738,total,3729912.00,3733220.00,7463132.00,3733220,3729912,2507.00,2509.00,5016.00,2509,2507,0.00,0.00,0,0
1471910739,s5,0.00,0.00,0.00,0,0,0.00,0.00,0.00,0,0,0.00,0.00,0,0
1471910739,s1,0.00,482.00,482.00,482,0,0.00,3.00,3.00,3,0,0.00,0.00,0,0
1471910739,eth0,0.00,0.00,0.00,0,0,0.00,0.00,0.00,0,0,0.00,0.00,0,0
1471910739,s2,0.00,70.00,70.00,70,0,0.00,1.00,1.00,1,0,0.00,0.00,0,0
1471910739,s1-eth2,27612.00,1214420.00,1242032.00,1214420,27612,414.00,410.00,824.00,410,414,0.00,0.00,0,0
1471910739,s1-eth1,1214420.00,27542.00,1241962.00,27542,1214420,410.00,413.00,823.00,413,410,0.00,0.00,0,0
1471910739,s3,0.00,70.00,70.00,70,0,0.00,1.00,1.00,1,0,0.00,0.00,0,0
1471910739,s2-eth2,1214490.00,27130.00,1241620.00,27130,1214490,411.00,411.00,822.00,411,411,0.00,0.00,0,0
1471910739,s2-eth1,27542.00,1214420.00,1241962.00,1214420,27542,413.00,410.00,823.00,410,413,0.00,0.00,0,0
1471910739,lo,1398.00,1398.00,2796.00,1398,1398,15.00,15.00,30.00,15,15,0.00,0.00,0,0
1471910739,s4,0.00,0.00,0.00,0,0,0.00,0.00,0.00,0,0,0.00,0.00,0,0
1471910739,s3-eth2,1214902.00,27060.00,1241962.00,27060,1214902,413.00,410.00,823.00,410,413,0.00,0.00,0,0
1471910739,s3-eth1,27130.00,1214490.00,1241620.00,1214490,27130,411.00,411.00,822.00,411,411,0.00,0.00,0,0
1471910739,total,3727494.00,3727082.00,7454576.00,3727082,3727494,2487.00,2485.00,4972.00,2485,2487,0.00,0.00,0,0
1471910740,s5,0.00,0.00,0.00,0,0,0.00,0.00,0.00,0,0,0.00,0.00,0,0
1471910740,s1,0.00,342.00,342.00,342,0,0.00,1.00,1.00,1,0,0.00,0.00,0,0
1471910740,eth0,0.00,0.00,0.00,0,0,0.00,0.00,0.00,0,0,0.00,0.00,0,0
1471910740,s2,0.00,342.00,342.00,342,0,0.00,1.00,1.00,1,0,0.00,0.00,0,0
1471910740,s1-eth2,27876.00,1225360.00,1253236.00,1225360,27876,414.00,488.00,902.00,488,414,0.00,0.00,0,0
1471910740,s1-eth1,1225360.00,27534.00,1252894.00,27534,1225360,488.00,413.00,901.00,413,488,0.00,0.00,0,0
1471910740,s3,0.00,0.00,0.00,0,0,0.00,0.00,0.00,0,0,0.00,0.00,0,0
1471910740,s2-eth2,1225360.00,27534.00,1252894.00,27534,1225360,488.00,413.00,901.00,413,488,0.00,0.00,0,0
1471910740,s2-eth1,27534.00,1225360.00,1252894.00,1225360,27534,413.00,488.00,901.00,488,413,0.00,0.00,0,0
1471910740,lo,652.00,652.00,1304.00,652,652,6.00,6.00,12.00,6,6,0.00,0.00,0,0
1471910740,s4,0.00,0.00,0.00,0,0,0.00,0.00,0.00,0,0,0.00,0.00,0,0
1471910740,s3-eth2,1225360.00,27192.00,1252552.00,27192,1225360,488.00,412.00,900.00,412,488,0.00,0.00,0,0
1471910740,s3-eth1,27534.00,1225360.00,1252894.00,1225360,27534,413.00,488.00,901.00,488,413,0.00,0.00,0,0
1471910740,total,3759676.00,3759676.00,7519352.00,3759676,3759676,2710.00,2710.00,5420.00,2710,2710,0.00,0.00,0,0
1471910741,s5,0.00,0.00,0.00,0,0,0.00,0.00,0.00,0,0,0.00,0.00,0,0
1471910741,s1,0.00,0.00,0.00,0,0,0.00,0.00,0.00,0,0,0.00,0.00,0,0
1471910741,eth0,0.00,0.00,0.00,0,0,0.00,0.00,0.00,0,0,0.00,0.00,0,0
1471910741,s2,0.00,0.00,0.00,0,0,0.00,0.00,0.00,0,0,0.00,0.00,0,0
1471910741,s1-eth2,27126.00,1217382.00,1244508.00,1217382,27126,411.00,411.00,822.00,411,411,0.00,0.00,0,0
1471910741,s1-eth1,1217382.00,27126.00,1244508.00,27126,1217382,411.00,411.00,822.00,411,411,0.00,0.00,0,0
1471910741,s3,0.00,0.00,0.00,0,0,0.00,0.00,0.00,0,0,0.00,0.00,0,0
1471910741,s2-eth2,1217382.00,27126.00,1244508.00,27126,1217382,411.00,411.00,822.00,411,411,0.00,0.00,0,0
1471910741,s2-eth1,27126.00,1217382.00,1244508.00,1217382,27126,411.00,411.00,822.00,411,411,0.00,0.00,0,0
1471910741,lo,344.00,344.00,688.00,344,344,6.00,6.00,12.00,6,6,0.00,0.00,0,0
1471910741,s4,0.00,0.00,0.00,0,0,0.00,0.00,0.00,0,0,0.00,0.00,0,0
1471910741,s3-eth2,1217382.00,27126.00,1244508.00,27126,1217382,411.00,411.00,822.00,411,411,0.00,0.00,0,0
1471910741,s3-eth1,27126.00,1217382.00,1244508.00,1217382,27126,411.00,411.00,822.00,411,411,0.00,0.00,0,0
1471910741,total,3733868.00,3733868.00,7467736.00,3733868,3733868,2472.00,2472.00,4944.00,2472,2472,0.00,0.00,0,0
1471910742,s5,0.00,0.00,0.00,0,0,0.00,0.00,0.00,0,0,0.00,0.00,0,0
1471910742,s1,0.00,0.00,0.00,0,0,0.00,0.00,0.00,0,0,0.00,0.00,0,0
1471910742,eth0,0.00,0.00,0.00,0,0,0.00,0.00,0.00,0,0,0.00,0.00,0,0
1471910742,s2,0.00,0.00,0.00,0,0,0.00,0.00,0.00,0,0,0.00,0.00,0,0
1471910742,s1-eth2,26970.00,1208538.00,1235508.00,1208538,26970,409.00,409.00,818.00,409,409,0.00,0.00,0,0
1471910742,s1-eth1,1208538.00,27036.00,1235574.00,27036,1208538,409.00,410.00,819.00,410,409,0.00,0.00,0,0
1471910742,s3,0.00,0.00,0.00,0,0,0.00,0.00,0.00,0,0,0.00,0.00,0,0
1471910742,s2-eth2,1208538.00,26970.00,1235508.00,26970,1208538,409.00,409.00,818.00,409,409,0.00,0.00,0,0
1471910742,s2-eth1,27036.00,1208538.00,1235574.00,1208538,27036,410.00,409.00,819.00,409,410,0.00,0.00,0,0
1471910742,lo,0.00,0.00,0.00,0,0,0.00,0.00,0.00,0,0,0.00,0.00,0,0
1471910742,s4,0.00,0.00,0.00,0,0,0.00,0.00,0.00,0,0,0.00,0.00,0,0
1471910742,s3-eth2,1208538.00,27036.00,1235574.00,27036,1208538,409.00,410.00,819.00,410,409,0.00,0.00,0,0
1471910742,s3-eth1,26970.00,1208538.00,1235508.00,1208538,26970,409.00,409.00,818.00,409,409,0.00,0.00,0,0
1471910742,total,3706590.00,3706656.00,7413246.00,3706656,3706590,2455.00,2456.00,4911.00,2456,2455,0.00,0.00,0,0
1471910743,s5,0.00,0.00,0.00,0,0,0.00,0.00,0.00,0,0,0.00,0.00,0,0
1471910743,s1,0.00,0.00,0.00,0,0,0.00,0.00,0.00,0,0,0.00,0.00,0,0
1471910743,eth0,0.00,0.00,0.00,0,0,0.00,0.00,0.00,0,0,0.00,0.00,0,0
1471910743,s2,0.00,0.00,0.00,0,0,0.00,0.00,0.00,0,0,0.00,0.00,0,0
1471910743,s1-eth2,27192.00,1220344.00,1247536.00,1220344,27192,412.00,412.00,824.00,412,412,0.00,0.00,0,0
1471910743,s1-eth1,1220344.00,27192.00,1247536.00,27192,1220344,412.00,412.00,824.00,412,412,0.00,0.00,0,0
1471910743,s3,0.00,0.00,0.00,0,0,0.00,0.00,0.00,0,0,0.00,0.00,0,0
1471910743,s2-eth2,1220344.00,27192.00,1247536.00,27192,1220344,412.00,412.00,824.00,412,412,0.00,0.00,0,0
1471910743,s2-eth1,27192.00,1220344.00,1247536.00,1220344,27192,412.00,412.00,824.00,412,412,0.00,0.00,0,0
1471910743,lo,172.00,172.00,344.00,172,172,3.00,3.00,6.00,3,3,0.00,0.00,0,0
1471910743,s4,0.00,0.00,0.00,0,0,0.00,0.00,0.00,0,0,0.00,0.00,0,0
1471910743,s3-eth2,1220344.00,27126.00,1247470.00,27126,1220344,412.00,411.00,823.00,411,412,0.00,0.00,0,0
1471910743,s3-eth1,27192.00,1220344.00,1247536.00,1220344,27192,412.00,412.00,824.00,412,412,0.00,0.00,0,0
1471910743,total,3742780.00,3742714.00,7485494.00,3742714,3742780,2475.00,2474.00,4949.00,2474,2475,0.00,0.00,0,0
1471910744,s5,0.00,0.00,0.00,0,0,0.00,0.00,0.00,0,0,0.00,0.00,0,0
1471910744,s1,0.00,0.00,0.00,0,0,0.00,0.00,0.00,0,0,0.00,0.00,0,0
1471910744,eth0,0.00,0.00,0.00,0,0,0.00,0.00,0.00,0,0,0.00,0.00,0,0
1471910744,s2,0.00,0.00,0.00,0,0,0.00,0.00,0.00,0,0,0.00,0.00,0,0
1471910744,s1-eth2,17292.00,706456.00,723748.00,706456,17292,262.00,240.00,502.00,240,262,0.00,0.00,0,0
1471910744,s1-eth1,736076.00,17226.00,753302.00,17226,736076,250.00,261.00,511.00,261,250,0.00,0.00,0,0
1471910744,s3,0.00,0.00,0.00,0,0,0.00,0.00,0.00,0,0,0.00,0.00,0,0
1471910744,s2-eth2,756810.00,17226.00,774036.00,17226,756810,257.00,261.00,518.00,261,257,0.00,0.00,0,0
1471910744,s2-eth1,17226.00,736076.00,753302.00,736076,17226,261.00,250.00,511.00,250,261,0.00,0.00,0,0
1471910744,lo,344.00,344.00,688.00,344,344,6.00,6.00,12.00,6,6,0.00,0.00,0,0
1471910744,s4,0.00,0.00,0.00,0,0,0.00,0.00,0.00,0,0,0.00,0.00,0,0
1471910744,s3-eth2,768658.00,17226.00,785884.00,17226,768658,261.00,261.00,522.00,261,261,0.00,0.00,0,0
1471910744,s3-eth1,17226.00,756810.00,774036.00,756810,17226,261.00,257.00,518.00,257,261,0.00,0.00,0,0
1471910744,total,2313632.00,2251364.00,4564996.00,2251364,2313632,1558.00,1536.00,3094.00,1536,1558,0.00,0.00,0,0
1471910745,s5,0.00,0.00,0.00,0,0,0.00,0.00,0.00,0,0,0.00,0.00,0,0
1471910745,s1,0.00,0.00,0.00,0,0,0.00,0.00,0.00,0,0,0.00,0.00,0,0
1471910745,eth0,0.00,0.00,0.00,0,0,0.00,0.00,0.00,0,0,0.00,0.00,0,0
1471910745,s2,0.00,107.00,107.00,107,0,0.00,1.00,1.00,1,0,0.00,0.00,0,0
1471910745,s1-eth2,0.00,0.00,0.00,0,0,0.00,0.00,0.00,0,0,0.00,0.00,0,0
1471910745,s1-eth1,107.00,0.00,107.00,0,107,1.00,0.00,1.00,0,1,0.00,0.00,0,0
1471910745,s3,0.00,107.00,107.00,107,0,0.00,1.00,1.00,1,0,0.00,0.00,0,0
1471910745,s2-eth2,107.00,0.00,107.00,0,107,1.00,0.00,1.00,0,1,0.00,0.00,0,0
1471910745,s2-eth1,0.00,107.00,107.00,107,0,0.00,1.00,1.00,1,0,0.00,0.00,0,0
1471910745,lo,610.00,610.00,1220.00,610,610,6.00,6.00,12.00,6,6,0.00,0.00,0,0
1471910745,s4,0.00,0.00,0.00,0,0,0.00,0.00,0.00,0,0,0.00,0.00,0,0
1471910745,s3-eth2,107.00,0.00,107.00,0,107,1.00,0.00,1.00,0,1,0.00,0.00,0,0
1471910745,s3-eth1,0.00,107.00,107.00,107,0,0.00,1.00,1.00,1,0,0.00,0.00,0,0
1471910745,total,931.00,1038.00,1969.00,1038,931,9.00,10.00,19.00,10,9,0.00,0.00,0,0
1471910746,s5,0.00,0.00,0.00,0,0,0.00,0.00,0.00,0,0,0.00,0.00,0,0
1471910746,s1,0.00,214.00,214.00,214,0,0.00,2.00,2.00,2,0,0.00,0.00,0,0
1471910746,eth0,0.00,0.00,0.00,0,0,0.00,0.00,0.00,0,0,0.00,0.00,0,0
1471910746,s2,0.00,449.00,449.00,449,0,0.00,2.00,2.00,2,0,0.00,0.00,0,0
1471910746,s1-eth2,321.00,0.00,321.00,0,321,3.00,0.00,3.00,0,3,0.00,0.00,0,0
1471910746,s1-eth1,342.00,214.00,556.00,214,342,1.00,2.00,3.00,2,1,0.00,0.00,0,0
1471910746,s3,0.00,449.00,449.00,449,0,0.00,2.00,2.00,2,0,0.00,0.00,0,0
1471910746,s2-eth2,449.00,107.00,556.00,107,449,2.00,1.00,3.00,1,2,0.00,0.00,0,0
1471910746,s2-eth1,214.00,342.00,556.00,342,214,2.00,1.00,3.00,1,2,0.00,0.00,0,0
1471910746,lo,2216.00,2216.00,4432.00,2216,2216,24.00,24.00,48.00,24,24,0.00,0.00,0,0
1471910746,s4,0.00,0.00,0.00,0,0,0.00,0.00,0.00,0,0,0.00,0.00,0,0
1471910746,s3-eth2,556.00,0.00,556.00,0,556,3.00,0.00,3.00,0,3,0.00,0.00,0,0
1471910746,s3-eth1,107.00,449.00,556.00,449,107,1.00,2.00,3.00,2,1,0.00,0.00,0,0
1471910746,total,4205.00,4440.00,8645.00,4440,4205,36.00,36.00,72.00,36,36,0.00,0.00,0,0
1471910747,s5,0.00,0.00,0.00,0,0,0.00,0.00,0.00,0,0,0.00,0.00,0,0
1471910747,s1,0.00,0.00,0.00,0,0,0.00,0.00,0.00,0,0,0.00,0.00,0,0
1471910747,eth0,0.00,0.00,0.00,0,0,0.00,0.00,0.00,0,0,0.00,0.00,0,0
1471910747,s2,0.00,0.00,0.00,0,0,0.00,0.00,0.00,0,0,0.00,0.00,0,0
1471910747,s1-eth2,0.00,0.00,0.00,0,0,0.00,0.00,0.00,0,0,0.00,0.00,0,0
1471910747,s1-eth1,0.00,0.00,0.00,0,0,0.00,0.00,0.00,0,0,0.00,0.00,0,0
1471910747,s3,0.00,0.00,0.00,0,0,0.00,0.00,0.00,0,0,0.00,0.00,0,0
1471910747,s2-eth2,0.00,0.00,0.00,0,0,0.00,0.00,0.00,0,0,0.00,0.00,0,0
1471910747,s2-eth1,0.00,0.00,0.00,0,0,0.00,0.00,0.00,0,0,0.00,0.00,0,0
1471910747,lo,0.00,0.00,0.00,0,0,0.00,0.00,0.00,0,0,0.00,0.00,0,0
1471910747,s4,0.00,0.00,0.00,0,0,0.00,0.00,0.00,0,0,0.00,0.00,0,0
1471910747,s3-eth2,0.00,0.00,0.00,0,0,0.00,0.00,0.00,0,0,0.00,0.00,0,0
1471910747,s3-eth1,0.00,0.00,0.00,0,0,0.00,0.00,0.00,0,0,0.00,0.00,0,0
1471910747,total,0.00,0.00,0.00,0,0,0.00,0.00,0.00,0,0,0.00,0.00,0,0
1471910748,s5,0.00,0.00,0.00,0,0,0.00,0.00,0.00,0,0,0.00,0.00,0,0
1471910748,s1,0.00,0.00,0.00,0,0,0.00,0.00,0.00,0,0,0.00,0.00,0,0
1471910748,eth0,0.00,0.00,0.00,0,0,0.00,0.00,0.00,0,0,0.00,0.00,0,0
1471910748,s2,0.00,0.00,0.00,0,0,0.00,0.00,0.00,0,0,0.00,0.00,0,0
1471910748,s1-eth2,0.00,0.00,0.00,0,0,0.00,0.00,0.00,0,0,0.00,0.00,0,0
1471910748,s1-eth1,0.00,0.00,0.00,0,0,0.00,0.00,0.00,0,0,0.00,0.00,0,0
1471910748,s3,0.00,0.00,0.00,0,0,0.00,0.00,0.00,0,0,0.00,0.00,0,0
1471910748,s2-eth2,0.00,0.00,0.00,0,0,0.00,0.00,0.00,0,0,0.00,0.00,0,0
1471910748,s2-eth1,0.00,0.00,0.00,0,0,0.00,0.00,0.00,0,0,0.00,0.00,0,0
1471910748,lo,0.00,0.00,0.00,0,0,0.00,0.00,0.00,0,0,0.00,0.00,0,0
1471910748,s4,0.00,0.00,0.00,0,0,0.00,0.00,0.00,0,0,0.00,0.00,0,0
1471910748,s3-eth2,0.00,0.00,0.00,0,0,0.00,0.00,0