1476928429,s1,0.00,0.00,0.00,0,0,0.00,0.00,0.00,0,0,0.00,0.00,0,0
1476928429,eth0,0.00,0.00,0.00,0,0,0.00,0.00,0.00,0,0,0.00,0.00,0,0
1476928429,s2,0.00,0.00,0.00,0,0,0.00,0.00,0.00,0,0,0.00,0.00,0,0
1476928429,s1-eth2,0.00,0.00,0.00,0,0,0.00,0.00,0.00,0,0,0.00,0.00,0,0
1476928429,s1-eth1,0.00,0.00,0.00,0,0,0.00,0.00,0.00,0,0,0.00,0.00,0,0
1476928429,s2-eth2,0.00,0.00,0.00,0,0,0.00,0.00,0.00,0,0,0.00,0.00,0,0
1476928429,s2-eth1,0.00,0.00,0.00,0,0,0.00,0.00,0.00,0,0,0.00,0.00,0,0
1476928429,lo,0.00,0.00,0.00,0,0,0.00,0.00,0.00,0,0,0.00,0.00,0,0
1476928429,total,0.00,0.00,0.00,0,0,0.00,0.00,0.00,0,0,0.00,0.00,0,0
1476928430,s1,250.00,340.00,590.00,340,250,3.00,4.00,7.00,4,3,0.00,0.00,0,0
1476928430,eth0,912.00,1470.00,2382.00,1470,912,12.00,12.00,24.00,12,12,0.00,0.00,0,0
1476928430,s2,160.00,410.00,570.00,410,160,2.00,5.00,7.00,5,2,0.00,0.00,0,0
1476928430,s1-eth2,8225.00,241030.00,249255.00,241030,8225,103.00,97.00,200.00,97,103,0.00,0.00,0,0
1476928430,s1-eth1,245410.00,6306.00,251716.00,6306,245410,107.00,91.00,198.00,91,107,0.00,0.00,0,0
1476928430,s2-eth2,1299.00,160.00,1459.00,160,1299,11.00,2.00,13.00,2,11,0.00,0.00,0,0
1476928430,s2-eth1,1989.00,250.00,2239.00,250,1989,13.00,3.00,16.00,3,13,0.00,0.00,0,0
1476928430,lo,5978.00,5978.00,11956.00,5978,5978,66.00,66.00,132.00,66,66,0.00,0.00,0,0
1476928430,total,264223.00,255944.00,520167.00,255944,264223,317.00,280.00,597.00,280,317,0.00,0.00,0,0
1476928431,s1,0.00,0.00,0.00,0,0,0.00,0.00,0.00,0,0,0.00,0.00,0,0
1476928431,eth0,152.00,245.00,397.00,245,152,2.00,2.00,4.00,2,2,0.00,0.00,0,0
1476928431,s2,90.00,90.00,180.00,90,90,1.00,1.00,2.00,1,1,0.00,0.00,0,0
1476928431,s1-eth2,6761.00,246308.00,253069.00,246308,6761,89.00,90.00,179.00,90,89,0.00,0.00,0,0
1476928431,s1-eth1,245960.00,5688.00,251648.00,5688,245960,95.00,84.00,179.00,84,95,0.00,0.00,0,0
1476928431,s2-eth2,1943.00,90.00,2033.00,90,1943,9.00,1.00,10.00,1,9,0.00,0.00,0,0
1476928431,s2-eth1,801.00,0.00,801.00,0,801,5.00,0.00,5.00,0,5,0.00,0.00,0,0
1476928431,lo,917.00,917.00,1834.00,917,917,10.00,10.00,20.00,10,10,0.00,0.00,0,0
1476928431,total,256624.00,253338.00,509962.00,253338,256624,211.00,188.00,399.00,188,211,0.00,0.00,0,0
1476928432,s1,0.00,0.00,0.00,0,0,0.00,0.00,0.00,0,0,0.00,0.00,0,0
1476928432,eth0,0.00,0.00,0.00,0,0,0.00,0.00,0.00,0,0,0.00,0.00,0,0
1476928432,s2,0.00,0.00,0.00,0,0,0.00,0.00,0.00,0,0,0.00,0.00,0,0
1476928432,s1-eth2,5853.00,253416.00,259269.00,253416,5853,84.00,88.00,172.00,88,84,0.00,0.00,0,0
1476928432,s1-eth1,245199.00,5526.00,250725.00,5526,245199,87.00,83.00,170.00,83,87,0.00,0.00,0,0
1476928432,s2-eth2,327.00,0.00,327.00,0,327,1.00,0.00,1.00,0,1,0.00,0.00,0,0
1476928432,s2-eth1,669.00,0.00,669.00,0,669,2.00,0.00,2.00,0,2,0.00,0.00,0,0
1476928432,lo,0.00,0.00,0.00,0,0,0.00,0.00,0.00,0,0,0.00,0.00,0,0
1476928432,total,252048.00,258942.00,510990.00,258942,252048,174.00,171.00,345.00,171,174,0.00,0.00,0,0
1476928433,s1,0.00,70.00,70.00,70,0,0.00,1.00,1.00,1,0,0.00,0.00,0,0
1476928433,eth0,0.00,0.00,0.00,0,0,0.00,0.00,0.00,0,0,0.00,0.00,0,0
1476928433,s2,0.00,0.00,0.00,0,0,0.00,0.00,0.00,0,0,0.00,0.00,0,0
1476928433,s1-eth2,6192.00,249138.00,255330.00,249138,6192,89.00,89.00,178.00,89,89,0.00,0.00,0,0
1476928433,s1-eth1,243588.00,5818.00,249406.00,5818,243588,89.00,87.00,176.00,87,89,0.00,0.00,0,0
1476928433,s2-eth2,374.00,0.00,374.00,0,374,2.00,0.00,2.00,0,2,0.00,0.00,0,0
1476928433,s2-eth1,374.00,0.00,374.00,0,374,2.00,0.00,2.00,0,2,0.00,0.00,0,0
1476928433,lo,268.00,268.00,536.00,268,268,3.00,3.00,6.00,3,3,0.00,0.00,0,0
1476928433,total,250796.00,255294.00,506090.00,255294,250796,185.00,180.00,365.00,180,185,0.00,0.00,0,0
1476928434,s1,69.93,69.93,139.86,70,70,1.00,1.00,2.00,1,1,0.00,0.00,0,0
1476928434,eth0,0.00,0.00,0.00,0,0,0.00,0.00,0.00,0,0,0.00,0.00,0,0
1476928434,s2,69.93,139.86,209.79,140,70,1.00,2.00,3.00,2,1,0.00,0.00,0,0
1476928434,s1-eth2,5489.51,244223.78,249713.30,244468,5495,78.92,83.92,162.84,84,79,0.00,0.00,0,0
1476928434,s1-eth1,246136.88,5022.98,251159.84,5028,246383,86.91,75.92,162.84,76,87,0.00,0.00,0,0
1476928434,s2-eth2,536.46,69.93,606.39,70,537,4.00,1.00,5.00,1,4,0.00,0.00,0,0
1476928434,s2-eth1,536.46,69.93,606.39,70,537,4.00,1.00,5.00,1,4,0.00,0.00,0,0
1476928434,lo,1338.66,1338.66,2677.32,1340,1340,14.99,14.99,29.97,15,15,0.00,0.00,0,0
1476928434,total,254177.83,250935.08,505112.91,251186,254432,190.81,179.82,370.63,180,191,0.00,0.00,0,0
1476928435,s1,0.00,0.00,0.00,0,0,0.00,0.00,0.00,0,0,0.00,0.00,0,0
1476928435,eth0,0.00,0.00,0.00,0,0,0.00,0.00,0.00,0,0,0.00,0.00,0,0
1476928435,s2,0.00,0.00,0.00,0,0,0.00,0.00,0.00,0,0,0.00,0.00,0,0
1476928435,s1-eth2,6468.00,254208.00,260676.00,254208,6468,94.00,100.00,194.00,100,94,0.00,0.00,0,0
1476928435,s1-eth1,244216.00,6468.00,250684.00,6468,244216,98.00,94.00,192.00,94,98,0.00,0.00,0,0
1476928435,s2-eth2,0.00,0.00,0.00,0,0,0.00,0.00,0.00,0,0,0.00,0.00,0,0
1476928435,s2-eth1,0.00,0.00,0.00,0,0,0.00,0.00,0.00,0,0,0.00,0.00,0,0
1476928435,lo,0.00,0.00,0.00,0,0,0.00,0.00,0.00,0,0,0.00,0.00,0,0
1476928435,total,250684.00,260676.00,511360.00,260676,250684,192.00,194.00,386.00,194,192,0.00,0.00,0,0
1476928436,s1,0.00,0.00,0.00,0,0,0.00,0.00,0.00,0,0,0.00,0.00,0,0
1476928436,eth0,0.00,0.00,0.00,0,0,0.00,0.00,0.00,0,0,0.00,0.00,0,0
1476928436,s2,0.00,0.00,0.00,0,0,0.00,0.00,0.00,0,0,0.00,0.00,0,0
1476928436,s1-eth2,5814.00,250520.00,256334.00,250520,5814,83.00,88.00,171.00,88,83,0.00,0.00,0,0
1476928436,s1-eth1,246044.00,5538.00,251582.00,5538,246044,86.00,83.00,169.00,83,86,0.00,0.00,0,0
1476928436,s2-eth2,342.00,0.00,342.00,0,342,1.00,0.00,1.00,0,1,0.00,0.00,0,0
1476928436,s2-eth1,0.00,0.00,0.00,0,0,0.00,0.00,0.00,0,0,0.00,0.00,0,0
1476928436,lo,0.00,0.00,0.00,0,0,0.00,0.00,0.00,0,0,0.00,0.00,0,0
1476928436,total,252200.00,256058.00,508258.00,256058,252200,170.00,171.00,341.00,171,170,0.00,0.00,0,0
1476928437,s1,0.00,70.00,70.00,70,0,0.00,1.00,1.00,1,0,0.00,0.00,0,0
1476928437,eth0,0.00,0.00,0.00,0,0,0.00,0.00,0.00,0,0,0.00,0.00,0,0
1476928437,s2,0.00,0.00,0.00,0,0,0.00,0.00,0.00,0,0,0.00,0.00,0,0
1476928437,s1-eth2,6207.00,255326.00,261533.00,255326,6207,91.00,95.00,186.00,95,91,0.00,0.00,0,0
1476928437,s1-eth1,243585.00,6034.00,249619.00,6034,243585,92.00,89.00,181.00,89,92,0.00,0.00,0,0
1476928437,s2-eth2,107.00,0.00,107.00,0,107,1.00,0.00,1.00,0,1,0.00,0.00,0,0
1476928437,s2-eth1,449.00,0.00,449.00,0,449,2.00,0.00,2.00,0,2,0.00,0.00,0,0
1476928437,lo,268.00,268.00,536.00,268,268,3.00,3.00,6.00,3,3,0.00,0.00,0,0
1476928437,total,250616.00,261698.00,512314.00,261698,250616,189.00,188.00,377.00,188,189,0.00,0.00,0,0
1476928438,s1,70.00,70.00,140.00,70,70,1.00,1.00,2.00,1,1,0.00,0.00,0,0
1476928438,eth0,0.00,0.00,0.00,0,0,0.00,0.00,0.00,0,0,0.00,0.00,0,0
1476928438,s2,70.00,140.00,210.00,140,70,1.00,2.00,3.00,2,1,0.00,0.00,0,0
1476928438,s1-eth2,5666.00,249076.00,254742.00,249076,5666,85.00,88.00,173.00,88,85,0.00,0.00,0,0
1476928438,s1-eth1,246254.00,5592.00,251846.00,5592,246254,89.00,84.00,173.00,84,89,0.00,0.00,0,0
1476928438,s2-eth2,210.00,70.00,280.00,70,210,3.00,1.00,4.00,1,3,0.00,0.00,0,0
1476928438,s2-eth1,210.00,70.00,280.00,70,210,3.00,1.00,4.00,1,3,0.00,0.00,0,0
1476928438,lo,1340.00,1340.00,2680.00,1340,1340,15.00,15.00,30.00,15,15,0.00,0.00,0,0
1476928438,total,253820.00,256358.00,510178.00,256358,253820,197.00,192.00,389.00,192,197,0.00,0.00,0,0
1476928439,s1,0.00,0.00,0.00,0,0,0.00,0.00,0.00,0,0,0.00,0.00,0,0
1476928439,eth0,0.00,0.00,0.00,0,0,0.00,0.00,0.00,0,0,0.00,0.00,0,0
1476928439,s2,0.00,0.00,0.00,0,0,0.00,0.00,0.00,0,0,0.00,0.00,0,0
1476928439,s1-eth2,5802.00,252364.00,258166.00,252364,5802,85.00,94.00,179.00,94,85,0.00,0.00,0,0
1476928439,s1-eth1,246374.00,5736.00,252110.00,5736,246374,91.00,84.00,175.00,84,91,0.00,0.00,0,0
1476928439,s2-eth2,0.00,0.00,0.00,0,0,0.00,0.00,0.00,0,0,0.00,0.00,0,0
1476928439,s2-eth1,0.00,0.00,0.00,0,0,0.00,0.00,0.00,0,0,0.00,0.00,0,0
1476928439,lo,0.00,0.00,0.00,0,0,0.00,0.00,0.00,0,0,0.00,0.00,0,0
1476928439,total,252176.00,258100.00,510276.00,258100,252176,176.00,178.00,354.00,178,176,0.00,0.00,0,0
1476928440,s1,0.00,0.00,0.00,0,0,0.00,0.00,0.00,0,0,0.00,0.00,0,0
1476928440,eth0,0.00,0.00,0.00,0,0,0.00,0.00,0.00,0,0,0.00,0.00,0,0
1476928440,s2,0.00,0.00,0.00,0,0,0.00,0.00,0.00,0,0,0.00,0.00,0,0
1476928440,s1-eth2,5472.00,249072.00,254544.00,249072,5472,82.00,88.00,170.00,88,82,0.00,0.00,0,0
1476928440,s1-eth1,243490.00,5472.00,248962.00,5472,243490,87.00,82.00,169.00,82,87,0.00,0.00,0,0
1476928440,s2-eth2,0.00,0.00,0.00,0,0,0.00,0.00,0.00,0,0,0.00,0.00,0,0
1476928440,s2-eth1,0.00,0.00,0.00,0,0,0.00,0.00,0.00,0,0,0.00,0.00,0,0
1476928440,lo,0.00,0.00,0.00,0,0,0.00,0.00,0.00,0,0,0.00,0.00,0,0
1476928440,total,248962.00,254544.00,503506.00,254544,248962,169.00,170.00,339.00,170,169,0.00,0.00,0,0
1476928441,s1,0.00,0.00,0.00,0,0,0.00,0.00,0.00,0,0,0.00,0.00,0,0
1476928441,eth0,0.00,0.00,0.00,0,0,0.00,0.00,0.00,0,0,0.00,0.00,0,0
1476928441,s2,0.00,0.00,0.00,0,0,0.00,0.00,0.00,0,0,0.00,0.00,0,0
1476928441,s1-eth2,5814.00,249072.00,254886.00,249072,5814,83.00,88.00,171.00,88,83,0.00,0.00,0,0
1476928441,s1-eth1,246110.00,5472.00,251582.00,5472,246110,87.00,82.00,169.00,82,87,0.00,0.00,0,0
1476928441,s2-eth2,0.00,0.00,0.00,0,0,0.00,0.00,0.00,0,0,0.00,0.00,0,0
1476928441,s2-eth1,0.00,0.00,0.00,0,0,0.00,0.00,0.00,0,0,0.00,0.00,0,0
1476928441,lo,0.00,0.00,0.00,0,0,0.00,0.00,0.00,0,0,0.00,0.00,0,0
1476928441,total,251924.00,254544.00,506468.00,254544,251924,170.00,170.00,340.00,170,170,0.00,0.00,0,0
1476928442,s1,0.00,0.00,0.00,0,0,0.00,0.00,0.00,0,0,0.00,0.00,0,0
1476928442,eth0,120.00,120.00,240.00,120,120,2.00,2.00,4.00,2,2,0.00,0.00,0,0
1476928442,s2,0.00,0.00,0.00,0,0,0.00,0.00,0.00,0,0,0.00,0.00,0,0
1476928442,s1-eth2,6564.00,255722.00,262286.00,255722,6564,96.00,101.00,197.00,101,96,0.00,0.00,0,0
1476928442,s1-eth1,243874.00,6564.00,250438.00,6564,243874,97.00,96.00,193.00,96,97,0.00,0.00,0,0
1476928442,s2-eth2,0.00,0.00,0.00,0,0,0.00,0.00,0.00,0,0,0.00,0.00,0,0
1476928442,s2-eth1,0.00,0.00,0.00,0,0,0.00,0.00,0.00,0,0,0.00,0.00,0,0
1476928442,lo,0.00,0.00,0.00,0,0,0.00,0.00,0.00,0,0,0.00,0.00,0,0
1476928442,total,250558.00,262406.00,512964.00,262406,250558,195.00,199.00,394.00,199,195,0.00,0.00,0,0
1476928443,s1,0.00,0.00,0.00,0,0,0.00,0.00,0.00,0,0,0.00,0.00,0,0
1476928443,eth0,0.00,0.00,0.00,0,0,0.00,0.00,0.00,0,0,0.00,0.00,0,0
1476928443,s2,0.00,0.00,0.00,0,0,0.00,0.00,0.00,0,0,0.00,0.00,0,0
1476928443,s1-eth2,5706.00,252166.00,257872.00,252166,5706,85.00,91.00,176.00,91,85,0.00,0.00,0,0
1476928443,s1-eth1,246242.00,5706.00,251948.00,5706,246242,89.00,85.00,174.00,85,89,0.00,0.00,0,0
1476928443,s2-eth2,0.00,0.00,0.00,0,0,0.00,0.00,0.00,0,0,0.00,0.00,0,0
1476928443,s2-eth1,0.00,0.00,0.00,0,0,0.00,0.00,0.00,0,0,0.00,0.00,0,0
1476928443,lo,344.00,344.00,688.00,344,344,6.00,6.00,12.00,6,6,0.00,0.00,0,0
1476928443,total,252292.00,258216.00,510508.00,258216,252292,180.00,182.00,362.00,182,180,0.00,0.00,0,0
1476928444,s1,0.00,0.00,0.00,0,0,0.00,0.00,0.00,0,0,0.00,0.00,0,0
1476928444,eth0,0.00,0.00,0.00,0,0,0.00,0.00,0.00,0,0,0.00,0.00,0,0
1476928444,s2,0.00,0.00,0.00,0,0,0.00,0.00,0.00,0,0,0.00,0.00,0,0
1476928444,s1-eth2,5670.00,254996.00,260666.00,254996,5670,85.00,90.00,175.00,90,85,0.00,0.00,0,0
1476928444,s1-eth1,243148.00,5670.00,248818.00,5670,243148,86.00,85.00,171.00,85,86,0.00,0.00,0,0
1476928444,s2-eth2,0.00,0.00,0.00,0,0,0.00,0.00,0.00,0,0,0.00,0.00,0,0
1476928444,s2-eth1,0.00,0.00,0.00,0,0,0.00,0.00,0.00,0,0,0.00,0.00,0,0
1476928444,lo,0.00,0.00,0.00,0,0,0.00,0.00,0.00,0,0,0.00,0.00,0,0
1476928444,total,248818.00,260666.00,509484.00,260666,248818,171.00,175.00,346.00,175,171,0.00,0.00,0,0
1476928445,s1,0.00,0.00,0.00,0,0,0.00,0.00,0.00,0,0,0.00,0.00,0,0
1476928445,eth0,0.00,0.00,0.00,0,0,0.00,0.00,0.00,0,0,0.00,0.00,0,0
1476928445,s2,0.00,0.00,0.00,0,0,0.00,0.00,0.00,0,0,0.00,0.00,0,0
1476928445,s1-eth2,5915.00,247822.00,253737.00,247822,5915,87.00,91.00,178.00,91,87,0.00,0.00,0,0
1476928445,s1-eth1,246415.00,5886.00,252301.00,5886,246415,91.00,87.00,178.00,87,91,0.00,0.00,0,0
1476928445,s2-eth2,107.00,0.00,107.00,0,107,1.00,0.00,1.00,0,1,0.00,0.00,0,0
1476928445,s2-eth1,107.00,0.00,107.00,0,107,1.00,0.00,1.00,0,1,0.00,0.00,0,0
1476928445,lo,0.00,0.00,0.00,0,0,0.00,0.00,0.00,0,0,0.00,0.00,0,0
1476928445,total,252544.00,253708.00,506252.00,253708,252544,180.00,178.00,358.00,178,180,0.00,0.00,0,0
1476928446,s1,0.00,0.00,0.00,0,0,0.00,0.00,0.00,0,0,0.00,0.00,0,0
1476928446,eth0,0.00,0.00,0.00,0,0,0.00,0.00,0.00,0,0,0.00,0.00,0,0
1476928446,s2,0.00,0.00,0.00,0,0,0.00,0.00,0.00,0,0,0.00,0.00,0,0
1476928446,s1-eth2,6756.00,255788.00,262544.00,255788,6756,98.00,102.00,200.00,102,98,0.00,0.00,0,0
1476928446,s1-eth1,246902.00,6678.00,253580.00,6678,246902,99.00,97.00,196.00,97,99,0.00,0.00,0,0
1476928446,s2-eth2,342.00,0.00,342.00,0,342,1.00,0.00,1.00,0,1,0.00,0.00,0,0
1476928446,s2-eth1,0.00,0.00,0.00,0,0,0.00,0.00,0.00,0,0,0.00,0.00,0,0
1476928446,lo,0.00,0.00,0.00,0,0,0.00,0.00,0.00,0,0,0.00,0.00,0,0
1476928446,total,254000.00,262466.00,516466.00,262466,254000,198.00,199.00,397.00,199,198,0.00,0.00,0,0
1476928447,s1,0.00,0.00,0.00,0,0,0.00,0.00,0.00,0,0,0.00,0.00,0,0
1476928447,eth0,59.94,59.94,119.88,60,60,1.00,1.00,2.00,1,1,0.00,0.00,0,0
1476928447,s2,0.00,0.00,0.00,0,0,0.00,0.00,0.00,0,0,0.00,0.00,0,0
1476928447,s1-eth2,6011.99,256517.48,262529.47,256774,6018,88.91,94.91,183.82,95,89,0.00,0.00,0,0
1476928447,s1-eth1,243168.84,6011.99,249180.83,6018,243412,89.91,88.91,178.82,89,90,0.00,0.00,0,0
1476928447,s2-eth2,0.00,0.00,0.00,0,0,0.00,0.00,0.00,0,0,0.00,0.00,0,0
1476928447,s2-eth1,0.00,0.00,0.00,0,0,0.00,0.00,0.00,0,0,0.00,0.00,0,0
1476928447,lo,0.00,0.00,0.00,0,0,0.00,0.00,0.00,0,0,0.00,0.00,0,0
1476928447,total,249240.77,262589.41,511830.19,262852,249490,179.82,184.82,364.64,185,180,0.00,0.00,0,0
1476928448,s1,0.00,0.00,0.00,0,0,0.00,0.00,0.00,0,0,0.00,0.00,0,0
1476928448,eth0,0.00,0.00,0.00,0,0,0.00,0.00,0.00,0,0,0.00,0.00,0,0
1476928448,s2,0.00,0.00,0.00,0,0,0.00,0.00,0.00,0,0,0.00,0.00,0,0
1476928448,s1-eth2,5984.00,255392.00,261376.00,255392,5984,88.00,96.00,184.00,96,88,0.00,0.00,0,0
1476928448,s1-eth1,246506.00,5984.00,252490.00,5984,246506,93.00,88.00,181.00,88,93,0.00,0.00,0,0
1476928448,s2-eth2,0.00,0.00,0.00,0,0,0.00,0.00,0.00,0,0,0.00,0.00,0,0
1476928448,s2-eth1,0.00,0.00,0.00,0,0,0.00,0.00,0.00,0,0,0.00,0.00,0,0
1476928448,lo,344.00,344.00,688.00,344,344,6.00,6.00,12.00,6,6,0.00,0.00,0,0
1476928448,total,252834.00,261720.00,514554.00,261720,252834,187.00,190.00,377.00,190,187,0.00,0.00,0,0
1476928449,s1,0.00,0.00,0.00,0,0,0.00,0.00,0.00,0,0,0.00,0.00,0,0
1476928449,eth0,0.00,0.00,0.00,0,0,0.00,0.00,0.00,0,0,0.00,0.00,0,0
1476928449,s2,0.00,0.00,0.00,0,0,0.00,0.00,0.00,0,0,0.00,0.00,0,0
1476928449,s1-eth2,5898.00,255326.00,261224.00,255326,5898,87.00,95.00,182.00,95,87,0.00,0.00,0,0
1476928449,s1-eth1,243412.00,5898.00,249310.00,5898,243412,90.00,87.00,177.00,87,90,0.00,0.00,0,0
1476928449,s2-eth2,0.00,0.00,0.00,0,0,0.00,0.00,0.00,0,0,0.00,0.00,0,0
1476928449,s2-eth1,0.00,0.00,0.00,0,0,0.00,0.00,0.00,0,0,0.00,0.00,0,0
1476928449,lo,0.00,0.00,0.00,0,0,0.00,0.00,0.00,0,0,0.00,0.00,0,0
1476928449,total,249310.00,261224.00,510534.00,261224,249310,177.00,182.00,359.00,182,177,0.00,0.00,0,0
1476928450,s1,0.00,0.00,0.00,0,0,0.00,0.00,0.00,0,0,0.00,0.00,0,0
1476928450,eth0,0.00,0.00,0.00,0,0,0.00,0.00,0.00,0,0,0.00,0.00,0,0
1476928450,s2,0.00,0.00,0.00,0,0,0.00,0.00,0.00,0,0,0.00,0.00,0,0
1476928450,s1-eth2,6096.00,250784.00,256880.00,250784,6096,90.00,92.00,182.00,92,90,0.00,0.00,0,0
1476928450,s1-eth1,246374.00,6096.00,252470.00,6096,246374,91.00,90.00,181.00,90,91,0.00,0.00,0,0
1476928450,s2-eth2,0.00,0.00,0.00,0,0,0.00,0.00,0.00,0,0,0.00,0.00,0,0
1476928450,s2-eth1,0.00,0.00,0.00,0,0,0.00,0.00,0.00,0,0,0.00,0.00,0,0
1476928450,lo,0.00,0.00,0.00,0,0,0.00,0.00,0.00,0,0,0.00,0.00,0,0
1476928450,total,252470.00,256880.00,509350.00,256880,252470,181.00,182.00,363.00,182,181,0.00,0.00,0,0
1476928451,s1,0.00,0.00,0.00,0,0,0.00,0.00,0.00,0,0,0.00,0.00,0,0
1476928451,eth0,0.00,0.00,0.00,0,0,0.00,0.00,0.00,0,0,0.00,0.00,0,0
1476928451,s2,0.00,0.00,0.00,0,0,0.00,0.00,0.00,0,0,0.00,0.00,0,0
1476928451,s1-eth2,5550.00,257958.00,263508.00,257958,5550,83.00,91.00,174.00,91,83,0.00,0.00,0,0
1476928451,s1-eth1,246110.00,5550.00,251660.00,5550,246110,87.00,83.00,170.00,83,87,0.00,0.00,0,0
1476928451,s2-eth2,0.00,0.00,0.00,0,0,0.00,0.00,0.00,0,0,0.00,0.00,0,0
1476928451,s2-eth1,0.00,0.00,0.00,0,0,0.00,0.00,0.00,0,0,0.00,0.00,0,0
1476928451,lo,0.00,0.00,0.00,0,0,0.00,0.00,0.00,0,0,0.00,0.00,0,0
1476928451,total,251660.00,263508.00,515168.00,263508,251660,170.00,174.00,344.00,174,170,0.00,0.00,0,0
1476928452,s1,0.00,0.00,0.00,0,0,0.00,0.00,0.00,0,0,0.00,0.00,0,0
1476928452,eth0,0.00,0.00,0.00,0,0,0.00,0.00,0.00,0,0,0.00,0.00,0,0
1476928452,s2,0.00,0.00,0.00,0,0,0.00,0.00,0.00,0,0,0.00,0.00,0,0
1476928452,s1-eth2,5940.00,252298.00,258238.00,252298,5940,88.00,93.00,181.00,93,88,0.00,0.00,0,0
1476928452,s1-eth1,243412.00,5940.00,249352.00,5940,243412,90.00,88.00,178.00,88,90,0.00,0.00,0,0
1476928452,s2-eth2,0.00,0.00,0.00,0,0,0.00,0.00,0.00,0,0,0.00,0.00,0,0
1476928452,s2-eth1,0.00,0.00,0.00,0,0,0.00,0.00,0.00,0,0,0.00,0.00,0,0
1476928452,lo,0.00,0.00,0.00,0,0,0.00,0.00,0.00,0,0,0.00,0.00,0,0
1476928452,total,249352.00,258238.00,507590.00,258238,249352,178.00,181.00,359.00,181,178,0.00,0.00,0,0
1476928453,s1,0.00,0.00,0.00,0,0,0.00,0.00,0.00,0,0,0.00,0.00,0,0
1476928453,eth0,0.00,0.00,0.00,0,0,0.00,0.00,0.00,0,0,0.00,0.00,0,0
1476928453,s2,0.00,0.00,0.00,0,0,0.00,0.00,0.00,0,0,0.00,0.00,0,0
1476928453,s1-eth2,6192.00,252166.00,258358.00,252166,6192,88.00,91.00,179.00,91,88,0.00,0.00,0,0
1476928453,s1-eth1,246584.00,5850.00,252434.00,5850,246584,90.00,87.00,177.00,87,90,0.00,0.00,0,0
1476928453,s2-eth2,0.00,0.00,0.00,0,0,0.00,0.00,0.00,0,0,0.00,0.00,0,0
1476928453,s2-eth1,0.00,0.00,0.00,0,0,0.00,0.00,0.00,0,0,0.00,0.00,0,0
1476928453,lo,344.00,344.00,688.00,344,344,6.00,6.00,12.00,6,6,0.00,0.00,0,0
1476928453,total,253120.00,258360.00,511480.00,258360,253120,184.00,184.00,368.00,184,184,0.00,0.00,0,0
1476928454,s1,0.00,0.00,0.00,0,0,0.00,0.00,0.00,0,0,0.00,0.00,0,0
1476928454,eth0,0.00,0.00,0.00,0,0,0.00,0.00,0.00,0,0,0.00,0.00,0,0
1476928454,s2,0.00,0.00,0.00,0,0,0.00,0.00,0.00,0,0,0.00,0.00,0,0
1476928454,s1-eth2,5430.00,252100.00,257530.00,252100,5430,81.00,90.00,171.00,90,81,0.00,0.00,0,0
1476928454,s1-eth1,243214.00,5430.00,248644.00,5430,243214,87.00,81.00,168.00,81,87,0.00,0.00,0,0
1476928454,s2-eth2,0.00,0.00,0.00,0,0,0.00,0.00,0.00,0,0,0.00,0.00,0,0
1476928454,s2-eth1,0.00,0.00,0.00,0,0,0.00,0.00,0.00,0,0,0.00,0.00,0,0
1476928454,lo,0.00,0.00,0.00,0,0,0.00,0.00,0.00,0,0,0.00,0.00,0,0
1476928454,total,248644.00,257530.00,506174.00,257530,248644,168.00,171.00,339.00,171,168,0.00,0.00,0,0
1476928455,s1,0.00,0.00,0.00,0,0,0.00,0.00,0.00,0,0,0.00,0.00,0,0
1476928455,eth0,0.00,0.00,0.00,0,0,0.00,0.00,0.00,0,0,0.00,0.00,0,0
1476928455,s2,0.00,0.00,0.00,0,0,0.00,0.00,0.00,0,0,0.00,0.00,0,0
1476928455,s1-eth2,5214.00,248808.00,254022.00,248808,5214,79.00,84.00,163.00,84,79,0.00,0.00,0,0
1476928455,s1-eth1,245846.00,5214.00,251060.00,5214,245846,83.00,79.00,162.00,79,83,0.00,0.00,0,0
1476928455,s2-eth2,0.00,0.00,0.00,0,0,0.00,0.00,0.00,0,0,0.00,0.00,0,0
1476928455,s2-eth1,0.00,0.00,0.00,0,0,0.00,0.00,0.00,0,0,0.00,0.00,0,0
1476928455,lo,0.00,0.00,0.00,0,0,0.00,0.00,0.00,0,0,0.00,0.00,0,0
1476928455,total,251060.00,254022.00,505082.00,254022,251060,162.00,163.00,325.00,163,162,0.00,0.00,0,0
1476928456,s1,0.00,0.00,0.00,0,0,0.00,0.00,0.00,0,0,0.00,0.00,0,0
1476928456,eth0,0.00,0.00,0.00,0,0,0.00,0.00,0.00,0,0,0.00,0.00,0,0
1476928456,s2,0.00,0.00,0.00,0,0,0.00,0.00,0.00,0,0,0.00,0.00,0,0
1476928456,s1-eth2,6906.00,253024.00,259930.00,253024,6906,99.00,104.00,203.00,104,99,0.00,0.00,0,0
1476928456,s1-eth1,244072.00,6906.00,250978.00,6906,244072,100.00,99.00,199.00,99,100,0.00,0.00,0,0
1476928456,s2-eth2,0.00,0.00,0.00,0,0,0.00,0.00,0.00,0,0,0.00,0.00,0,0
1476928456,s2-eth1,342.00,0.00,342.00,0,342,1.00,0.00,1.00,0,1,0.00,0.00,0,0
1476928456,lo,0.00,0.00,0.00,0,0,0.00,0.00,0.00,0,0,0.00,0.00,0,0
1476928456,total,251320.00,259930.00,511250.00,259930,251320,200.00,203.00,403.00,203,200,0.00,0.00,0,0
1476928457,s1,0.00,0.00,0.00,0,0,0.00,0.00,0.00,0,0,0.00,0.00,0,0
1476928457,eth0,0.00,0.00,0.00,0,0,0.00,0.00,0.00,0,0,0.00,0.00,0,0
1476928457,s2,0.00,0.00,0.00,0,0,0.00,0.00,0.00,0,0,0.00,0.00,0,0
1476928457,s1-eth2,5490.00,251770.00,257260.00,251770,5490,83.00,85.00,168.00,85,83,0.00,0.00,0,0
1476928457,s1-eth1,245846.00,5490.00,251336.00,5490,245846,83.00,83.00,166.00,83,83,0.00,0.00,0,0
1476928457,s2-eth2,342.00,0.00,342.00,0,342,1.00,0.00,1.00,0,1,0.00,0.00,0,0
1476928457,s2-eth1,0.00,0.00,0.00,0,0,0.00,0.00,0.00,0,0,0.00,0.00,0,0
1476928457,lo,0.00,0.00,0.00,0,0,0.00,0.00,0.00,0,0,0.00,0.00,0,0
1476928457,total,251678.00,257260.00,508938.00,257260,251678,167.00,168.00,335.00,168,167,0.00,0.00,0,0
1476928458,s1,0.00,0.00,0.00,0,0,0.00,0.00,0.00,0,0,0.00,0.00,0,0
1476928458,eth0,0.00,0.00,0.00,0,0,0.00,0.00,0.00,0,0,0.00,0.00,0,0
1476928458,s2,0.00,0.00,0.00,0,0,0.00,0.00,0.00,0,0,0.00,0.00,0,0
1476928458,s1-eth2,6558.00,251444.00,258002.00,251444,6558,95.00,102.00,197.00,102,95,0.00,0.00,0,0
1476928458,s1-eth1,245454.00,6558.00,252012.00,6558,245454,99.00,95.00,194.00,95,99,0.00,0.00,0,0
1476928458,s2-eth2,0.00,0.00,0.00,0,0,0.00,0.00,0.00,0,0,0.00,0.00,0,0
1476928458,s2-eth1,0.00,0.00,0.00,0,0,0.00,0.00,0.00,0,0,0.00,0.00,0,0
1476928458,lo,344.00,344.00,688.00,344,344,6.00,6.00,12.00,6,6,0.00,0.00,0,0
1476928458,total,252356.00,258346.00,510702.00,258346,252356,200.00,203.00,403.00,203,200,0.00,0.00,0,0
1476928459,s1,0.00,0.00,0.00,0,0,0.00,0.00,0.00,0,0,0.00,0.00,0,0
1476928459,eth0,0.00,0.00,0.00,0,0,0.00,0.00,0.00,0,0,0.00,0.00,0,0
1476928459,s2,0.00,0.00,0.00,0,0,0.00,0.00,0.00,0,0,0.00,0.00,0,0
1476928459,s1-eth2,5496.00,257958.00,263454.00,257958,5496,82.00,91.00,173.00,91,82,0.00,0.00,0,0
1476928459,s1-eth1,244662.00,5496.00,250158.00,5496,244662,87.00,82.00,169.00,82,87,0.00,0.00,0,0
1476928459,s2-eth2,0.00,0.00,0.00,0,0,0.00,0.00,0.00,0,0,0.00,0.00,0,0
1476928459,s2-eth1,0.00,0.00,0.00,0,0,0.00,0.00,0.00,0,0,0.00,0.00,0,0
1476928459,lo,0.00,0.00,0.00,0,0,0.00,0.00,0.00,0,0,0.00,0.00,0,0
1476928459,total,250158.00,263454.00,513612.00,263454,250158,169.00,173.00,342.00,173,169,0.00,0.00,0,0
1476928460,s1,0.00,0.00,0.00,0,0,0.00,0.00,0.00,0,0,0.00,0.00,0,0
1476928460,eth0,0.00,0.00,0.00,0,0,0.00,0.00,0.00,0,0,0.00,0.00,0,0
1476928460,s2,0.00,0.00,0.00,0,0,0.00,0.00,0.00,0,0,0.00,0.00,0,0
1476928460,s1-eth2,6748.00,250062.00,256810.00,250062,6748,98.00,103.00,201.00,103,98,0.00,0.00,0,0
1476928460,s1-eth1,247034.00,6748.00,253782.00,6748,247034,101.00,98.00,199.00,98,101,0.00,0.00,0,0
1476928460,s2-eth2,0.00,0.00,0.00,0,0,0.00,0.00,0.00,0,0,0.00,0.00,0,0
1476928460,s2-eth1,0.00,0.00,0.00,0,0,0.00,0.00,0.00,0,0,0.00,0.00,0,0
1476928460,lo,0.00,0.00,0.00,0,0,0.00,0.00,0.00,0,0,0.00,0.00,0,0
1476928460,total,253782.00,256810.00,510592.00,256810,253782,199.00,201.00,400.00,201,199,0.00,0.00,0,0
1476928461,s1,0.00,0.00,0.00,0,0,0.00,0.00,0.00,0,0,0.00,0.00,0,0
1476928461,eth0,0.00,0.00,0.00,0,0,0.00,0.00,0.00,0,0,0.00,0.00,0,0
1476928461,s2,0.00,0.00,0.00,0,0,0.00,0.00,0.00,0,0,0.00,0.00,0,0
1476928461,s1-eth2,5789.00,256444.00,262233.00,256444,5789,86.00,90.00,176.00,90,86,0.00,0.00,0,0
1476928461,s1-eth1,243189.00,5682.00,248871.00,5682,243189,86.00,85.00,171.00,85,86,0.00,0.00,0,0
1476928461,s2-eth2,107.00,0.00,107.00,0,107,1.00,0.00,1.00,0,1,0.00,0.00,0,0
1476928461,s2-eth1,107.00,0.00,107.00,0,107,1.00,0.00,1.00,0,1,0.00,0.00,0,0
1476928461,lo,0.00,0.00,0.00,0,0,0.00,0.00,0.00,0,0,0.00,0.00,0,0
1476928461,total,249192.00,262126.00,511318.00,262126,249192,174.00,175.00,349.00,175,174,0.00,0.00,0,0
1476928462,s1,0.00,0.00,0.00,0,0,0.00,0.00,0.00,0,0,0.00,0.00,0,0
1476928462,eth0,0.00,0.00,0.00,0,0,0.00,0.00,0.00,0,0,0.00,0.00,0,0
1476928462,s2,0.00,0.00,0.00,0,0,0.00,0.00,0.00,0,0,0.00,0.00,0,0
1476928462,s1-eth2,5786.00,255194.00,260980.00,255194,5786,85.00,93.00,178.00,93,85,0.00,0.00,0,0
1476928462,s1-eth1,246308.00,5786.00,252094.00,5786,246308,90.00,85.00,175.00,85,90,0.00,0.00,0,0
1476928462,s2-eth2,0.00,0.00,0.00,0,0,0.00,0.00,0.00,0,0,0.00,0.00,0,0
1476928462,s2-eth1,0.00,0.00,0.00,0,0,0.00,0.00,0.00,0,0,0.00,0.00,0,0
1476928462,lo,0.00,0.00,0.00,0,0,0.00,0.00,0.00,0,0,0.00,0.00,0,0
1476928462,total,252094.00,260980.00,513074.00,260980,252094,175.00,178.00,353.00,178,175,0.00,0.00,0,0
1476928463,s1,0.00,0.00,0.00,0,0,0.00,0.00,0.00,0,0,0.00,0.00,0,0
1476928463,eth0,0.00,0.00,0.00,0,0,0.00,0.00,0.00,0,0,0.00,0.00,0,0
1476928463,s2,0.00,0.00,0.00,0,0,0.00,0.00,0.00,0,0,0.00,0.00,0,0
1476928463,s1-eth2,6132.00,250982.00,257114.00,250982,6132,90.00,95.00,185.00,95,90,0.00,0.00,0,0
1476928463,s1-eth1,246506.00,6132.00,252638.00,6132,246506,93.00,90.00,183.00,90,93,0.00,0.00,0,0
1476928463,s2-eth2,0.00,0.00,0.00,0,0,0.00,0.00,0.00,0,0,0.00,0.00,0,0
1476928463,s2-eth1,0.00,0.00,0.00,0,0,0.00,0.00,0.00,0,0,0.00,0.00,0,0
1476928463,lo,344.00,344.00,688.00,344,344,6.00,6.00,12.00,6,6,0.00,0.00,0,0
1476928463,total,252982.00,257458.00,510440.00,257458,252982,189.00,191.00,380.00,191,189,0.00,0.00,0,0
1476928464,s1,0.00,0.00,0.00,0,0,0.00,0.00,0.00,0,0,0.00,0.00,0,0
1476928464,eth0,0.00,0.00,0.00,0,0,0.00,0.00,0.00,0,0,0.00,0.00,0,0
1476928464,s2,0.00,0.00,0.00,0,0,0.00,0.00,0.00,0,0,0.00,0.00,0,0
1476928464,s1-eth2,6558.00,261688.00,268246.00,261688,6558,95.00,104.00,199.00,104,95,0.00,0.00,0,0
1476928464,s1-eth1,243850.00,6558.00,250408.00,6558,243850,97.00,95.00,192.00,95,97,0.00,0.00,0,0
1476928464,s2-eth2,0.00,0.00,0.00,0,0,0.00,0.00,0.00,0,0,0.00,0.00,0,0
1476928464,s2-eth1,0.00,0.00,0.00,0,0,0.00,0.00,0.00,0,0,0.00,0.00,0,0
1476928464,lo,296.00,296.00,592.00,296,296,3.00,3.00,6.00,3,3,0.00,0.00,0,0
1476928464,total,250704.00,268542.00,519246.00,268542,250704,195.00,202.00,397.00,202,195,0.00,0.00,0,0
1476928465,s1,0.00,0.00,0.00,0,0,0.00,0.00,0.00,0,0,0.00,0.00,0,0
1476928465,eth0,0.00,0.00,0.00,0,0,0.00,0.00,0.00,0,0,0.00,0.00,0,0
1476928465,s2,0.00,0.00,0.00,0,0,0.00,0.00,0.00,0,0,0.00,0.00,0,0
1476928465,s1-eth2,5154.00,201090.00,206244.00,201090,5154,75.00,85.00,160.00,85,75,0.00,0.00,0,0
1476928465,s1-eth1,193520.00,5220.00,198740.00,5220,193520,80.00,76.00,156.00,76,80,0.00,0.00,0,0
1476928465,s2-eth2,0.00,0.00,0.00,0,0,0.00,0.00,0.00,0,0,0.00,0.00,0,0
1476928465,s2-eth1,0.00,0.00,0.00,0,0,0.00,0.00,0.00,0,0,0.00,0.00,0,0
1476928465,lo,0.00,0.00,0.00,0,0,0.00,0.00,0.00,0,0,0.00,0.00,0,0
1476928465,total,198674.00,206310.00,404984.00,206310,198674,155.00,161.00,316.00,161,155,0.00,0.00,0,0
1476928466,s1,0.00,0.00,0.00,0,0,0.00,0.00,0.00,0,0,0.00,0.00,0,0
1476928466,eth0,0.00,0.00,0.00,0,0,0.00,0.00,0.00,0,0,0.00,0.00,0,0
1476928466,s2,0.00,0.00,0.00,0,0,0.00,0.00,0.00,0,0,0.00,0.00,0,0
1476928466,s1-eth2,5814.00,256642.00,262456.00,256642,5814,87.00,93.00,180.00,93,87,0.00,0.00,0,0
1476928466,s1-eth1,246650.00,5814.00,252464.00,5814,246650,91.00,87.00,178.00,87,91,0.00,0.00,0,0
1476928466,s2-eth2,342.00,0.00,342.00,0,342,1.00,0.00,1.00,0,1,0.00,0.00,0,0
1476928466,s2-eth1,342.00,0.00,342.00,0,342,1.00,0.00,1.00,0,1,0.00,0.00,0,0
1476928466,lo,0.00,0.00,0.00,0,0,0.00,0.00,0.00,0,0,0.00,0.00,0,0
1476928466,total,253148.00,262456.00,515604.00,262456,253148,180.00,180.00,360.00,180,180,0.00,0.00,0,0
1476928467,s1,0.00,0.00,0.00,0,0,0.00,0.00,0.00,0,0,0.00,0.00,0,0
1476928467,eth0,0.00,0.00,0.00,0,0,0.00,0.00,0.00,0,0,0.00,0.00,0,0
1476928467,s2,0.00,0.00,0.00,0,0,0.00,0.00,0.00,0,0,0.00,0.00,0,0
1476928467,s1-eth2,6108.00,252364.00,258472.00,252364,6108,90.00,94.00,184.00,94,90,0.00,0.00,0,0
1476928467,s1-eth1,246440.00,6042.00,252482.00,6042,246440,92.00,89.00,181.00,89,92,0.00,0.00,0,0
1476928467,s2-eth2,0.00,0.00,0.00,0,0,0.00,0.00,0.00,0,0,0.00,0.00,0,0
1476928467,s2-eth1,0.00,0.00,0.00,0,0,0.00,0.00,0.00,0,0,0.00,0.00,0,0
1476928467,lo,0.00,0.00,0.00,0,0,0.00,0.00,0.00,0,0,0.00,0.00,0,0
1476928467,total,252548.00,258406.00,510954.00,258406,252548,182.00,183.00,365.00,183,182,0.00,0.00,0,0
1476928468,s1,0.00,0.00,0.00,0,0,0.00,0.00,0.00,0,0,0.00,0.00,0,0
1476928468,eth0,0.00,0.00,0.00,0,0,0.00,0.00,0.00,0,0,0.00,0.00,0,0
1476928468,s2,0.00,0.00,0.00,0,0,0.00,0.00,0.00,0,0,0.00,0.00,0,0
1476928468,s1-eth2,6930.00,260396.00,267326.00,260396,6930,97.00,106.00,203.00,106,97,0.00,0.00,0,0
1476928468,s1-eth1,241110.00,6588.00,247698.00,6588,241110,99.00,96.00,195.00,96,99,0.00,0.00,0,0
1476928468,s2-eth2,0.00,0.00,0.00,0,0,0.00,0.00,0.00,0,0,0.00,0.00,0,0
1476928468,s2-eth1,0.00,0.00,0.00,0,0,0.00,0.00,0.00,0,0,0.00,0.00,0,0
1476928468,lo,344.00,344.00,688.00,344,344,6.00,6.00,12.00,6,6,0.00,0.00,0,0
1476928468,total,248384.00,267328.00,515712.00,267328,248384,202.00,208.00,410.00,208,202,0.00,0.00,0,0
1476928469,s1,0.00,0.00,0.00,0,0,0.00,0.00,0.00,0,0,0.00,0.00,0,0
1476928469,eth0,0.00,0.00,0.00,0,0,0.00,0.00,0.00,0,0,0.00,0.00,0,0
1476928469,s2,0.00,0.00,0.00,0,0,0.00,0.00,0.00,0,0,0.00,0.00,0,0
1476928469,s1-eth2,5214.00,251770.00,256984.00,251770,5214,79.00,85.00,164.00,85,79,0.00,0.00,0,0
1476928469,s1-eth1,245846.00,5214.00,251060.00,5214,245846,83.00,79.00,162.00,79,83,0.00,0.00,0,0
1476928469,s2-eth2,0.00,0.00,0.00,0,0,0.00,0.00,0.00,0,0,0.00,0.00,0,0
1476928469,s2-eth1,0.00,0.00,0.00,0,0,0.00,0.00,0.00,0,0,0.00,0.00,0,0
1476928469,lo,0.00,0.00,0.00,0,0,0.00,0.00,0.00,0,0,0.00,0.00,0,0
1476928469,total,251060.00,256984.00,508044.00,256984,251060,162.00,164.00,326.00,164,162,0.00,0.00,0,0
1476928470,s1,0.00,0.00,0.00,0,0,0.00,0.00,0.00,0,0,0.00,0.00,0,0
1476928470,eth0,0.00,0.00,0.00,0,0,0.00,0.00,0.00,0,0,0.00,0.00,0,0
1476928470,s2,0.00,0.00,0.00,0,0,0.00,0.00,0.00,0,0,0.00,0.00,0,0
1476928470,s1-eth2,6426.00,249732.00,256158.00,249732,6426,93.00,98.00,191.00,98,93,0.00,0.00,0,0
1476928470,s1-eth1,243742.00,6426.00,250168.00,6426,243742,95.00,93.00,188.00,93,95,0.00,0.00,0,0
1476928470,s2-eth2,0.00,0.00,0.00,0,0,0.00,0.00,0.00,0,0,0.00,0.00,0,0
1476928470,s2-eth1,0.00,0.00,0.00,0,0,0.00,0.00,0.00,0,0,0.00,0.00,0,0
1476928470,lo,0.00,0.00,0.00,0,0,0.00,0.00,0.00,0,0,0.00,0.00,0,0
1476928470,total,250168.00,256158.00,506326.00,256158,250168,188.00,191.00,379.00,191,188,0.00,0.00,0,0
1476928471,s1,0.00,0.00,0.00,0,0,0.00,0.00,0.00,0,0,0.00,0.00,0,0
1476928471,eth0,0.00,0.00,0.00,0,0,0.00,0.00,0.00,0,0,0.00,0.00,0,0
1476928471,s2,0.00,0.00,0.00,0,0,0.00,0.00,0.00,0,0,0.00,0.00,0,0
1476928471,s1-eth2,5454.00,252166.00,257620.00,252166,5454,81.00,91.00,172.00,91,81,0.00,0.00,0,0
1476928471,s1-eth1,246242.00,5454.00,251696.00,5454,246242,89.00,81.00,170.00,81,89,0.00,0.00,0,0
1476928471,s2-eth2,0.00,0.00,0.00,0,0,0.00,0.00,0.00,0,0,0.00,0.00,0,0
1476928471,s2-eth1,0.00,0.00,0.00,0,0,0.00,0.00,0.00,0,0,0.00,0.00,0,0
1476928471,lo,0.00,0.00,0.00,0,0,0.00,0.00,0.00,0,0,0.00,0.00,0,0
1476928471,total,251696.00,257620.00,509316.00,257620,251696,170.00,172.00,342.00,172,170,0.00,0.00,0,0
1476928472,s1,0.00,0.00,0.00,0,0,0.00,0.00,0.00,0,0,0.00,0.00,0,0
1476928472,eth0,0.00,0.00,0.00,0,0,0.00,0.00,0.00,0,0,0.00,0.00,0,0
1476928472,s2,0.00,0.00,0.00,0,0,0.00,0.00,0.00,0,0,0.00,0.00,0,0
1476928472,s1-eth2,5346.00,251770.00,257116.00,251770,5346,81.00,85.00,166.00,85,81,0.00,0.00,0,0
1476928472,s1-eth1,242884.00,5346.00,248230.00,5346,242884,82.00,81.00,163.00,81,82,0.00,0.00,0,0
1476928472,s2-eth2,0.00,0.00,0.00,0,0,0.00,0.00,0.00,0,0,0.00,0.00,0,0
1476928472,s2-eth1,0.00,0.00,0.00,0,0,0.00,0.00,0.00,0,0,0.00,0.00,0,0
1476928472,lo,0.00,0.00,0.00,0,0,0.00,0.00,0.00,0,0,0.00,0.00,0,0
1476928472,total,248230.00,257116.00,505346.00,257116,248230,163.00,166.00,329.00,166,163,0.00,0.00,0,0
1476928473,s1,0.00,0.00,0.00,0,0,0.00,0.00,0.00,0,0,0.00,0.00,0,0
1476928473,eth0,0.00,0.00,0.00,0,0,0.00,0.00,0.00,0,0,0.00,0.00,0,0
1476928473,s2,0.00,0.00,0.00,0,0,0.00,0.00,0.00,0,0,0.00,0.00,0,0
1476928473,s1-eth2,5460.00,243016.00,248476.00,243016,5460,82.00,84.00,166.00,84,82,0.00,0.00,0,0
1476928473,s1-eth1,245846.00,5460.00,251306.00,5460,245846,83.00,82.00,165.00,82,83,0.00,0.00,0,0
1476928473,s2-eth2,0.00,0.00,0.00,0,0,0.00,0.00,0.00,0,0,0.00,0.00,0,0
1476928473,s2-eth1,0.00,0.00,0.00,0,0,0.00,0.00,0.00,0,0,0.00,0.00,0,0
1476928473,lo,344.00,344.00,688.00,344,344,6.00,6.00,12.00,6,6,0.00,0.00,0,0
1476928473,total,251650.00,248820.00,500470.00,248820,251650,171.00,172.00,343.00,172,171,0.00,0.00,0,0
1476928474,s1,0.00,0.00,0.00,0,0,0.00,0.00,0.00,0,0,0.00,0.00,0,0
1476928474,eth0,0.00,0.00,0.00,0,0,0.00,0.00,0.00,0,0,0.00,0.00,0,0
1476928474,s2,0.00,0.00,0.00,0,0,0.00,0.00,0.00,0,0,0.00,0.00,0,0
1476928474,s1-eth2,6215.35,251609.17,257824.53,252364,6234,90.73,93.72,184.45,94,91,0.00,0.00,0,0
1476928474,s1-eth1,245834.50,6215.35,252049.86,6234,246572,93.72,90.73,184.45,91,94,0.00,0.00,0,0
1476928474,s2-eth2,0.00,0.00,0.00,0,0,0.00,0.00,0.00,0,0,0.00,0.00,0,0
1476928474,s2-eth1,0.00,0.00,0.00,0,0,0.00,0.00,0.00,0,0,0.00,0.00,0,0
1476928474,lo,0.00,0.00,0.00,0,0,0.00,0.00,0.00,0,0,0.00,0.00,0,0
1476928474,total,252049.86,257824.53,509874.38,258598,252806,184.45,184.45,368.89,185,185,0.00,0.00,0,0
1476928475,s1,0.00,0.00,0.00,0,0,0.00,0.00,0.00,0,0,0.00,0.00,0,0
1476928475,eth0,0.00,0.00,0.00,0,0,0.00,0.00,0.00,0,0,0.00,0.00,0,0
1476928475,s2,0.00,0.00,0.00,0,0,0.00,0.00,0.00,0,0,0.00,0.00,0,0
1476928475,s1-eth2,5838.00,252166.00,258004.00,252166,5838,87.00,91.00,178.00,91,87,0.00,0.00,0,0
1476928475,s1-eth1,243280.00,5838.00,249118.00,5838,243280,88.00,87.00,175.00,87,88,0.00,0.00,0,0
1476928475,s2-eth2,0.00,0.00,0.00,0,0,0.00,0.00,0.00,0,0,0.00,0.00,0,0
1476928475,s2-eth1,0.00,0.00,0.00,0,0,0.00,0.00,0.00,0,0,0.00,0.00,0,0
1476928475,lo,0.00,0.00,0.00,0,0,0.00,0.00,0.00,0,0,0.00,0.00,0,0
1476928475,total,249118.00,258004.00,507122.00,258004,249118,175.00,178.00,353.00,178,175,0.00,0.00,0,0
1476928476,s1,0.00,0.00,0.00,0,0,0.00,0.00,0.00,0,0,0.00,0.00,0,0
1476928476,eth0,304.00,490.00,794.00,490,304,4.00,4.00,8.00,4,4,0.00,0.00,0,0
1476928476,s2,0.00,0.00,0.00,0,0,0.00,0.00,0.00,0,0,0.00,0.00,0,0
1476928476,s1-eth2,6194.00,249270.00,255464.00,249270,6194,87.00,91.00,178.00,91,87,0.00,0.00,0,0
1476928476,s1-eth1,246870.00,5742.00,252612.00,5742,246870,93.00,85.00,178.00,85,93,0.00,0.00,0,0
1476928476,s2-eth2,0.00,0.00,0.00,0,0,0.00,0.00,0.00,0,0,0.00,0.00,0,0
1476928476,s2-eth1,530.00,0.00,530.00,0,530,3.00,0.00,3.00,0,3,0.00,0.00,0,0
1476928476,lo,682.00,682.00,1364.00,682,682,8.00,8.00,16.00,8,8,0.00,0.00,0,0
1476928476,total,254580.00,256184.00,510764.00,256184,254580,195.00,188.00,383.00,188,195,0.00,0.00,0,0
1476928477,s1,0.00,0.00,0.00,0,0,0.00,0.00,0.00,0,0,0.00,0.00,0,0
1476928477,eth0,456.00,735.00,1191.00,735,456,6.00,6.00,12.00,6,6,0.00,0.00,0,0
1476928477,s2,0.00,0.00,0.00,0,0,0.00,0.00,0.00,0,0,0.00,0.00,0,0
1476928477,s1-eth2,5918.00,247690.00,253608.00,247690,5918,87.00,89.00,176.00,89,87,0.00,0.00,0,0
1476928477,s1-eth1,243292.00,5730.00,249022.00,5730,243292,88.00,85.00,173.00,85,88,0.00,0.00,0,0
1476928477,s2-eth2,530.00,0.00,530.00,0,530,3.00,0.00,3.00,0,3,0.00,0.00,0,0
1476928477,s2-eth1,360.00,0.00,360.00,0,360,4.00,0.00,4.00,0,4,0.00,0.00,0,0
1476928477,lo,1023.00,1023.00,2046.00,1023,1023,12.00,12.00,24.00,12,12,0.00,0.00,0,0
1476928477,total,251579.00,255178.00,506757.00,255178,251579,200.00,192.00,392.00,192,200,0.00,0.00,0,0
1476928478,s1,0.00,0.00,0.00,0,0,0.00,0.00,0.00,0,0,0.00,0.00,0,0
1476928478,eth0,456.00,735.00,1191.00,735,456,6.00,6.00,12.00,6,6,0.00,0.00,0,0
1476928478,s2,0.00,0.00,0.00,0,0,0.00,0.00,0.00,0,0,0.00,0.00,0,0
1476928478,s1-eth2,7141.00,249072.00,256213.00,249072,7141,91.00,88.00,179.00,88,91,0.00,0.00,0,0
1476928478,s1-eth1,244843.00,5472.00,250315.00,5472,244843,95.00,82.00,177.00,82,95,0.00,0.00,0,0
1476928478,s2-eth2,999.00,0.00,999.00,0,999,7.00,0.00,7.00,0,7,0.00,0.00,0,0
1476928478,s2-eth1,1856.00,0.00,1856.00,0,1856,8.00,0.00,8.00,0,8,0.00,0.00,0,0
1476928478,lo,1367.00,1367.00,2734.00,1367,1367,18.00,18.00,36.00,18,18,0.00,0.00,0,0
1476928478,total,256662.00,256646.00,513308.00,256646,256662,225.00,194.00,419.00,194,225,0.00,0.00,0,0
1476928479,s1,0.00,0.00,0.00,0,0,0.00,0.00,0.00,0,0,0.00,0.00,0,0
1476928479,eth0,151.70,244.51,396.21,245,152,2.00,2.00,3.99,2,2,0.00,0.00,0,0
1476928479,s2,0.00,0.00,0.00,0,0,0.00,0.00,0.00,0,0,0.00,0.00,0,0
1476928479,s1-eth2,6777.45,253371.27,260148.70,253878,6791,93.81,94.81,188.62,95,94,0.00,0.00,0,0
1476928479,s1-eth1,246909.19,6047.90,252957.09,6060,247403,95.81,89.82,185.63,90,96,0.00,0.00,0,0
1476928479,s2-eth2,1507.98,0.00,1507.98,0,1511,6.99,0.00,6.99,0,7,0.00,0.00,0,0
1476928479,s2-eth1,619.76,0.00,619.76,0,621,2.99,0.00,2.99,0,3,0.00,0.00,0,0
1476928479,lo,340.32,340.32,680.64,341,341,3.99,3.99,7.98,4,4,0.00,0.00,0,0
1476928479,total,256306.39,260004.00,516310.41,260524,256819,205.59,190.62,396.21,191,206,0.00,0.00,0,0
1476928480,s1,0.00,0.00,0.00,0,0,0.00,0.00,0.00,0,0,0.00,0.00,0,0
1476928480,eth0,0.00,0.00,0.00,0,0,0.00,0.00,0.00,0,0,0.00,0.00,0,0
1476928480,s2,0.00,0.00,0.00,0,0,0.00,0.00,0.00,0,0,0.00,0.00,0,0
1476928480,s1-eth2,6999.00,252562.00,259561.00,252562,6999,95.00,97.00,192.00,97,95,0.00,0.00,0,0
1476928480,s1-eth1,243742.00,6330.00,250072.00,6330,243742,95.00,93.00,188.00,93,95,0.00,0.00,0,0
1476928480,s2-eth2,327.00,0.00,327.00,0,327,1.00,0.00,1.00,0,1,0.00,0.00,0,0
1476928480,s2-eth1,342.00,0.00,342.00,0,342,1.00,0.00,1.00,0,1,0.00,0.00,0,0
1476928480,lo,0.00,0.00,0.00,0,0,0.00,0.00,0.00,0,0,0.00,0.00,0,0
1476928480,total,251410.00,258892.00,510302.00,258892,251410,192.00,190.00,382.00,190,192,0.00,0.00,0,0
1476928481,s1,0.00,0.00,0.00,0,0,0.00,0.00,0.00,0,0,0.00,0.00,0,0
1476928481,eth0,60.00,60.00,120.00,60,60,1.00,1.00,2.00,1,1,0.00,0.00,0,0
1476928481,s2,0.00,0.00,0.00,0,0,0.00,0.00,0.00,0,0,0.00,0.00,0,0
1476928481,s1-eth2,6098.00,252298.00,258396.00,252298,6098,86.00,93.00,179.00,93,86,0.00,0.00,0,0
1476928481,s1-eth1,245495.00,5724.00,251219.00,5724,245495,92.00,84.00,176.00,84,92,0.00,0.00,0,0
1476928481,s2-eth2,716.00,0.00,716.00,0,716,3.00,0.00,3.00,0,3,0.00,0.00,0,0
1476928481,s2-eth1,771.00,0.00,771.00,0,771,4.00,0.00,4.00,0,4,0.00,0.00,0,0
1476928481,lo,0.00,0.00,0.00,0,0,0.00,0.00,0.00,0,0,0.00,0.00,0,0
1476928481,total,253140.00,258082.00,511222.00,258082,253140,186.00,178.00,364.00,178,186,0.00,0.00,0,0
1476928482,s1,0.00,0.00,0.00,0,0,0.00,0.00,0.00,0,0,0.00,0.00,0,0
1476928482,eth0,0.00,0.00,0.00,0,0,0.00,0.00,0.00,0,0,0.00,0.00,0,0
1476928482,s2,0.00,0.00,0.00,0,0,0.00,0.00,0.00,0,0,0.00,0.00,0,0
1476928482,s1-eth2,5965.00,257892.00,263857.00,257892,5965,86.00,90.00,176.00,90,86,0.00,0.00,0,0
1476928482,s1-eth1,244666.00,5568.00,250234.00,5568,244666,87.00,84.00,171.00,84,87,0.00,0.00,0,0
1476928482,s2-eth2,397.00,0.00,397.00,0,397,2.00,0.00,2.00,0,2,0.00,0.00,0,0
1476928482,s2-eth1,0.00,0.00,0.00,0,0,0.00,0.00,0.00,0,0,0.00,0.00,0,0
1476928482,lo,0.00,0.00,0.00,0,0,0.00,0.00,0.00,0,0,0.00,0.00,0,0
1476928482,total,251028.00,263460.00,514488.00,263460,251028,175.00,174.00,349.00,174,175,0.00,0.00,0,0
1476928483,s1,0.00,0.00,0.00,0,0,0.00,0.00,0.00,0,0,0.00,0.00,0,0
1476928483,eth0,0.00,0.00,0.00,0,0,0.00,0.00,0.00,0,0,0.00,0.00,0,0
1476928483,s2,0.00,0.00,0.00,0,0,0.00,0.00,0.00,0,0,0.00,0.00,0,0
1476928483,s1-eth2,5394.00,248940.00,254334.00,248940,5394,81.00,86.00,167.00,86,81,0.00,0.00,0,0
1476928483,s1-eth1,245978.00,5394.00,251372.00,5394,245978,85.00,81.00,166.00,81,85,0.00,0.00,0,0
1476928483,s2-eth2,0.00,0.00,0.00,0,0,0.00,0.00,0.00,0,0,0.00,0.00,0,0
1476928483,s2-eth1,0.00,0.00,0.00,0,0,0.00,0.00,0.00,0,0,0.00,0.00,0,0
1476928483,lo,344.00,344.00,688.00,344,344,6.00,6.00,12.00,6,6,0.00,0.00,0,0
1476928483,total,251716.00,254678.00,506394.00,254678,251716,172.00,173.00,345.00,173,172,0.00,0.00,0,0
1476928484,s1,0.00,0.00,0.00,0,0,0.00,0.00,0.00,0,0,0.00,0.00,0,0
1476928484,eth0,0.00,0.00,0.00,0,0,0.00,0.00,0.00,0,0,0.00,0.00,0,0
1476928484,s2,0.00,0.00,0.00,0,0,0.00,0.00,0.00,0,0,0.00,0.00,0,0
1476928484,s1-eth2,6990.00,253090.00,260080.00,253090,6990,97.00,105.00,202.00,105,97,0.00,0.00,0,0
1476928484,s1-eth1,244006.00,6648.00,250654.00,6648,244006,99.00,96.00,195.00,96,99,0.00,0.00,0,0
1476928484,s2-eth2,0.00,0.00,0.00,0,0,0.00,0.00,0.00,0,0,0.00,0.00,0,0
1476928484,s2-eth1,0.00,0.00,0.00,0,0,0.00,0.00,0.00,0,0,0.00,0.00,0,0
1476928484,lo,0.00,0.00,0.00,0,0,0.00,0.00,0.00,0,0,0.00,0.00,0,0
1476928484,total,250996.00,259738.00,510734.00,259738,250996,196.00,201.00,397.00,201,196,0.00,0.00,0,0
1476928485,s1,0.00,0.00,0.00,0,0,0.00,0.00,0.00,0,0,0.00,0.00,0,0
1476928485,eth0,0.00,0.00,0.00,0,0,0.00,0.00,0.00,0,0,0.00,0.00,0,0
1476928485,s2,0.00,0.00,0.00,0,0,0.00,0.00,0.00,0,0,0.00,0.00,0,0
1476928485,s1-eth2,6011.00,256576.00,262587.00,256576,6011,89.00,92.00,181.00,92,89,0.00,0.00,0,0
1476928485,s1-eth1,246415.00,5904.00,252319.00,5904,246415,91.00,88.00,179.00,88,91,0.00,0.00,0,0
1476928485,s2-eth2,107.00,0.00,107.00,0,107,1.00,0.00,1.00,0,1,0.00,0.00,0,0
1476928485,s2-eth1,177.00,0.00,177.00,0,177,2.00,0.00,2.00,0,2,0.00,0.00,0,0
1476928485,lo,0.00,0.00,0.00,0,0,0.00,0.00,0.00,0,0,0.00,0.00,0,0
1476928485,total,252710.00,262480.00,515190.00,262480,252710,183.00,180.00,363.00,180,183,0.00,0.00,0,0
1476928486,s1,0.00,0.00,0.00,0,0,0.00,0.00,0.00,0,0,0.00,0.00,0,0
1476928486,eth0,0.00,0.00,0.00,0,0,0.00,0.00,0.00,0,0,0.00,0.00,0,0
1476928486,s2,0.00,0.00,0.00,0,0,0.00,0.00,0.00,0,0,0.00,0.00,0,0
1476928486,s1-eth2,6124.00,249534.00,255658.00,249534,6124,90.00,95.00,185.00,95,90,0.00,0.00,0,0
1476928486,s1-eth1,242166.00,6054.00,248220.00,6054,242166,93.00,89.00,182.00,89,93,0.00,0.00,0,0
1476928486,s2-eth2,70.00,0.00,70.00,0,70,1.00,0.00,1.00,0,1,0.00,0.00,0,0
1476928486,s2-eth1,342.00,0.00,342.00,0,342,1.00,0.00,1.00,0,1,0.00,0.00,0,0
1476928486,lo,0.00,0.00,0.00,0,0,0.00,0.00,0.00,0,0,0.00,0.00,0,0
1476928486,total,248702.00,255588.00,504290.00,255588,248702,185.00,184.00,369.00,184,185,0.00,0.00,0,0
1476928487,s1,0.00,0.00,0.00,0,0,0.00,0.00,0.00,0,0,0.00,0.00,0,0
1476928487,eth0,0.00,0.00,0.00,0,0,0.00,0.00,0.00,0,0,0.00,0.00,0,0
1476928487,s2,0.00,0.00,0.00,0,0,0.00,0.00,0.00,0,0,0.00,0.00,0,0
1476928487,s1-eth2,6414.00,255590.00,262004.00,255590,6414,95.00,99.00,194.00,99,95,0.00,0.00,0,0
1476928487,s1-eth1,248152.00,6480.00,254632.00,6480,248152,96.00,96.00,192.00,96,96,0.00,0.00,0,0
1476928487,s2-eth2,0.00,0.00,0.00,0,0,0.00,0.00,0.00,0,0,0.00,0.00,0,0
1476928487,s2-eth1,0.00,0.00,0.00,0,0,0.00,0.00,0.00,0,0,0.00,0.00,0,0
1476928487,lo,0.00,0.00,0.00,0,0,0.00,0.00,0.00,0,0,0.00,0.00,0,0
1476928487,total,254566.00,262070.00,516636.00,262070,254566,191.00,195.00,386.00,195,191,0.00,0.00,0,0
1476928488,s1,0.00,0.00,0.00,0,0,0.00,0.00,0.00,0,0,0.00,0.00,0,0
1476928488,eth0,0.00,0.00,0.00,0,0,0.00,0.00,0.00,0,0,0.00,0.00,0,0
1476928488,s2,0.00,0.00,0.00,0,0,0.00,0.00,0.00,0,0,0.00,0.00,0,0
1476928488,s1-eth2,6060.00,261382.00,267442.00,261382,6060,90.00,99.00,189.00,99,90,0.00,0.00,0,0
1476928488,s1-eth1,243952.00,5994.00,249946.00,5994,243952,94.00,89.00,183.00,89,94,0.00,0.00,0,0
1476928488,s2-eth2,0.00,0.00,0.00,0,0,0.00,0.00,0.00,0,0,0.00,0.00,0,0
1476928488,s2-eth1,0.00,0.00,0.00,0,0,0.00,0.00,0.00,0,0,0.00,0.00,0,0
1476928488,lo,344.00,344.00,688.00,344,344,6.00,6.00,12.00,6,6,0.00,0.00,0,0
1476928488,total,250356.00,267720.00,518076.00,267720,250356,190.00,194.00,384.00,194,190,0.00,0.00,0,0
1476928489,s1,0.00,0.00,0.00,0,0,0.00,0.00,0.00,0,0,0.00,0.00,0,0
1476928489,eth0,0.00,0.00,0.00,0,0,0.00,0.00,0.00,0,0,0.00,0.00,0,0
1476928489,s2,0.00,0.00,0.00,0,0,0.00,0.00,0.00,0,0,0.00,0.00,0,0
1476928489,s1-eth2,6700.00,247298.00,253998.00,247298,6700,96.00,105.00,201.00,105,96,0.00,0.00,0,0
1476928489,s1-eth1,241242.00,6700.00,247942.00,6700,241242,101.00,96.00,197.00,96,101,0.00,0.00,0,0
1476928489,s2-eth2,342.00,0.00,342.00,0,342,1.00,0.00,1.00,0,1,0.00,0.00,0,0
1476928489,s2-eth1,0.00,0.00,0.00,0,0,0.00,0.00,0.00,0,0,0.00,0.00,0,0
1476928489,lo,0.00,0.00,0.00,0,0,0.00,0.00,0.00,0,0,0.00,0.00,0,0
1476928489,total,248284.00,253998.00,502282.00,253998,248284,198.00,201.00,399.00,201,198,0.00,0.00,0,0
1476928490,s1,0.00,0.00,0.00,0,0,0.00,0.00,0.00,0,0,0.00,0.00,0,0
1476928490,eth0,0.00,0.00,0.00,0,0,0.00,0.00,0.00,0,0,0.00,0.00,0,0
1476928490,s2,0.00,0.00,0.00,0,0,0.00,0.00,0.00,0,0,0.00,0.00,0,0
1476928490,s1-eth2,4374.00,179936.00,184310.00,179936,4374,65.00,68.00,133.00,68,65,0.00,0.00,0,0
1476928490,s1-eth1,176974.00,4374.00,181348.00,4374,176974,67.00,65.00,132.00,65,67,0.00,0.00,0,0
1476928490,s2-eth2,0.00,0.00,0.00,0,0,0.00,0.00,0.00,0,0,0.00,0.00,0,0
1476928490,s2-eth1,0.00,0.00,0.00,0,0,0.00,0.00,0.00,0,0,0.00,0.00,0,0
1476928490,lo,0.00,0.00,0.00,0,0,0.00,0.00,0.00,0,0,0.00,0.00,0,0
1476928490,total,181348.00,184310.00,365658.00,184310,181348,132.00,133.00,265.00,133,132,0.00,0.00,0,0
1476928491,s1,0.00,0.00,0.00,0,0,0.00,0.00,0.00,0,0,0.00,0.00,0,0
1476928491,eth0,0.00,0.00,0.00,0,0,0.00,0.00,0.00,0,0,0.00,0.00,0,0
1476928491,s2,0.00,0.00,0.00,0,0,0.00,0.00,0.00,0,0,0.00,0.00,0,0
1476928491,s1-eth2,342.00,0.00,342.00,0,342,1.00,0.00,1.00,0,1,0.00,0.00,0,0
1476928491,s1-eth1,0.00,0.00,0.00,0,0,0.00,0.00,0.00,0,0,0.00,0.00,0,0
1476928491,s2-eth2,0.00,0.00,0.00,0,0,0.00,0.00,0.00,0,0,0.00,0.00,0,0
1476928491,s2-eth1,0.00,0.00,0.00,0,0,0.00,0.00,0.00,0,0,0.00,0.00,0,0
1476928491,lo,0.00,0.00,0.00,0,0,0.00,0.00,0.00,0,0,0.00,0.00,0,0
1476928491,total,342.00,0.00,342.00,0,342,1.00,0.00,1.00,0,1,0.00,0.00,0,0
1476928492,s1,0.00,0.00,0.00,0,0,0.00,0.00,0.00,0,0,0.00,0.00,0,0
1476928492,eth0,0.00,0.00,0.00,0,0,0.00,0.00,0.00,0,0,0.00,0.00,0,0
1476928492,s2,0.00,0.00,0.00,0,0,0.00,0.00,0.00,0,0,0.00,0.00,0,0
1476928492,s1-eth2,0.00,0.00,0.00,0,0,0.00,0.00,0.00,0,0,0.00,0.00,0,0
1476928492,s1-eth1,0.00,0.00,0.00,0,0,0.00,0.00,0.00,0,0,0.00,0.00,0,0
1476928492,s2-eth2,0.00,0.00,0.00,0,0,0.00,0.00,0.00,0,0,0.00,0.00,0,0
1476928492,s2-eth1,0.00,0.00,0.00,0,0,0.00,0.00,0.00,0,0,0.00,0.00,0,0
1476928492,lo,0.00,0.00,0.00,0,0,0.00,0.00,0.00,0,0,0.00,0.00,0,0
1476928492,total,0.00,0.00,0.00,0,0,0.00,0.00,0.00,0,0,0.00,0.00,0,0
1476928493,s1,0.00,0.00,0.00,0,0,0.00,0.00,0.00,0,0,0.00,0.00,0,0
1476928493,eth0,0.00,0.00,0.00,0,0,0.00,0.00,0.00,0,0,0.00,0.00,0,0
1476928493,s2,0.00,0.00,0.00,0,0,0.00,0.00,0.00,0,0,0.00,0.00,0,0
1476928493,s1-eth2,107.00,0.00,107.00,0,107,1.00,0.00,1.00,0,1,0.00,0.00,0,0
1476928493,s1-eth1,107.00,0.00,107.00,0,107,1.00,0.00,1.00,0,1,0.00,0.00,0,0
1476928493,s2-eth2,107.00,0.00,107.00,0,107,1.00,0.00,1.00,0,1,0.00,0.00,0,0
1476928493,s2-eth1,107.00,0.00,107.00,0,107,1.00,0.00,1.00,0,1,0.00,0.00,0,0
1476928493,lo,344.00,344.00,688.00,344,344,6.00,6.00,12.00,6,6,0.00,0.00,0,0
1476928493,total,772.00,344.00,1116.00,344,772,10.00,6.00,16.00,6,10,0.00,0.00,0,0
1476928494,s1,0.00,0.00,0.00,0,0,0.00,0.00,0.00,0,0,0.00,0.00,0,0
1476928494,eth0,0.00,0.00,0.00,0,0,0.00,0.00,0.00,0,0,0.00,0.00,0,0
1476928494,s2,0.00,0.00,0.00,0,0,0.00,0.00,0.00,0,0,0.00,0.00,0,0
1476928494,s1-eth2,0.00,0.00,0.00,0,0,0.00,0.00,0.00,0,0,0.00,0.00,0,0
1476928494,s1-eth1,0.00,0.00,0.00,0,0,0.00,0.00,0.00,0,0,0.00,0.00,0,0
1476928494,s2-eth2,0.00,0.00,0.00,0,0,0.00,0.00,0.00,0,0,0.00,0.00,0,0
1476928494,s2-eth1,0.00,0.00,0.00,0,0,0.00,0.00,0.00,0,0,0.00,0.00,0,0
1476928494,lo,0.00,0.00,0.00,0,0,0.00,0.00,0.00,0,0,0.00,0.00,0,0
1476928494,total,0.00,0.00,0.00,0,0,0.00,0.00,0.00,0,0,0.00,0.00,0,0
1476928495,s1,0.00,0.00,0.00,0,0,0.00,0.00,0.00,0,0,0.00,0.00,0,0
1476928495,eth0,0.00,0.00,0.00,0,0,0.00,0.00,0.00,0,0,0.00,0.00,0,0
1476928495,s2,0.00,0.00,0.00,0,0,0.00,0.00,0.00,0,0,0.00,0.00,0,0
1476928495,s1-eth2,0.00,0.00,0.00,0,0,0.00,0.00,0.00,0,0,0.00,0.00,0,0
1476928495,s1-eth1,0.00,0.00,0.00,0,0,0.00,0.00,0.00,0,0,0.00,0.00,0,0
1476928495,s2-eth2,0.00,0.00,0.00,0,0,0.00,0.00,0.00,0,0,0.00,0.00,0,0
1476928495,s2-eth1,0.00,0.00,0.00,0,0,0.00,0.00,0.00,0,0,0.00,0.00,0,0
1476928495,lo,0.00,0.00,0.00,0,0,0.00,0.00,0.00,0,0,0.00,0.00,0,0
1476928495,total,0.00,0.00,0.00,0,0,0.00,0.00,0.00,0,0,0.00,0.00,0,0
1476928496,s1,0.00,0.00,0.00,0,0,0.00,0.00,0.00,0,0,0.00,0.00,0,0
1476928496,eth0,0.00,0.00,0.00,0,0,0.00,0.00,0.00,0,0,0.00,0.00,0,0
1476928496,s2,0.00,0.00,0.00,0,0,0.00,0.00,0.00,0,0,0.00,0.00,0,0
1476928496,s1-eth2,0.00,0.00,0.00,0,0,0.00,0.00,0.00,0,0,0.00,0.00,0,0
1476928496,s1-eth1,0.00,0.00,0.00,0,0,0.00,0.00,0.00,0,0,0.00,0.00,0,0
1476928496,s2-eth2,0.00,0.00,0.00,0,0,0.00,0.00,0.00,0,0,0.00,0.00,0,0
1476928496,s2-eth1,0.00,0.00,0.00,0,0,0.00,0.00,0.00,0,0,0.00,0.00,0,0
1476928496,lo,0.00,0.00,0.00,0,0,0.00,0.00,0.00,0,0,0.00,0.00,0,0
1476928496,total,0.00,0.00,0.00,0,0,0.00,0.00,0.00,0,0,0.00,0.00,0,0
1476928497,s1,0.00,0.00,0.00,0,0,0.00,0.00,0.00,0,0,0.00,0.00,0,0
1476928497,eth0,0.00,0.00,0.00,0,0,0.00,0.00,0.00,0,0,0.00,0.00,0,0
1476928497,s2,0.00,0.00,0.00,0,0,0.00,0.00,0.00,0,0,0.00,0.00,0,0
1476928497,s1-eth2,0.00,0.00,0.00,0,0,0.00,0.00,0.00,0,0,0.00,0.00,0,0
1476928497,s1-eth1,0.00,0.00,0.00,0,0,0.00,0.00,0.00,0,0,0.00,0.00,0,0
1476928497,s2-eth2,0.00,0.00,0.00,0,0,0.00,0.00,0.00,0,0,0.00,0.00,0,0
1476928497,s2-eth1,0.00,0.00,0.00,0,0,0.00,0.00,0.00,0,0,0.00,0.00,0,0
1476928497,lo,0.00,0.00,0.00,0,0,0.00,0.00,0.00,0,0,0.00,0.00,0,0
1476928497,total,0.00,0.00,0.00,0,0,0.00,0.00,0.00,0,0,0.00,0.00,0,0
1476928498,s1,0.00,0.00,0.00,0,0,0.00,0.00,0.00,0,0,0.00,0.00,0,0
1476928498,eth0,0.00,0.00,0.00,0,0,0.00,0.00,0.00,0,0,0.00,0.00,0,0
1476928498,s2,0.00,0.00,0.00,0,0,0.00,0.00,0.00,0,0,0.00,0.00,0,0
1476928498,s1-e