1476927836,s1,0.00,0.00,0.00,0,0,0.00,0.00,0.00,0,0,0.00,0.00,0,0
1476927836,eth0,0.00,0.00,0.00,0,0,0.00,0.00,0.00,0,0,0.00,0.00,0,0
1476927836,s2,0.00,0.00,0.00,0,0,0.00,0.00,0.00,0,0,0.00,0.00,0,0
1476927836,s1-eth2,0.00,0.00,0.00,0,0,0.00,0.00,0.00,0,0,0.00,0.00,0,0
1476927836,s1-eth1,0.00,0.00,0.00,0,0,0.00,0.00,0.00,0,0,0.00,0.00,0,0
1476927836,s3,0.00,0.00,0.00,0,0,0.00,0.00,0.00,0,0,0.00,0.00,0,0
1476927836,s2-eth2,0.00,0.00,0.00,0,0,0.00,0.00,0.00,0,0,0.00,0.00,0,0
1476927836,s2-eth1,0.00,0.00,0.00,0,0,0.00,0.00,0.00,0,0,0.00,0.00,0,0
1476927836,lo,0.00,0.00,0.00,0,0,0.00,0.00,0.00,0,0,0.00,0.00,0,0
1476927836,s3-eth2,0.00,0.00,0.00,0,0,0.00,0.00,0.00,0,0,0.00,0.00,0,0
1476927836,s3-eth1,0.00,0.00,0.00,0,0,0.00,0.00,0.00,0,0,0.00,0.00,0,0
1476927836,total,0.00,0.00,0.00,0,0,0.00,0.00,0.00,0,0,0.00,0.00,0,0
1476927837,s1,250.00,340.00,590.00,340,250,3.00,4.00,7.00,4,3,0.00,0.00,0,0
1476927837,eth0,912.00,1470.00,2382.00,1470,912,12.00,12.00,24.00,12,12,0.00,0.00,0,0
1476927837,s2,250.00,180.00,430.00,180,250,3.00,2.00,5.00,2,3,0.00,0.00,0,0
1476927837,s1-eth2,1319.00,250.00,1569.00,250,1319,11.00,3.00,14.00,3,11,0.00,0.00,0,0
1476927837,s1-eth1,1656.00,90.00,1746.00,90,1656,11.00,1.00,12.00,1,11,0.00,0.00,0,0
1476927837,s3,250.00,250.00,500.00,250,250,3.00,3.00,6.00,3,3,0.00,0.00,0,0
1476927837,s2-eth2,1774.00,90.00,1864.00,90,1774,13.00,1.00,14.00,1,13,0.00,0.00,0,0
1476927837,s2-eth1,1741.00,90.00,1831.00,90,1741,10.00,1.00,11.00,1,10,0.00,0.00,0,0
1476927837,lo,7130.00,7130.00,14260.00,7130,7130,78.00,78.00,156.00,78,78,0.00,0.00,0,0
1476927837,s3-eth2,1684.00,160.00,1844.00,160,1684,12.00,2.00,14.00,2,12,0.00,0.00,0,0
1476927837,s3-eth1,2099.00,90.00,2189.00,90,2099,14.00,1.00,15.00,1,14,0.00,0.00,0,0
1476927837,total,19065.00,10140.00,29205.00,10140,19065,170.00,108.00,278.00,108,170,0.00,0.00,0,0
1476927838,s1,0.00,0.00,0.00,0,0,0.00,0.00,0.00,0,0,0.00,0.00,0,0
1476927838,eth0,152.00,245.00,397.00,245,152,2.00,2.00,4.00,2,2,0.00,0.00,0,0
1476927838,s2,0.00,0.00,0.00,0,0,0.00,0.00,0.00,0,0,0.00,0.00,0,0
1476927838,s1-eth2,1576.00,0.00,1576.00,0,1576,6.00,0.00,6.00,0,6,0.00,0.00,0,0
1476927838,s1-eth1,327.00,0.00,327.00,0,327,1.00,0.00,1.00,0,1,0.00,0.00,0,0
1476927838,s3,0.00,90.00,90.00,90,0,0.00,1.00,1.00,1,0,0.00,0.00,0,0
1476927838,s2-eth2,1388.00,0.00,1388.00,0,1388,5.00,0.00,5.00,0,5,0.00,0.00,0,0
1476927838,s2-eth1,936.00,0.00,936.00,0,936,3.00,0.00,3.00,0,3,0.00,0.00,0,0
1476927838,lo,629.00,629.00,1258.00,629,629,7.00,7.00,14.00,7,7,0.00,0.00,0,0
1476927838,s3-eth2,1478.00,90.00,1568.00,90,1478,6.00,1.00,7.00,1,6,0.00,0.00,0,0
1476927838,s3-eth1,1223.00,0.00,1223.00,0,1223,6.00,0.00,6.00,0,6,0.00,0.00,0,0
1476927838,total,7709.00,1054.00,8763.00,1054,7709,36.00,11.00,47.00,11,36,0.00,0.00,0,0
1476927839,s1,0.00,0.00,0.00,0,0,0.00,0.00,0.00,0,0,0.00,0.00,0,0
1476927839,eth0,0.00,0.00,0.00,0,0,0.00,0.00,0.00,0,0,0.00,0.00,0,0
1476927839,s2,0.00,0.00,0.00,0,0,0.00,0.00,0.00,0,0,0.00,0.00,0,0
1476927839,s1-eth2,594.00,0.00,594.00,0,594,2.00,0.00,2.00,0,2,0.00,0.00,0,0
1476927839,s1-eth1,449.00,0.00,449.00,0,449,2.00,0.00,2.00,0,2,0.00,0.00,0,0
1476927839,s3,0.00,0.00,0.00,0,0,0.00,0.00,0.00,0,0,0.00,0.00,0,0
1476927839,s2-eth2,327.00,0.00,327.00,0,327,1.00,0.00,1.00,0,1,0.00,0.00,0,0
1476927839,s2-eth1,107.00,0.00,107.00,0,107,1.00,0.00,1.00,0,1,0.00,0.00,0,0
1476927839,lo,0.00,0.00,0.00,0,0,0.00,0.00,0.00,0,0,0.00,0.00,0,0
1476927839,s3-eth2,327.00,0.00,327.00,0,327,1.00,0.00,1.00,0,1,0.00,0.00,0,0
1476927839,s3-eth1,327.00,0.00,327.00,0,327,1.00,0.00,1.00,0,1,0.00,0.00,0,0
1476927839,total,2131.00,0.00,2131.00,0,2131,8.00,0.00,8.00,0,8,0.00,0.00,0,0
1476927840,s1,0.00,69.79,69.79,70,0,0.00,1.00,1.00,1,0,0.00,0.00,0,0
1476927840,eth0,59.82,59.82,119.64,60,60,1.00,1.00,1.99,1,1,0.00,0.00,0,0
1476927840,s2,0.00,139.58,139.58,140,0,0.00,1.99,1.99,2,0,0.00,0.00,0,0
1476927840,s1-eth2,218.34,41.87,260.22,42,219,2.99,1.00,3.99,1,3,0.00,0.00,0,0
1476927840,s1-eth1,703.89,111.67,815.55,112,706,3.99,1.99,5.98,2,4,0.00,0.00,0,0
1476927840,s3,0.00,69.79,69.79,70,0,0.00,1.00,1.00,1,0,0.00,0.00,0,0
1476927840,s2-eth2,442.67,69.79,512.46,70,444,2.99,1.00,3.99,1,3,0.00,0.00,0,0
1476927840,s2-eth1,405.78,69.79,475.57,70,407,2.99,1.00,3.99,1,3,0.00,0.00,0,0
1476927840,lo,1607.18,1607.18,3214.36,1612,1612,16.95,16.95,33.90,17,17,0.00,0.00,0,0
1476927840,s3-eth2,176.47,0.00,176.47,0,177,1.99,0.00,1.99,0,2,0.00,0.00,0,0
1476927840,s3-eth1,372.88,69.79,442.67,70,374,1.99,1.00,2.99,1,2,0.00,0.00,0,0
1476927840,total,3987.04,2309.07,6296.11,2316,3999,34.90,27.92,62.81,28,35,0.00,0.00,0,0
1476927841,s1,70.00,70.00,140.00,70,70,1.00,1.00,2.00,1,1,0.00,0.00,0,0
1476927841,eth0,0.00,0.00,0.00,0,0,0.00,0.00,0.00,0,0,0.00,0.00,0,0
1476927841,s2,70.00,0.00,70.00,0,70,1.00,0.00,1.00,0,1,0.00,0.00,0,0
1476927841,s1-eth2,734.00,70.00,804.00,70,734,4.00,1.00,5.00,1,4,0.00,0.00,0,0
1476927841,s1-eth1,482.00,0.00,482.00,0,482,3.00,0.00,3.00,0,3,0.00,0.00,0,0
1476927841,s3,70.00,70.00,140.00,70,70,1.00,1.00,2.00,1,1,0.00,0.00,0,0
1476927841,s2-eth2,809.00,0.00,809.00,0,809,4.00,0.00,4.00,0,4,0.00,0.00,0,0
1476927841,s2-eth1,397.00,0.00,397.00,0,397,2.00,0.00,2.00,0,2,0.00,0.00,0,0
1476927841,lo,1392.00,1392.00,2784.00,1392,1392,16.00,16.00,32.00,16,16,0.00,0.00,0,0
1476927841,s3-eth2,734.00,70.00,804.00,70,734,4.00,1.00,5.00,1,4,0.00,0.00,0,0
1476927841,s3-eth1,537.00,0.00,537.00,0,537,4.00,0.00,4.00,0,4,0.00,0.00,0,0
1476927841,total,5295.00,1672.00,6967.00,1672,5295,40.00,20.00,60.00,20,40,0.00,0.00,0,0
1476927842,s1,0.00,0.00,0.00,0,0,0.00,0.00,0.00,0,0,0.00,0.00,0,0
1476927842,eth0,0.00,0.00,0.00,0,0,0.00,0.00,0.00,0,0,0.00,0.00,0,0
1476927842,s2,0.00,0.00,0.00,0,0,0.00,0.00,0.00,0,0,0.00,0.00,0,0
1476927842,s1-eth2,0.00,0.00,0.00,0,0,0.00,0.00,0.00,0,0,0.00,0.00,0,0
1476927842,s1-eth1,0.00,0.00,0.00,0,0,0.00,0.00,0.00,0,0,0.00,0.00,0,0
1476927842,s3,0.00,0.00,0.00,0,0,0.00,0.00,0.00,0,0,0.00,0.00,0,0
1476927842,s2-eth2,0.00,0.00,0.00,0,0,0.00,0.00,0.00,0,0,0.00,0.00,0,0
1476927842,s2-eth1,0.00,0.00,0.00,0,0,0.00,0.00,0.00,0,0,0.00,0.00,0,0
1476927842,lo,0.00,0.00,0.00,0,0,0.00,0.00,0.00,0,0,0.00,0.00,0,0
1476927842,s3-eth2,342.00,0.00,342.00,0,342,1.00,0.00,1.00,0,1,0.00,0.00,0,0
1476927842,s3-eth1,342.00,0.00,342.00,0,342,1.00,0.00,1.00,0,1,0.00,0.00,0,0
1476927842,total,684.00,0.00,684.00,0,684,2.00,0.00,2.00,0,2,0.00,0.00,0,0
1476927843,s1,0.00,0.00,0.00,0,0,0.00,0.00,0.00,0,0,0.00,0.00,0,0
1476927843,eth0,0.00,0.00,0.00,0,0,0.00,0.00,0.00,0,0,0.00,0.00,0,0
1476927843,s2,0.00,0.00,0.00,0,0,0.00,0.00,0.00,0,0,0.00,0.00,0,0
1476927843,s1-eth2,0.00,0.00,0.00,0,0,0.00,0.00,0.00,0,0,0.00,0.00,0,0
1476927843,s1-eth1,107.00,0.00,107.00,0,107,1.00,0.00,1.00,0,1,0.00,0.00,0,0
1476927843,s3,0.00,0.00,0.00,0,0,0.00,0.00,0.00,0,0,0.00,0.00,0,0
1476927843,s2-eth2,0.00,0.00,0.00,0,0,0.00,0.00,0.00,0,0,0.00,0.00,0,0
1476927843,s2-eth1,449.00,0.00,449.00,0,449,2.00,0.00,2.00,0,2,0.00,0.00,0,0
1476927843,lo,0.00,0.00,0.00,0,0,0.00,0.00,0.00,0,0,0.00,0.00,0,0
1476927843,s3-eth2,0.00,0.00,0.00,0,0,0.00,0.00,0.00,0,0,0.00,0.00,0,0
1476927843,s3-eth1,0.00,0.00,0.00,0,0,0.00,0.00,0.00,0,0,0.00,0.00,0,0
1476927843,total,556.00,0.00,556.00,0,556,3.00,0.00,3.00,0,3,0.00,0.00,0,0
1476927844,s1,0.00,70.00,70.00,70,0,0.00,1.00,1.00,1,0,0.00,0.00,0,0
1476927844,eth0,0.00,0.00,0.00,0,0,0.00,0.00,0.00,0,0,0.00,0.00,0,0
1476927844,s2,0.00,140.00,140.00,140,0,0.00,2.00,2.00,2,0,0.00,0.00,0,0
1476927844,s1-eth2,177.00,0.00,177.00,0,177,2.00,0.00,2.00,0,2,0.00,0.00,0,0
1476927844,s1-eth1,70.00,70.00,140.00,70,70,1.00,1.00,2.00,1,1,0.00,0.00,0,0
1476927844,s3,0.00,70.00,70.00,70,0,0.00,1.00,1.00,1,0,0.00,0.00,0,0
1476927844,s2-eth2,519.00,70.00,589.00,70,519,3.00,1.00,4.00,1,3,0.00,0.00,0,0
1476927844,s2-eth1,140.00,70.00,210.00,70,140,2.00,1.00,3.00,1,2,0.00,0.00,0,0
1476927844,lo,1072.00,1072.00,2144.00,1072,1072,12.00,12.00,24.00,12,12,0.00,0.00,0,0
1476927844,s3-eth2,177.00,0.00,177.00,0,177,2.00,0.00,2.00,0,2,0.00,0.00,0,0
1476927844,s3-eth1,107.00,70.00,177.00,70,107,1.00,1.00,2.00,1,1,0.00,0.00,0,0
1476927844,total,2262.00,1632.00,3894.00,1632,2262,23.00,20.00,43.00,20,23,0.00,0.00,0,0
1476927845,s1,70.00,70.00,140.00,70,70,1.00,1.00,2.00,1,1,0.00,0.00,0,0
1476927845,eth0,0.00,0.00,0.00,0,0,0.00,0.00,0.00,0,0,0.00,0.00,0,0
1476927845,s2,70.00,0.00,70.00,0,70,1.00,0.00,1.00,0,1,0.00,0.00,0,0
1476927845,s1-eth2,140.00,70.00,210.00,70,140,2.00,1.00,3.00,1,2,0.00,0.00,0,0
1476927845,s1-eth1,140.00,0.00,140.00,0,140,2.00,0.00,2.00,0,2,0.00,0.00,0,0
1476927845,s3,70.00,70.00,140.00,70,70,1.00,1.00,2.00,1,1,0.00,0.00,0,0
1476927845,s2-eth2,140.00,0.00,140.00,0,140,2.00,0.00,2.00,0,2,0.00,0.00,0,0
1476927845,s2-eth1,70.00,0.00,70.00,0,70,1.00,0.00,1.00,0,1,0.00,0.00,0,0
1476927845,lo,1340.00,1340.00,2680.00,1340,1340,15.00,15.00,30.00,15,15,0.00,0.00,0,0
1476927845,s3-eth2,140.00,70.00,210.00,70,140,2.00,1.00,3.00,1,2,0.00,0.00,0,0
1476927845,s3-eth1,210.00,0.00,210.00,0,210,3.00,0.00,3.00,0,3,0.00,0.00,0,0
1476927845,total,2390.00,1620.00,4010.00,1620,2390,30.00,19.00,49.00,19,30,0.00,0.00,0,0
1476927846,s1,0.00,84.00,84.00,84,0,0.00,2.00,2.00,2,0,0.00,0.00,0,0
1476927846,eth0,0.00,0.00,0.00,0,0,0.00,0.00,0.00,0,0,0.00,0.00,0,0
1476927846,s2,0.00,126.00,126.00,126,0,0.00,3.00,3.00,3,0,0.00,0.00,0,0
1476927846,s1-eth2,56140.00,1139552.00,1195692.00,1139552,56140,758.00,766.00,1524.00,766,758,0.00,0.00,0,0
1476927846,s1-eth1,1138038.00,56214.00,1194252.00,56214,1138038,765.00,759.00,1524.00,759,765,0.00,0.00,0,0
1476927846,s3,0.00,126.00,126.00,126,0,0.00,3.00,3.00,3,0,0.00,0.00,0,0
1476927846,s2-eth2,9902.00,262224.00,272126.00,262224,9902,129.00,178.00,307.00,178,129,0.00,0.00,0,0
1476927846,s2-eth1,224374.00,9902.00,234276.00,9902,224374,153.00,129.00,282.00,129,153,0.00,0.00,0,0
1476927846,lo,6940.00,6940.00,13880.00,6940,6940,63.00,63.00,126.00,63,63,0.00,0.00,0,0
1476927846,s3-eth2,3002.00,116880.00,119882.00,116880,3002,37.00,82.00,119.00,82,37,0.00,0.00,0,0
1476927846,s3-eth1,71460.00,2660.00,74120.00,2660,71460,52.00,36.00,88.00,36,52,0.00,0.00,0,0
1476927846,total,1509856.00,1594708.00,3104564.00,1594708,1509856,1957.00,2021.00,3978.00,2021,1957,0.00,0.00,0,0
1476927847,s1,0.00,84.00,84.00,84,0,0.00,2.00,2.00,2,0,0.00,0.00,0,0
1476927847,eth0,0.00,0.00,0.00,0,0,0.00,0.00,0.00,0,0,0.00,0.00,0,0
1476927847,s2,0.00,84.00,84.00,84,0,0.00,2.00,2.00,2,0,0.00,0.00,0,0
1476927847,s1-eth2,48072.00,1243078.00,1291150.00,1243078,48072,646.00,823.00,1469.00,823,646,0.00,0.00,0,0
1476927847,s1-eth1,1243420.00,47730.00,1291150.00,47730,1243420,824.00,645.00,1469.00,645,824,0.00,0.00,0,0
1476927847,s3,0.00,84.00,84.00,84,0,0.00,2.00,2.00,2,0,0.00,0.00,0,0
1476927847,s2-eth2,13156.00,231726.00,244882.00,231726,13156,160.00,155.00,315.00,155,160,0.00,0.00,0,0
1476927847,s2-eth1,249894.00,13156.00,263050.00,13156,249894,167.00,160.00,327.00,160,167,0.00,0.00,0,0
1476927847,lo,1440.00,1440.00,2880.00,1440,1440,18.00,18.00,36.00,18,18,0.00,0.00,0,0
1476927847,s3-eth2,12122.00,192362.00,204484.00,192362,12122,145.00,129.00,274.00,129,145,0.00,0.00,0,0
1476927847,s3-eth1,219614.00,12122.00,231736.00,12122,219614,147.00,145.00,292.00,145,147,0.00,0.00,0,0
1476927847,total,1787718.00,1741866.00,3529584.00,1741866,1787718,2107.00,2081.00,4188.00,2081,2107,0.00,0.00,0,0
1476927848,s1,0.00,84.00,84.00,84,0,0.00,2.00,2.00,2,0,0.00,0.00,0,0
1476927848,eth0,0.00,0.00,0.00,0,0,0.00,0.00,0.00,0,0,0.00,0.00,0,0
1476927848,s2,0.00,84.00,84.00,84,0,0.00,2.00,2.00,2,0,0.00,0.00,0,0
1476927848,s1-eth2,33966.00,1243078.00,1277044.00,1243078,33966,459.00,823.00,1282.00,823,459,0.00,0.00,0,0
1476927848,s1-eth1,1243078.00,33966.00,1277044.00,33966,1243078,823.00,459.00,1282.00,459,823,0.00,0.00,0,0
1476927848,s3,0.00,84.00,84.00,84,0,0.00,2.00,2.00,2,0,0.00,0.00,0,0
1476927848,s2-eth2,12388.00,257464.00,269852.00,257464,12388,162.00,172.00,334.00,172,162,0.00,0.00,0,0
1476927848,s2-eth1,249894.00,12388.00,262282.00,12388,249894,167.00,162.00,329.00,162,167,0.00,0.00,0,0
1476927848,lo,1440.00,1440.00,2880.00,1440,1440,18.00,18.00,36.00,18,18,0.00,0.00,0,0
1476927848,s3-eth2,8648.00,171166.00,179814.00,171166,8648,112.00,115.00,227.00,115,112,0.00,0.00,0,0
1476927848,s3-eth1,168138.00,8648.00,176786.00,8648,168138,113.00,112.00,225.00,112,113,0.00,0.00,0,0
1476927848,total,1717552.00,1728402.00,3445954.00,1728402,1717552,1854.00,1867.00,3721.00,1867,1854,0.00,0.00,0,0
1476927849,s1,0.00,84.00,84.00,84,0,0.00,2.00,2.00,2,0,0.00,0.00,0,0
1476927849,eth0,0.00,0.00,0.00,0,0,0.00,0.00,0.00,0,0,0.00,0.00,0,0
1476927849,s2,0.00,84.00,84.00,84,0,0.00,2.00,2.00,2,0,0.00,0.00,0,0
1476927849,s1-eth2,34558.00,1249134.00,1283692.00,1249134,34558,467.00,827.00,1294.00,827,467,0.00,0.00,0,0
1476927849,s1-eth1,1249134.00,34558.00,1283692.00,34558,1249134,827.00,467.00,1294.00,467,827,0.00,0.00,0,0
1476927849,s3,0.00,84.00,84.00,84,0,0.00,2.00,2.00,2,0,0.00,0.00,0,0
1476927849,s2-eth2,12092.00,260492.00,272584.00,260492,12092,158.00,174.00,332.00,174,158,0.00,0.00,0,0
1476927849,s2-eth1,249894.00,12092.00,261986.00,12092,249894,167.00,158.00,325.00,158,167,0.00,0.00,0,0
1476927849,lo,1440.00,1440.00,2880.00,1440,1440,18.00,18.00,36.00,18,18,0.00,0.00,0,0
1476927849,s3-eth2,5950.00,116662.00,122612.00,116662,5950,77.00,79.00,156.00,79,77,0.00,0.00,0,0
1476927849,s3-eth1,118176.00,5950.00,124126.00,5950,118176,80.00,77.00,157.00,77,80,0.00,0.00,0,0
1476927849,total,1671244.00,1680580.00,3351824.00,1680580,1671244,1794.00,1806.00,3600.00,1806,1794,0.00,0.00,0,0
1476927850,s1,0.00,84.00,84.00,84,0,0.00,2.00,2.00,2,0,0.00,0.00,0,0
1476927850,eth0,0.00,0.00,0.00,0,0,0.00,0.00,0.00,0,0,0.00,0.00,0,0
1476927850,s2,0.00,84.00,84.00,84,0,0.00,2.00,2.00,2,0,0.00,0.00,0,0
1476927850,s1-eth2,32116.00,1240050.00,1272166.00,1240050,32116,434.00,821.00,1255.00,821,434,0.00,0.00,0,0
1476927850,s1-eth1,1240050.00,32042.00,1272092.00,32042,1240050,821.00,433.00,1254.00,433,821,0.00,0.00,0,0
1476927850,s3,0.00,84.00,84.00,84,0,0.00,2.00,2.00,2,0,0.00,0.00,0,0
1476927850,s2-eth2,12248.00,257464.00,269712.00,257464,12248,158.00,172.00,330.00,172,158,0.00,0.00,0,0
1476927850,s2-eth1,249894.00,12248.00,262142.00,12248,249894,167.00,158.00,325.00,158,167,0.00,0.00,0,0
1476927850,lo,1440.00,1440.00,2880.00,1440,1440,18.00,18.00,36.00,18,18,0.00,0.00,0,0
1476927850,s3-eth2,5806.00,119690.00,125496.00,119690,5806,77.00,81.00,158.00,81,77,0.00,0.00,0,0
1476927850,s3-eth1,115148.00,5806.00,120954.00,5806,115148,78.00,77.00,155.00,77,78,0.00,0.00,0,0
1476927850,total,1656702.00,1668992.00,3325694.00,1668992,1656702,1753.00,1766.00,3519.00,1766,1753,0.00,0.00,0,0
1476927851,s1,0.00,84.00,84.00,84,0,0.00,2.00,2.00,2,0,0.00,0.00,0,0
1476927851,eth0,0.00,0.00,0.00,0,0,0.00,0.00,0.00,0,0,0.00,0.00,0,0
1476927851,s2,0.00,84.00,84.00,84,0,0.00,2.00,2.00,2,0,0.00,0.00,0,0
1476927851,s1-eth2,35224.00,1247620.00,1282844.00,1247620,35224,476.00,826.00,1302.00,826,476,0.00,0.00,0,0
1476927851,s1-eth1,1247727.00,35224.00,1282951.00,35224,1247727,827.00,476.00,1303.00,476,827,0.00,0.00,0,0
1476927851,s3,0.00,84.00,84.00,84,0,0.00,2.00,2.00,2,0,0.00,0.00,0,0
1476927851,s2-eth2,12302.00,258978.00,271280.00,258978,12302,163.00,173.00,336.00,173,163,0.00,0.00,0,0
1476927851,s2-eth1,250001.00,12302.00,262303.00,12302,250001,168.00,163.00,331.00,163,168,0.00,0.00,0,0
1476927851,lo,1440.00,1440.00,2880.00,1440,1440,18.00,18.00,36.00,18,18,0.00,0.00,0,0
1476927851,s3-eth2,5748.00,101522.00,107270.00,101522,5748,70.00,69.00,139.00,69,70,0.00,0.00,0,0
1476927851,s3-eth1,107578.00,5406.00,112984.00,5406,107578,73.00,69.00,142.00,69,73,0.00,0.00,0,0
1476927851,total,1660020.00,1662744.00,3322764.00,1662744,1660020,1795.00,1800.00,3595.00,1800,1795,0.00,0.00,0,0
1476927852,s1,0.00,0.00,0.00,0,0,0.00,0.00,0.00,0,0,0.00,0.00,0,0
1476927852,eth0,0.00,0.00,0.00,0,0,0.00,0.00,0.00,0,0,0.00,0.00,0,0
1476927852,s2,0.00,0.00,0.00,0,0,0.00,0.00,0.00,0,0,0.00,0.00,0,0
1476927852,s1-eth2,35183.00,1233910.00,1269093.00,1233910,35183,475.00,815.00,1290.00,815,475,0.00,0.00,0,0
1476927852,s1-eth1,1232396.00,35076.00,1267472.00,35076,1232396,814.00,474.00,1288.00,474,814,0.00,0.00,0,0
1476927852,s3,0.00,0.00,0.00,0,0,0.00,0.00,0.00,0,0,0.00,0.00,0,0
1476927852,s2-eth2,12855.00,255866.00,268721.00,255866,12855,161.00,169.00,330.00,169,161,0.00,0.00,0,0
1476927852,s2-eth1,249810.00,12480.00,262290.00,12480,249810,165.00,160.00,325.00,160,165,0.00,0.00,0,0
1476927852,lo,0.00,0.00,0.00,0,0,0.00,0.00,0.00,0,0,0.00,0.00,0,0
1476927852,s3-eth2,3751.00,69644.00,73395.00,69644,3751,47.00,46.00,93.00,46,47,0.00,0.00,0,0
1476927852,s3-eth1,62181.00,3644.00,65825.00,3644,62181,42.00,46.00,88.00,46,42,0.00,0.00,0,0
1476927852,total,1596176.00,1610620.00,3206796.00,1610620,1596176,1704.00,1710.00,3414.00,1710,1704,0.00,0.00,0,0
1476927853,s1,0.00,0.00,0.00,0,0,0.00,0.00,0.00,0,0,0.00,0.00,0,0
1476927853,eth0,0.00,0.00,0.00,0,0,0.00,0.00,0.00,0,0,0.00,0.00,0,0
1476927853,s2,0.00,0.00,0.00,0,0,0.00,0.00,0.00,0,0,0.00,0.00,0,0
1476927853,s1-eth2,30414.00,1244508.00,1274922.00,1244508,30414,411.00,822.00,1233.00,822,411,0.00,0.00,0,0
1476927853,s1-eth1,1244508.00,30414.00,1274922.00,30414,1244508,822.00,411.00,1233.00,411,822,0.00,0.00,0,0
1476927853,s3,0.00,0.00,0.00,0,0,0.00,0.00,0.00,0,0,0.00,0.00,0,0
1476927853,s2-eth2,12092.00,255866.00,267958.00,255866,12092,160.00,169.00,329.00,169,160,0.00,0.00,0,0
1476927853,s2-eth1,251324.00,12018.00,263342.00,12018,251324,166.00,159.00,325.00,159,166,0.00,0.00,0,0
1476927853,lo,0.00,0.00,0.00,0,0,0.00,0.00,0.00,0,0,0.00,0.00,0,0
1476927853,s3-eth2,3552.00,78728.00,82280.00,78728,3552,48.00,52.00,100.00,52,48,0.00,0.00,0,0
1476927853,s3-eth1,79070.00,3552.00,82622.00,3552,79070,53.00,48.00,101.00,48,53,0.00,0.00,0,0
1476927853,total,1620960.00,1625086.00,3246046.00,1625086,1620960,1660.00,1661.00,3321.00,1661,1660,0.00,0.00,0,0
1476927854,s1,0.00,0.00,0.00,0,0,0.00,0.00,0.00,0,0,0.00,0.00,0,0
1476927854,eth0,0.00,0.00,0.00,0,0,0.00,0.00,0.00,0,0,0.00,0.00,0,0
1476927854,s2,0.00,0.00,0.00,0,0,0.00,0.00,0.00,0,0,0.00,0.00,0,0
1476927854,s1-eth2,34854.00,1238452.00,1273306.00,1238452,34854,471.00,818.00,1289.00,818,471,0.00,0.00,0,0
1476927854,s1-eth1,1238452.00,34928.00,1273380.00,34928,1238452,818.00,472.00,1290.00,472,818,0.00,0.00,0,0
1476927854,s3,0.00,0.00,0.00,0,0,0.00,0.00,0.00,0,0,0.00,0.00,0,0
1476927854,s2-eth2,12324.00,255866.00,268190.00,255866,12324,162.00,169.00,331.00,169,162,0.00,0.00,0,0
1476927854,s2-eth1,250152.00,12324.00,262476.00,12324,250152,166.00,162.00,328.00,162,166,0.00,0.00,0,0
1476927854,lo,0.00,0.00,0.00,0,0,0.00,0.00,0.00,0,0,0.00,0.00,0,0
1476927854,s3-eth2,3552.00,69644.00,73196.00,69644,3552,44.00,46.00,90.00,46,44,0.00,0.00,0,0
1476927854,s3-eth1,65102.00,3552.00,68654.00,3552,65102,43.00,44.00,87.00,44,43,0.00,0.00,0,0
1476927854,total,1604436.00,1614766.00,3219202.00,1614766,1604436,1704.00,1711.00,3415.00,1711,1704,0.00,0.00,0,0
1476927855,s1,0.00,0.00,0.00,0,0,0.00,0.00,0.00,0,0,0.00,0.00,0,0
1476927855,eth0,0.00,0.00,0.00,0,0,0.00,0.00,0.00,0,0,0.00,0.00,0,0
1476927855,s2,0.00,0.00,0.00,0,0,0.00,0.00,0.00,0,0,0.00,0.00,0,0
1476927855,s1-eth2,31228.00,1246022.00,1277250.00,1246022,31228,422.00,823.00,1245.00,823,422,0.00,0.00,0,0
1476927855,s1-eth1,1246022.00,31228.00,1277250.00,31228,1246022,823.00,422.00,1245.00,422,823,0.00,0.00,0,0
1476927855,s3,0.00,0.00,0.00,0,0,0.00,0.00,0.00,0,0,0.00,0.00,0,0
1476927855,s2-eth2,12286.00,251324.00,263610.00,251324,12286,157.00,166.00,323.00,166,157,0.00,0.00,0,0
1476927855,s2-eth1,246782.00,12286.00,259068.00,12286,246782,163.00,157.00,320.00,157,163,0.00,0.00,0,0
1476927855,lo,516.00,516.00,1032.00,516,516,9.00,9.00,18.00,9,9,0.00,0.00,0,0
1476927855,s3-eth2,3746.00,78728.00,82474.00,78728,3746,49.00,52.00,101.00,52,49,0.00,0.00,0,0
1476927855,s3-eth1,77214.00,3746.00,80960.00,3746,77214,51.00,49.00,100.00,49,51,0.00,0.00,0,0
1476927855,total,1617794.00,1623850.00,3241644.00,1623850,1617794,1674.00,1678.00,3352.00,1678,1674,0.00,0.00,0,0
1476927856,s1,0.00,0.00,0.00,0,0,0.00,0.00,0.00,0,0,0.00,0.00,0,0
1476927856,eth0,0.00,0.00,0.00,0,0,0.00,0.00,0.00,0,0,0.00,0.00,0,0
1476927856,s2,0.00,0.00,0.00,0,0,0.00,0.00,0.00,0,0,0.00,0.00,0,0
1476927856,s1-eth2,30488.00,1247536.00,1278024.00,1247536,30488,412.00,824.00,1236.00,824,412,0.00,0.00,0,0
1476927856,s1-eth1,1247536.00,30414.00,1277950.00,30414,1247536,824.00,411.00,1235.00,411,824,0.00,0.00,0,0
1476927856,s3,0.00,0.00,0.00,0,0,0.00,0.00,0.00,0,0,0.00,0.00,0,0
1476927856,s2-eth2,11664.00,266506.00,278170.00,266506,11664,154.00,177.00,331.00,177,154,0.00,0.00,0,0
1476927856,s2-eth1,251366.00,11664.00,263030.00,11664,251366,167.00,154.00,321.00,154,167,0.00,0.00,0,0
1476927856,lo,1184.00,1184.00,2368.00,1184,1184,12.00,12.00,24.00,12,12,0.00,0.00,0,0
1476927856,s3-eth2,4260.00,90882.00,95142.00,90882,4260,58.00,61.00,119.00,61,58,0.00,0.00,0,0
1476927856,s3-eth1,89368.00,4260.00,93628.00,4260,89368,60.00,58.00,118.00,58,60,0.00,0.00,0,0
1476927856,total,1635866.00,1652446.00,3288312.00,1652446,1635866,1687.00,1697.00,3384.00,1697,1687,0.00,0.00,0,0
1476927857,s1,0.00,0.00,0.00,0,0,0.00,0.00,0.00,0,0,0.00,0.00,0,0
1476927857,eth0,0.00,0.00,0.00,0,0,0.00,0.00,0.00,0,0,0.00,0.00,0,0
1476927857,s2,0.00,0.00,0.00,0,0,0.00,0.00,0.00,0,0,0.00,0.00,0,0
1476927857,s1-eth2,37814.00,1238452.00,1276266.00,1238452,37814,511.00,818.00,1329.00,818,511,0.00,0.00,0,0
1476927857,s1-eth1,1238452.00,37888.00,1276340.00,37888,1238452,818.00,512.00,1330.00,512,818,0.00,0.00,0,0
1476927857,s3,0.00,0.00,0.00,0,0,0.00,0.00,0.00,0,0,0.00,0.00,0,0
1476927857,s2-eth2,12596.00,252838.00,265434.00,252838,12596,164.00,167.00,331.00,167,164,0.00,0.00,0,0
1476927857,s2-eth1,251324.00,12596.00,263920.00,12596,251324,166.00,164.00,330.00,164,166,0.00,0.00,0,0
1476927857,lo,0.00,0.00,0.00,0,0,0.00,0.00,0.00,0,0,0.00,0.00,0,0
1476927857,s3-eth2,4396.00,87812.00,92208.00,87812,4396,56.00,58.00,114.00,58,56,0.00,0.00,0,0
1476927857,s3-eth1,81756.00,4396.00,86152.00,4396,81756,54.00,56.00,110.00,56,54,0.00,0.00,0,0
1476927857,total,1626338.00,1633982.00,3260320.00,1633982,1626338,1769.00,1775.00,3544.00,1775,1769,0.00,0.00,0,0
1476927858,s1,0.00,0.00,0.00,0,0,0.00,0.00,0.00,0,0,0.00,0.00,0,0
1476927858,eth0,0.00,0.00,0.00,0,0,0.00,0.00,0.00,0,0,0.00,0.00,0,0
1476927858,s2,0.00,0.00,0.00,0,0,0.00,0.00,0.00,0,0,0.00,0.00,0,0
1476927858,s1-eth2,31348.00,1236938.00,1268286.00,1236938,31348,420.00,817.00,1237.00,817,420,0.00,0.00,0,0
1476927858,s1-eth1,1236938.00,31006.00,1267944.00,31006,1236938,817.00,419.00,1236.00,419,817,0.00,0.00,0,0
1476927858,s3,0.00,0.00,0.00,0,0,0.00,0.00,0.00,0,0,0.00,0.00,0,0
1476927858,s2-eth2,12338.00,258894.00,271232.00,258894,12338,159.00,171.00,330.00,171,159,0.00,0.00,0,0
1476927858,s2-eth1,249810.00,12338.00,262148.00,12338,249810,165.00,159.00,324.00,159,165,0.00,0.00,0,0
1476927858,lo,0.00,0.00,0.00,0,0,0.00,0.00,0.00,0,0,0.00,0.00,0,0
1476927858,s3-eth2,4048.00,86298.00,90346.00,86298,4048,54.00,57.00,111.00,57,54,0.00,0.00,0,0
1476927858,s3-eth1,89326.00,4048.00,93374.00,4048,89326,59.00,54.00,113.00,54,59,0.00,0.00,0,0
1476927858,total,1623808.00,1629522.00,3253330.00,1629522,1623808,1674.00,1677.00,3351.00,1677,1674,0.00,0.00,0,0
1476927859,s1,0.00,0.00,0.00,0,0,0.00,0.00,0.00,0,0,0.00,0.00,0,0
1476927859,eth0,0.00,0.00,0.00,0,0,0.00,0.00,0.00,0,0,0.00,0.00,0,0
1476927859,s2,0.00,0.00,0.00,0,0,0.00,0.00,0.00,0,0,0.00,0.00,0,0
1476927859,s1-eth2,37148.00,1235424.00,1272572.00,1235424,37148,502.00,816.00,1318.00,816,502,0.00,0.00,0,0
1476927859,s1-eth1,1235424.00,37074.00,1272498.00,37074,1235424,816.00,501.00,1317.00,501,816,0.00,0.00,0,0
1476927859,s3,0.00,0.00,0.00,0,0,0.00,0.00,0.00,0,0,0.00,0.00,0,0
1476927859,s2-eth2,12116.00,260408.00,272524.00,260408,12116,160.00,172.00,332.00,172,160,0.00,0.00,0,0
1476927859,s2-eth1,249810.00,12116.00,261926.00,12116,249810,165.00,160.00,325.00,160,165,0.00,0.00,0,0
1476927859,lo,0.00,0.00,0.00,0,0,0.00,0.00,0.00,0,0,0.00,0.00,0,0
1476927859,s3-eth2,3116.00,59046.00,62162.00,59046,3116,38.00,39.00,77.00,39,38,0.00,0.00,0,0
1476927859,s3-eth1,51476.00,3116.00,54592.00,3116,51476,34.00,38.00,72.00,38,34,0.00,0.00,0,0
1476927859,total,1589090.00,1607184.00,3196274.00,1607184,1589090,1715.00,1726.00,3441.00,1726,1715,0.00,0.00,0,0
1476927860,s1,0.00,0.00,0.00,0,0,0.00,0.00,0.00,0,0,0.00,0.00,0,0
1476927860,eth0,0.00,0.00,0.00,0,0,0.00,0.00,0.00,0,0,0.00,0.00,0,0
1476927860,s2,0.00,0.00,0.00,0,0,0.00,0.00,0.00,0,0,0.00,0.00,0,0
1476927860,s1-eth2,30414.00,1246022.00,1276436.00,1246022,30414,411.00,823.00,1234.00,823,411,0.00,0.00,0,0
1476927860,s1-eth1,1246364.00,30488.00,1276852.00,30488,1246364,824.00,412.00,1236.00,412,824,0.00,0.00,0,0
1476927860,s3,0.00,0.00,0.00,0,0,0.00,0.00,0.00,0,0,0.00,0.00,0,0
1476927860,s2-eth2,12440.00,257380.00,269820.00,257380,12440,160.00,170.00,330.00,170,160,0.00,0.00,0,0
1476927860,s2-eth1,249810.00,12440.00,262250.00,12440,249810,165.00,160.00,325.00,160,165,0.00,0.00,0,0
1476927860,lo,516.00,516.00,1032.00,516,516,9.00,9.00,18.00,9,9,0.00,0.00,0,0
1476927860,s3-eth2,2738.00,60560.00,63298.00,60560,2738,37.00,40.00,77.00,40,37,0.00,0.00,0,0
1476927860,s3-eth1,65102.00,2738.00,67840.00,2738,65102,43.00,37.00,80.00,37,43,0.00,0.00,0,0
1476927860,total,1607384.00,1610144.00,3217528.00,1610144,1607384,1649.00,1651.00,3300.00,1651,1649,0.00,0.00,0,0
1476927861,s1,0.00,0.00,0.00,0,0,0.00,0.00,0.00,0,0,0.00,0.00,0,0
1476927861,eth0,0.00,0.00,0.00,0,0,0.00,0.00,0.00,0,0,0.00,0.00,0,0
1476927861,s2,0.00,0.00,0.00,0,0,0.00,0.00,0.00,0,0,0.00,0.00,0,0
1476927861,s1-eth2,36852.00,1244508.00,1281360.00,1244508,36852,498.00,822.00,1320.00,822,498,0.00,0.00,0,0
1476927861,s1-eth1,1244508.00,36778.00,1281286.00,36778,1244508,822.00,497.00,1319.00,497,822,0.00,0.00,0,0
1476927861,s3,0.00,0.00,0.00,0,0,0.00,0.00,0.00,0,0,0.00,0.00,0,0
1476927861,s2-eth2,11826.00,260408.00,272234.00,260408,11826,159.00,172.00,331.00,172,159,0.00,0.00,0,0
1476927861,s2-eth1,249810.00,11826.00,261636.00,11826,249810,165.00,159.00,324.00,159,165,0.00,0.00,0,0
1476927861,lo,0.00,0.00,0.00,0,0,0.00,0.00,0.00,0,0,0.00,0.00,0,0
1476927861,s3-eth2,3472.00,66616.00,70088.00,66616,3472,44.00,44.00,88.00,44,44,0.00,0.00,0,0
1476927861,s3-eth1,57532.00,3472.00,61004.00,3472,57532,38.00,44.00,82.00,44,38,0.00,0.00,0,0
1476927861,total,1604000.00,1623608.00,3227608.00,1623608,1604000,1726.00,1738.00,3464.00,1738,1726,0.00,0.00,0,0
1476927862,s1,0.00,0.00,0.00,0,0,0.00,0.00,0.00,0,0,0.00,0.00,0,0
1476927862,eth0,0.00,0.00,0.00,0,0,0.00,0.00,0.00,0,0,0.00,0.00,0,0
1476927862,s2,0.00,0.00,0.00,0,0,0.00,0.00,0.00,0,0,0.00,0.00,0,0
1476927862,s1-eth2,30414.00,1246022.00,1276436.00,1246022,30414,411.00,823.00,1234.00,823,411,0.00,0.00,0,0
1476927862,s1-eth1,1246022.00,30414.00,1276436.00,30414,1246022,823.00,411.00,1234.00,411,823,0.00,0.00,0,0
1476927862,s3,0.00,0.00,0.00,0,0,0.00,0.00,0.00,0,0,0.00,0.00,0,0
1476927862,s2-eth2,12578.00,248296.00,260874.00,248296,12578,161.00,164.00,325.00,164,161,0.00,0.00,0,0
1476927862,s2-eth1,249810.00,12578.00,262388.00,12578,249810,165.00,161.00,326.00,161,165,0.00,0.00,0,0
1476927862,lo,0.00,0.00,0.00,0,0,0.00,0.00,0.00,0,0,0.00,0.00,0,0
1476927862,s3-eth2,3404.00,75700.00,79104.00,75700,3404,46.00,50.00,96.00,50,46,0.00,0.00,0,0
1476927862,s3-eth1,80242.00,3404.00,83646.00,3404,80242,53.00,46.00,99.00,46,53,0.00,0.00,0,0
1476927862,total,1622470.00,1616414.00,3238884.00,1616414,1622470,1659.00,1655.00,3314.00,1655,1659,0.00,0.00,0,0
1476927863,s1,0.00,0.00,0.00,0,0,0.00,0.00,0.00,0,0,0.00,0.00,0,0
1476927863,eth0,0.00,0.00,0.00,0,0,0.00,0.00,0.00,0,0,0.00,0.00,0,0
1476927863,s2,0.00,0.00,0.00,0,0,0.00,0.00,0.00,0,0,0.00,0.00,0,0
1476927863,s1-eth2,30266.00,1239966.00,1270232.00,1239966,30266,409.00,819.00,1228.00,819,409,0.00,0.00,0,0
1476927863,s1-eth1,1239966.00,30340.00,1270306.00,30340,1239966,819.00,410.00,1229.00,410,819,0.00,0.00,0,0
1476927863,s3,0.00,0.00,0.00,0,0,0.00,0.00,0.00,0,0,0.00,0.00,0,0
1476927863,s2-eth2,12018.00,258894.00,270912.00,258894,12018,159.00,171.00,330.00,171,159,0.00,0.00,0,0
1476927863,s2-eth1,251324.00,12018.00,263342.00,12018,251324,166.00,159.00,325.00,159,166,0.00,0.00,0,0
1476927863,lo,0.00,0.00,0.00,0,0,0.00,0.00,0.00,0,0,0.00,0.00,0,0
1476927863,s3-eth2,4958.00,109008.00,113966.00,109008,4958,67.00,72.00,139.00,72,67,0.00,0.00,0,0
1476927863,s3-eth1,101438.00,4958.00,106396.00,4958,101438,67.00,67.00,134.00,67,67,0.00,0.00,0,0
1476927863,total,1639970.00,1655184.00,3295154.00,1655184,1639970,1687.00,1698.00,3385.00,1698,1687,0.00,0.00,0,0
1476927864,s1,0.00,0.00,0.00,0,0,0.00,0.00,0.00,0,0,0.00,0.00,0,0
1476927864,eth0,0.00,0.00,0.00,0,0,0.00,0.00,0.00,0,0,0.00,0.00,0,0
1476927864,s2,0.00,0.00,0.00,0,0,0.00,0.00,0.00,0,0,0.00,0.00,0,0
1476927864,s1-eth2,30353.29,1243535.00,1273888.25,1246022,30414,410.18,821.36,1231.54,823,411,0.00,0.00,0,0
1476927864,s1-eth1,1243535.00,30353.29,1273888.25,30414,1246022,821.36,410.18,1231.54,411,823,0.00,0.00,0,0
1476927864,s3,0.00,0.00,0.00,0,0,0.00,0.00,0.00,0,0,0.00,0.00,0,0
1476927864,s2-eth2,12287.43,253844.31,266131.75,254352,12312,159.68,167.66,327.35,168,160,0.00,0.00,0,0
1476927864,s2-eth1,249311.39,12287.43,261598.81,12312,249810,164.67,159.68,324.35,160,165,0.00,0.00,0,0
1476927864,lo,0.00,0.00,0.00,0,0,0.00,0.00,0.00,0,0,0.00,0.00,0,0
1476927864,s3-eth2,6544.91,132966.08,139510.98,133232,6558,84.83,87.82,172.65,88,85,0.00,0.00,0,0
1476927864,s3-eth1,137499.00,6277.45,143776.45,6290,137774,90.82,84.83,175.65,85,91,0.00,0.00,0,0
1476927864,total,1679531.00,1679263.50,3358794.50,1682622,1682890,1731.54,1731.54,3463.07,1735,1735,0.00,0.00,0,0
1476927865,s1,0.00,0.00,0.00,0,0,0.00,0.00,0.00,0,0,0.00,0.00,0,0
1476927865,eth0,0.00,0.00,0.00,0,0,0.00,0.00,0.00,0,0,0.00,0.00,0,0
1476927865,s2,0.00,0.00,0.00,0,0,0.00,0.00,0.00,0,0,0.00,0.00,0,0
1476927865,s1-eth2,39960.00,1249050.00,1289010.00,1249050,39960,540.00,825.00,1365.00,825,540,0.00,0.00,0,0
1476927865,s1-eth1,1249050.00,39960.00,1289010.00,39960,1249050,825.00,540.00,1365.00,540,825,0.00,0.00,0,0
1476927865,s3,0.00,0.00,0.00,0,0,0.00,0.00,0.00,0,0,0.00,0.00,0,0
1476927865,s2-eth2,12168.00,257380.00,269548.00,257380,12168,162.00,170.00,332.00,170,162,0.00,0.00,0,0
1476927865,s2-eth1,249810.00,12242.00,262052.00,12242,249810,165.00,163.00,328.00,163,165,0.00,0.00,0,0
1476927865,lo,516.00,516.00,1032.00,516,516,9.00,9.00,18.00,9,9,0.00,0.00,0,0
1476927865,s3-eth2,5798.00,107494.00,113292.00,107494,5798,69.00,71.00,140.00,71,69,0.00,0.00,0,0
1476927865,s3-eth1,99924.00,5724.00,105648.00,5724,99924,66.00,68.00,134.00,68,66,0.00,0.00,0,0
1476927865,total,1657226.00,1672366.00,3329592.00,1672366,1657226,1836.00,1846.00,3682.00,1846,1836,0.00,0.00,0,0
1476927866,s1,0.00,0.00,0.00,0,0,0.00,0.00,0.00,0,0,0.00,0.00,0,0
1476927866,eth0,152.00,245.00,397.00,245,152,2.00,2.00,4.00,2,2,0.00,0.00,0,0
1476927866,s2,0.00,0.00,0.00,0,0,0.00,0.00,0.00,0,0,0.00,0.00,0,0
1476927866,s1-eth2,3302.00,296744.00,300046.00,296744,3302,41.00,196.00,237.00,196,41,0.00,0.00,0,0
1476927866,s3,0.00,0.00,0.00,0,0,0.00,0.00,0.00,0,0,0.00,0.00,0,0
1476927866,s2-eth2,12634.00,251324.00,263958.00,251324,12634,163.00,166.00,329.00,166,163,0.00,0.00,0,0
1476927866,s2-eth1,251324.00,12560.00,263884.00,12560,251324,166.00,162.00,328.00,162,166,0.00,0.00,0,0
1476927866,lo,509.00,509.00,1018.00,509,509,6.00,6.00,12.00,6,6,0.00,0.00,0,0
1476927866,s3-eth2,4008.00,81756.00,85764.00,81756,4008,52.00,54.00,106.00,54,52,0.00,0.00,0,0
1476927866,s3-eth1,81756.00,4008.00,85764.00,4008,81756,54.00,52.00,106.00,52,54,0.00,0.00,0,0
1476927866,total,18446744073709551616.00,18446744073709551616.00,18446744073709551616.00,18446744073709491677,18446744073685145578,18446744073709535232.00,18446744073709543424.00,18446744073709527040.00,18446744073709542699,18446744073709535678,0.00,0.00,0,0
1476927867,s1,0.00,0.00,0.00,0,0,0.00,0.00,0.00,0,0,0.00,0.00,0,0
1476927867,eth0,152.00,245.00,397.00,245,152,2.00,2.00,4.00,2,2,0.00,0.00,0,0
1476927867,s2,0.00,0.00,0.00,0,0,0.00,0.00,0.00,0,0,0.00,0.00,0,0
1476927867,s1-eth2,0.00,1514.00,1514.00,1514,0,0.00,1.00,1.00,1,0,0.00,0.00,0,0
1476927867,s3,0.00,0.00,0.00,0,0,0.00,0.00,0.00,0,0,0.00,0.00,0,0
1476927867,s2-eth2,11810.00,257380.00,269190.00,257380,11810,157.00,170.00,327.00,170,157,0.00,0.00,0,0
1476927867,s2-eth1,249917.00,11810.00,261727.00,11810,249917,166.00,157.00,323.00,157,166,0.00,0.00,0,0
1476927867,lo,341.00,341.00,682.00,341,341,4.00,4.00,8.00,4,4,0.00,0.00,0,0
1476927867,s3-eth2,3918.00,87812.00,91730.00,87812,3918,51.00,58.00,109.00,58,51,0.00,0.00,0,0
1476927867,s3-eth1,86298.00,4004.00,90302.00,4004,86298,57.00,52.00,109.00,52,57,0.00,0.00,0,0
1476927867,total,352436.00,363106.00,715542.00,363106,352436,437.00,444.00,881.00,444,437,0.00,0.00,0,0
1476927868,s1,0.00,0.00,0.00,0,0,0.00,0.00,0.00,0,0,0.00,0.00,0,0
1476927868,eth0,0.00,0.00,0.00,0,0,0.00,0.00,0.00,0,0,0.00,0.00,0,0
1476927868,s2,0.00,0.00,0.00,0,0,0.00,0.00,0.00,0,0,0.00,0.00,0,0
1476927868,s1-eth2,106.89,1512.49,1619.38,1514,107,1.00,1.00,2.00,1,1,0.00,0.00,0,0
1476927868,s3,0.00,0.00,0.00,0,0,0.00,0.00,0.00,0,0,0.00,0.00,0,0
1476927868,s2-eth2,12622.38,249560.45,262182.81,249810,12635,162.84,164.84,327.67,165,163,0.00,0.00,0,0
1476927868,s2-eth1,249560.45,12515.48,262075.94,12528,249810,164.84,161.84,326.67,162,165,0.00,0.00,0,0
1476927868,lo,0.00,0.00,0.00,0,0,0.00,0.00,0.00,0,0,0.00,0.00,0,0
1476927868,s3-eth2,4406.59,95286.72,99693.31,95382,4411,58.94,62.94,121.88,63,59,0.00,0.00,0,0
1476927868,s3-eth1,95393.61,4213.79,99607.40,4218,95489,63.94,56.94,120.88,57,64,0.00,0.00,0,0
1476927868,total,362089.91,363088.91,725178.81,363452,362452,451.55,447.55,899.10,448,452,0.00,0.00,0,0
1476927869,s1,0.00,0.00,0.00,0,0,0.00,0.00,0.00,0,0,0.00,0.00,0,0
1476927869,eth0,0.00,0.00,0.00,0,0,0.00,0.00,0.00,0,0,0.00,0.00,0,0
1476927869,s2,0.00,0.00,0.00,0,0,0.00,0.00,0.00,0,0,0.00,0.00,0,0
1476927869,s1-eth2,0.00,0.00,0.00,0,0,0.00,0.00,0.00,0,0,0.00,0.00,0,0
1476927869,s3,0.00,0.00,0.00,0,0,0.00,0.00,0.00,0,0,0.00,0.00,0,0
1476927869,s2-eth2,12382.00,255866.00,268248.00,255866,12382,161.00,169.00,330.00,169,161,0.00,0.00,0,0
1476927869,s2-eth1,249810.00,12382.00,262192.00,12382,249810,165.00,161.00,326.00,161,165,0.00,0.00,0,0
1476927869,lo,0.00,0.00,0.00,0,0,0.00,0.00,0.00,0,0,0.00,0.00,0,0
1476927869,s3-eth2,5188.00,105980.00,111168.00,105980,5188,68.00,70.00,138.00,70,68,0.00,0.00,0,0
1476927869,s3-eth1,98410.00,5188.00,103598.00,5188,98410,65.00,68.00,133.00,68,65,0.00,0.00,0,0
1476927869,total,365790.00,379416.00,745206.00,379416,365790,459.00,468.00,927.00,468,459,0.00,0.00,0,0
1476927870,s1,0.00,0.00,0.00,0,0,0.00,0.00,0.00,0,0,0.00,0.00,0,0
1476927870,eth0,0.00,0.00,0.00,0,0,0.00,0.00,0.00,0,0,0.00,0.00,0,0
1476927870,s2,0.00,0.00,0.00,0,0,0.00,0.00,0.00,0,0,0.00,0.00,0,0
1476927870,s1-eth2,0.00,0.00,0.00,0,0,0.00,0.00,0.00,0,0,0.00,0.00,0,0
1476927870,s3,0.00,0.00,0.00,0,0,0.00,0.00,0.00,0,0,0.00,0.00,0,0
1476927870,s2-eth2,11802.00,255866.00,267668.00,255866,11802,153.00,169.00,322.00,169,153,0.00,0.00,0,0
1476927870,s2-eth1,250152.00,11802.00,261954.00,11802,250152,166.00,153.00,319.00,153,166,0.00,0.00,0,0
1476927870,lo,568.00,568.00,1136.00,568,568,10.00,10.00,20.00,10,10,0.00,0.00,0,0
1476927870,s3-eth2,3826.00,98410.00,102236.00,98410,3826,49.00,65.00,114.00,65,49,0.00,0.00,0,0
1476927870,s3-eth1,98410.00,3826.00,102236.00,3826,98410,65.00,49.00,114.00,49,65,0.00,0.00,0,0
1476927870,total,364758.00,370472.00,735230.00,370472,364758,443.00,446.00,889.00,446,443,0.00,0.00,0,0
1476927871,s1,0.00,0.00,0.00,0,0,0.00,0.00,0.00,0,0,0.00,0.00,0,0
1476927871,eth0,0.00,0.00,0.00,0,0,0.00,0.00,0.00,0,0,0.00,0.00,0,0
1476927871,s2,0.00,0.00,0.00,0,0,0.00,0.00,0.00,0,0,0.00,0.00,0,0
1476927871,s1-eth2,0.00,1514.00,1514.00,1514,0,0.00,1.00,1.00,1,0,0.00,0.00,0,0
1476927871,s3,0.00,0.00,0.00,0,0,0.00,0.00,0.00,0,0,0.00,0.00,0,0
1476927871,s2-eth2,12682.00,263436.00,276118.00,263436,12682,163.00,174.00,337.00,174,163,0.00,0.00,0,0
1476927871,s2-eth1,249810.00,12756.00,262566.00,12756,249810,165.00,164.00,329.00,164,165,0.00,0.00,0,0
1476927871,lo,0.00,0.00,0.00,0,0,0.00,0.00,0.00,0,0,0.00,0.00,0,0
1476927871,s3-eth2,3560.00,101438.00,104998.00,101438,3560,46.00,67.00,113.00,67,46,0.00,0.00,0,0
1476927871,s3-eth1,96896.00,3560.00,100456.00,3560,96896,64.00,46.00,110.00,46,64,0.00,0.00,0,0
1476927871,total,362948.00,382704.00,745652.00,382704,362948,438.00,452.00,890.00,452,438,0.00,0.00,0,0
1476927872,s1,0.00,0.00,0.00,0,0,0.00,0.00,0.00,0,0,0.00,0.00,0,0
1476927872,eth0,0.00,0.00,0.00,0,0,0.00,0.00,0.00,0,0,0.00,0.00,0,0
1476927872,s2,0.00,0.00,0.00,0,0,0.00,0.00,0.00,0,0,0.00,0.00,0,0
1476927872,s1-eth2,0.00,0.00,0.00,0,0,0.00,0.00,0.00,0,0,0.00,0.00,0,0
1476927872,s3,0.00,0.00,0.00,0,0,0.00,0.00,0.00,0,0,0.00,0.00,0,0
1476927872,s2-eth2,12420.00,264950.00,277370.00,264950,12420,164.00,175.00,339.00,175,164,0.00,0.00,0,0
1476927872,s2-eth1,251324.00,12346.00,263670.00,12346,251324,166.00,163.00,329.00,163,166,0.00,0.00,0,0
1476927872,lo,0.00,0.00,0.00,0,0,0.00,0.00,0.00,0,0,0.00,0.00,0,0
1476927872,s3-eth2,3990.00,89326.00,93316.00,89326,3990,49.00,59.00,108.00,59,49,0.00,0.00,0,0
1476927872,s3-eth1,88154.00,3990.00,92144.00,3990,88154,59.00,49.00,108.00,49,59,0.00,0.00,0,0
1476927872,total,355888.00,370612.00,726500.00,370612,355888,438.00,446.00,884.00,446,438,0.00,0.00,0,0
1476927873,s1,0.00,0.00,0.00,0,0,0.00,0.00,0.00,0,0,0.00,0.00,0,0
1476927873,eth0,0.00,0.00,0.00,0,0,0.00,0.00,0.00,0,0,0.00,0.00,0,0
1476927873,s2,0.00,0.00,0.00,0,0,0.00,0.00,0.00,0,0,0.00,0.00,0,0
1476927873,s1-eth2,0.00,0.00,0.00,0,0,0.00,0.00,0.00,0,0,0.00,0.00,0,0
1476927873,s3,0.00,0.00,0.00,0,0,0.00,0.00,0.00,0,0,0.00,0.00,0,0
1476927873,s2-eth2,12472.00,249810.00,262282.00,249810,12472,162.00,165.00,327.00,165,162,0.00,0.00,0,0
1476927873,s2-eth1,249810.00,12472.00,262282.00,12472,249810,165.00,162.00,327.00,162,165,0.00,0.00,0,0
1476927873,lo,0.00,0.00,0.00,0,0,0.00,0.00,0.00,0,0,0.00,0.00,0,0
1476927873,s3-eth2,3302.00,68130.00,71432.00,68130,3302,43.00,45.00,88.00,45,43,0.00,0.00,0,0
1476927873,s3-eth1,68130.00,3302.00,71432.00,3302,68130,45.00,43.00,88.00,43,45,0.00,0.00,0,0
1476927873,total,333714.00,333714.00,667428.00,333714,333714,415.00,415.00,830.00,415,415,0.00,0.00,0,0
1476927874,s1,0.00,0.00,0.00,0,0,0.00,0.00,0.00,0,0,0.00,0.00,0,0
1476927874,eth0,0.00,0.00,0.00,0,0,0.00,0.00,0.00,0,0,0.00,0.00,0,0
1476927874,s2,0.00,0.00,0.00,0,0,0.00,0.00,0.00,0,0,0.00,0.00,0,0
1476927874,s1-eth2,0.00,0.00,0.00,0,0,0.00,0.00,0.00,0,0,0.00,0.00,0,0
1476927874,s3,0.00,0.00,0.00,0,0,0.00,0.00,0.00,0,0,0.00,0.00,0,0
1476927874,s2-eth2,12420.00,260408.00,272828.00,260408,12420,160.00,172.00,332.00,172,160,0.00,0.00,0,0
1476927874,s2-eth1,249810.00,12078.00,261888.00,12078,249810,165.00,159.00,324.00,159,165,0.00,0.00,0,0
1476927874,lo,0.00,0.00,0.00,0,0,0.00,0.00,0.00,0,0,0.00,0.00,0,0
1476927874,s3-eth2,2538.00,68130.00,70668.00,68130,2538,33.00,45.00,78.00,45,33,0.00,0.00,0,0
1476927874,s3-eth1,63588.00,2538.00,66126.00,2538,63588,42.00,33.00,75.00,33,42,0.00,0.00,0,0
1476927874,total,328356.00,343154.00,671510.00,343154,328356,400.00,409.00,809.00,409,400,0.00,0.00,0,0
1476927875,s1,0.00,0.00,0.00,0,0,0.00,0.00,0.00,0,0,0.00,0.00,0,0
1476927875,eth0,0.00,0.00,0.00,0,0,0.00,0.00,0.00,0,0,0.00,0.00,0,0
1476927875,s2,0.00,0.00,0.00,0,0,0.00,0.00,0.00,0,0,0.00,0.00,0,0
1476927875,s1-eth2,342.00,0.00,342.00,0,342,1.00,0.00,1.00,0,1,0.00,0.00,0,0
1476927875,s3,0.00,0.00,0.00,0,0,0.00,0.00,0.00,0,0,0.00,0.00,0,0
1476927875,s2-eth2,12494.00,248296.00,260790.00,248296,12494,163.00,164.00,327.00,164,163,0.00,0.00,0,0
1476927875,s2-eth1,249810.00,12494.00,262304.00,12494,249810,165.00,163.00,328.00,163,165,0.00,0.00,0,0
1476927875,lo,516.00,516.00,1032.00,516,516,9.00,9.00,18.00,9,9,0.00,0.00,0,0
1476927875,s3-eth2,3352.00,69644.00,72996.00,69644,3352,44.00,46.00,90.00,46,44,0.00,0.00,0,0
1476927875,s3-eth1,68130.00,3352.00,71482.00,3352,68130,45.00,44.00,89.00,44,45,0.00,0.00,0,0
1476927875,total,334644.00,334302.00,668946.00,334302,334644,427.00,426.00,853.00,426,427,0.00,0.00,0,0
1476927876,s1,0.00,0.00,0.00,0,0,0.00,0.00,0.00,0,0,0.00,0.00,0,0
1476927876,eth0,152.00,245.00,397.00,245,152,2.00,2.00,4.00,2,2,0.00,0.00,0,0
1476927876,s2,0.00,0.00,0.00,0,0,0.00,0.00,0.00,0,0,0.00,0.00,0,0
1476927876,s1-eth2,0.00,0.00,0.00,0,0,0.00,0.00,0.00,0,0,0.00,0.00,0,0
1476927876,s3,0.00,0.00,0.00,0,0,0.00,0.00,0.00,0,0,0.00,0.00,0,0
1476927876,s2-eth2,936.00,22710.00,23646.00,22710,936,12.00,15.00,27.00,15,12,0.00,0.00,0,0
1476927876,lo,509.00,509.00,1018.00,509,509,6.00,6.00,12.00,6,6,0.00,0.00,0,0
1476927876,s3-eth2,3132.00,74186.00,77318.00,74186,3132,42.00,49.00,91.00,49,42,0.00,0.00,0,0
1476927876,s3-eth1,77214.00,3132.00,80346.00,3132,77214,51.00,42.00,93.00,42,51,0.00,0.00,0,0
1476927876,total,18446744073709551616.00,18446744073709551616.00,18446744073709551616.00,18446744073709285195,18446744073702151381,18446744073709547520.00,18446744073709547520.00,18446744073709541376.00,18446744073709546948,18446744073709546734,0.00,0.00,0,0
1476927877,s1,0.00,0.00,0.00,0,0,0.00,0.00,0.00,0,0,0.00,0.00,0,0
1476927877,eth0,152.00,245.00,397.00,245,152,2.00,2.00,4.00,2,2,0.00,0.00,0,0
1476927877,s2,0.00,0.00,0.00,0,0,0.00,0.00,0.00,0,0,0.00,0.00,0,0
1476927877,s1-eth2,0.00,0.00,0.00,0,0,0.00,0.00,0.00,0,0,0.00,0.00,0,0
1476927877,s3,0.00,0.00,0.00,0,0,0.00,0.00,0.00,0,0,0.00,0.00,0,0
1476927877,s2-eth2,0.00,1514.00,1514.00,1514,0,0.00,1.00,1.00,1,0,0.00,0.00,0,0
1476927877,lo,341.00,341.00,682.00,341,341,4.00,4.00,8.00,4,4,0.00,0.00,0,0
1476927877,s3-eth2,3164.00,71158.00,74322.00,71158,3164,40.00,47.00,87.00,47,40,0.00,0.00,0,0
1476927877,s3-eth1,66616.00,3164.00,69780.00,3164,66616,44.00,40.00,84.00,40,44,0.00,0.00,0,0
1476927877,total,70273.00,76422.00,146695.00,76422,70273,90.00,94.00,184.00,94,90,0.00,0.00,0,0
1476927878,s1,0.00,0.00,0.00,0,0,0.00,0.00,0.00,0,0,0.00,0.00,0,0
1476927878,eth0,0.00,0.00,0.00,0,0,0.00,0.00,0.00,0,0,0.00,0.00,0,0
1476927878,s2,0.00,0.00,0.00,0,0,0.00,0.00,0.00,0,0,0.00,0.00,0,0
1476927878,s1-eth2,0.00,1514.00,1514.00,1514,0,0.00,1.00,1.00,1,0,0.00,0.00,0,0
1476927878,s3,0.00,0.00,0.00,0,0,0.00,0.00,0.00,0,0,0.00,0.00,0,0
1476927878,s2-eth2,0.00,0.00,0.00,0,0,0.00,0.00,0.00,0,0,0.00,0.00,0,0
1476927878,lo,0.00,0.00,0.00,0,0,0.00,0.00,0.00,0,0,0.00,0.00,0,0
1476927878,s3-eth2,2294.00,81756.00,84050.00,81756,2294,31.00,54.00,85.00,54,31,0.00,0.00,0,0
1476927878,s3-eth1,83270.00,2294.00,85564.00,2294,83270,55.00,31.00,86.00,31,55,0.00,0.00,0,0
1476927878,total,85564.00,85564.00,171128.00,85564,85564,86.00,86.00,172.00,86,86,0.00,0.00,0,0
1476927879,s1,0.00,0.00,0.00,0,0,0.00,0.00,0.00,0,0,0.00,0.00,0,0
1476927879,eth0,0.00,0.00,0.00,0,0,0.00,0.00,0.00,0,0,0.00,0.00,0,0
1476927879,s2,0.00,0.00,0.00,0,0,0.00,0.00,0.00,0,0,0.00,0.00,0,0
1476927879,s1-eth2,0.00,0.00,0.00,0,0,0.00,0.00,0.00,0,0,0.00,0.00,0,0
1476927879,s3,0.00,0.00,0.00,0,0,0.00,0.00,0.00,0,0,0.00,0.00,0,0
1476927879,s2-eth2,0.00,1514.00,1514.00,1514,0,0.00,1.00,1.00,1,0,0.00,0.00,0,0
1476927879,lo,0.00,0.00,0.00,0,0,0.00,0.00,0.00,0,0,0.00,0.00,0,0
1476927879,s3-eth2,2478.00,93868.00,96346.00,93868,2478,33.00,62.00,95.00,62,33,0.00,0.00,0,0
1476927879,s3-eth1,84784.00,2478.00,87262.00,2478,84784,56.00,33.00,89.00,33,56,0.00,0.00,0,0
1476927879,total,87262.00,97860.00,185122.00,97860,87262,89.00,96.00,185.00,96,89,0.00,0.00,0,0
1476927880,s1,0.00,0.00,0.00,0,0,0.00,0.00,0.00,0,0,0.00,0.00,0,0
1476927880,eth0,0.00,0.00,0.00,0,0,0.00,0.00,0.00,0,0,0.00,0.00,0,0
1476927880,s2,0.00,0.00,0.00,0,0,0.00,0.00,0.00,0,0,0.00,0.00,0,0
1476927880,s1-eth2,0.00,0.00,0.00,0,0,0.00,0.00,0.00,0,0,0.00,0.00,0,0
1476927880,s3,0.00,0.00,0.00,0,0,0.00,0.00,0.00,0,0,0.00,0.00,0,0
1476927880,s2-eth2,0.00,0.00,0.00,0,0,0.00,0.00,0.00,0,0,0.00,0.00,0,0
1476927880,lo,568.00,568.00,1136.00,568,568,10.00,10.00,20.00,10,10,0.00,0.00,0,0
1476927880,s3-eth2,3400.00,74186.00,77586.00,74186,3400,42.00,49.00,91.00,49,42,0.00,0.00,0,0
1476927880,s3-eth1,80242.00,3400.00,83642.00,3400,80242,53.00,42.00,95.00,42,53,0.00,0.00,0,0
1476927880,total,84210.00,78154.00,162364.00,78154,84210,105.00,101.00,206.00,101,105,0.00,0.00,0,0
1476927881,s1,0.00,0.00,0.00,0,0,0.00,0.00,0.00,0,0,0.00,0.00,0,0
1476927881,eth0,0.00,0.00,0.00,0,0,0.00,0.00,0.00,0,0,0.00,0.00,0,0
1476927881,s2,0.00,0.00,0.00,0,0,0.00,0.00,0.00,0,0,0.00,0.00,0,0
1476927881,s1-eth2,0.00,0.00,0.00,0,0,0.00,0.00,0.00,0,0,0.00,0.00,0,0
1476927881,s3,0.00,0.00,0.00,0,0,0.00,0.00,0.00,0,0,0.00,0.00,0,0
1476927881,s2-eth2,0.00,0.00,0.00,0,0,0.00,0.00,0.00,0,0,0.00,0.00,0,0
1476927881,lo,0.00,0.00,0.00,0,0,0.00,0.00,0.00,0,0,0.00,0.00,0,0
1476927881,s3-eth2,3240.00,84784.00,88024.00,84784,3240,42.00,56.00,98.00,56,42,0.00,0.00,0,0
1476927881,s3-eth1,81756.00,3240.00,84996.00,3240,81756,54.00,42.00,96.00,42,54,0.00,0.00,0,0
1476927881,total,84996.00,88024.00,173020.00,88024,84996,96.00,98.00,194.00,98,96,0.00,0.00,0,0
1476927882,s1,0.00,0.00,0.00,0,0,0.00,0.00,0.00,0,0,0.00,0.00,0,0
1476927882,eth0,0.00,0.00,0.00,0,0,0.00,0.00,0.00,0,0,0.00,0.00,0,0
1476927882,s2,0.00,0.00,0.00,0,0,0.00,0.00,0.00,0,0,0.00,0.00,0,0
1476927882,s1-eth2,0.00,0.00,0.00,0,0,0.00,0.00,0.00,0,0,0.00,0.00,0,0
1476927882,s3,0.00,0.00,0.00,0,0,0.00,0.00,0.00,0,0,0.00,0.00,0,0
1476927882,s2-eth2,0.00,0.00,0.00,0,0,0.00,0.00,0.00,0,0,0.00,0.00,0,0
1476927882,lo,0.00,0.00,0.00,0,0,0.00,0.00,0.00,0,0,0.00,0.00,0,0
1476927882,s3-eth2,2812.00,93868.00,96680.00,93868,2812,38.00,62.00,100.00,62,38,0.00,0.00,0,0
1476927882,s3-eth1,87812.00,2812.00,90624.00,2812,87812,58.00,38.00,96.00,38,58,0.00,0.00,0,0
1476927882,total,90624.00,96680.00,187304.00,96680,90624,96.00,100.00,196.00,100,96,0.00,0.00,0,0
1476927883,s1,0.00,0.00,0.00,0,0,0.00,0.00,0.00,0,0,0.00,0.00,0,0
1476927883,eth0,304.00,490.00,794.00,490,304,4.00,4.00,8.00,4,4,0.00,0.00,0,0
1476927883,s2,0.00,0.00,0.00,0,0,0.00,0.00,0.00,0,0,0.00,0.00,0,0
1476927883,s1-eth2,640.00,0.00,640.00,0,640,4.00,0.00,4.00,0,4,0.00,0.00,0,0
1476927883,s3,0.00,0.00,0.00,0,0,0.00,0.00,0.00,0,0,0.00,0.00,0,0
1476927883,s2-eth2,0.00,1514.00,1514.00,1514,0,0.00,1.00,1.00,1,0,0.00,0.00,0,0
1476927883,s2-eth1,690.00,0.00,690.00,0,690,5.00,0.00,5.00,0,5,0.00,0.00,0,0
1476927883,lo,850.00,850.00,1700.00,850,850,10.00,10.00,20.00,10,10,0.00,0.00,0,0
1476927883,s3-eth2,3272.00,66616.00,69888.00,66616,3272,40.00,44.00,84.00,44,40,0.00,0.00,0,0
1476927883,s3-eth1,65742.00,3272.00,69014.00,3272,65742,47.00,40.00,87.00,40,47,0.00,0.00,0,0
1476927883,total,7570329.00,440880.00,8011209.00,440880,7570329,5115.00,4892.00,10007.00,4892,5115,0.00,0.00,0,0
1476927884,s1,0.00,0.00,0.00,0,0,0.00,0.00,0.00,0,0,0.00,0.00,0,0
1476927884,eth0,760.00,980.00,1740.00,980,760,10.00,8.00,18.00,8,10,0.00,0.00,0,0
1476927884,s2,0.00,0.00,0.00,0,0,0.00,0.00,0.00,0,0,0.00,0.00,0,0
1476927884,s1-eth2,250.00,0.00,250.00,0,250,3.00,0.00,3.00,0,3,0.00,0.00,0,0
1476927884,s3,0.00,0.00,0.00,0,0,0.00,0.00,0.00,0,0,0.00,0.00,0,0
1476927884,s2-eth2,640.00,0.00,640.00,0,640,4.00,0.00,4.00,0,4,0.00,0.00,0,0
1476927884,s2-eth1,357.00,0.00,357.00,0,357,4.00,0.00,4.00,0,4,0.00,0.00,0,0
1476927884,lo,1488.00,1488.00,2976.00,1488,1488,18.00,18.00,36.00,18,18,0.00,0.00,0,0
1476927884,s3-eth2,2786.00,68130.00,70916.00,68130,2786,33.00,45.00,78.00,45,33,0.00,0.00,0,0
1476927884,s3-eth1,73906.00,2220.00,76126.00,2220,73906,55.00,30.00,85.00,30,55,0.00,0.00,0,0
1476927884,total,80187.00,72818.00,153005.00,72818,80187,127.00,101.00,228.00,101,127,0.00,0.00,0,0
1476927885,s1,0.00,0.00,0.00,0,0,0.00,0.00,0.00,0,0,0.00,0.00,0,0
1476927885,eth0,304.00,735.00,1039.00,735,304,4.00,6.00,10.00,6,4,0.00,0.00,0,0
1476927885,s2,0.00,0.00,0.00,0,0,0.00,0.00,0.00,0,0,0.00,0.00,0,0
1476927885,s1-eth2,1954.00,0.00,1954.00,0,1954,9.00,0.00,9.00,0,9,0.00,0.00,0,0
1476927885,s3,0.00,0.00,0.00,0,0,0.00,0.00,0.00,0,0,0.00,0.00,0,0
1476927885,s2-eth2,1324.00,0.00,1324.00,0,1324,8.00,0.00,8.00,0,8,0.00,0.00,0,0
1476927885,s2-eth1,1511.00,0.00,1511.00,0,1511,7.00,0.00,7.00,0,7,0.00,0.00,0,0
1476927885,lo,1467.00,1467.00,2934.00,1467,1467,20.00,20.00,40.00,20,20,0.00,0.00,0,0
1476927885,s3-eth2,3120.00,89326.00,92446.00,89326,3120,40.00,59.00,99.00,59,40,0.00,0.00,0,0
1476927885,s3-eth1,84346.00,2796.00,87142.00,2796,84346,60.00,36.00,96.00,36,60,0.00,0.00,0,0
1476927885,total,94026.00,94324.00,188350.00,94324,94026,148.00,121.00,269.00,121,148,0.00,0.00,0,0
1476927886,s1,0.00,0.00,0.00,0,0,0.00,0.00,0.00,0,0,0.00,0.00,0,0
1476927886,eth0,152.00,245.00,397.00,245,152,2.00,2.00,4.00,2,2,0.00,0.00,0,0
1476927886,s2,0.00,0.00,0.00,0,0,0.00,0.00,0.00,0,0,0.00,0.00,0,0
1476927886,s1-eth2,1061.00,0.00,1061.00,0,1061,5.00,0.00,5.00,0,5,0.00,0.00,0,0
1476927886,s3,0.00,0.00,0.00,0,0,0.00,0.00,0.00,0,0,0.00,0.00,0,0
1476927886,s2-eth2,1076.00,0.00,1076.00,0,1076,5.00,0.00,5.00,0,5,0.00,0.00,0,0
1476927886,s2-eth1,856.00,0.00,856.00,0,856,3.00,0.00,3.00,0,3,0.00,0.00,0,0
1476927886,lo,341.00,341.00,682.00,341,341,4.00,4.00,8.00,4,4,0.00,0.00,0,0
1476927886,s3-eth2,5096.00,81756.00,86852.00,81756,5096,50.00,54.00,104.00,54,50,0.00,0.00,0,0
1476927886,s3-eth1,85111.00,3240.00,88351.00,3240,85111,57.00,42.00,99.00,42,57,0.00,0.00,0,0
1476927886,total,93693.00,85582.00,179275.00,85582,93693,126.00,102.00,228.00,102,126,0.00,0.00,0,0
1476927887,s1,0.00,0.00,0.00,0,0,0.00,0.00,0.00,0,0,0.00,0.00,0,0
1476927887,eth0,0.00,0.00,0.00,0,0,0.00,0.00,0.00,0,0,0.00,0.00,0,0
1476927887,s2,0.00,0.00,0.00,0,0,0.00,0.00,0.00,0,0,0.00,0.00,0,0
1476927887,s1-eth2,0.00,0.00,0.00,0,0,0.00,0.00,0.00,0,0,0.00,0.00,0,0
1476927887,s3,0.00,0.00,0.00,0,0,0.00,0.00,0.00,0,0,0.00,0.00,0,0
1476927887,s2-eth2,669.00,0.00,669.00,0,669,2.00,0.00,2.00,0,2,0.00,0.00,0,0
1476927887,s2-eth1,107.00,0.00,107.00,0,107,1.00,0.00,1.00,0,1,0.00,0.00,0,0
1476927887,lo,0.00,0.00,0.00,0,0,0.00,0.00,0.00,0,0,0.00,0.00,0,0
1476927887,s3-eth2,3677.00,65102.00,68779.00,65102,3677,37.00,43.00,80.00,43,37,0.00,0.00,0,0
1476927887,s3-eth1,61276.00,2788.00,64064.00,2788,61276,43.00,34.00,77.00,34,43,0.00,0.00,0,0
1476927887,total,65729.00,67890.00,133619.00,67890,65729,83.00,77.00,160.00,77,83,0.00,0.00,0,0
1476927888,s1,0.00,0.00,0.00,0,0,0.00,0.00,0.00,0,0,0.00,0.00,0,0
1476927888,eth0,60.00,60.00,120.00,60,60,1.00,1.00,2.00,1,1,0.00,0.00,0,0
1476927888,s2,0.00,0.00,0.00,0,0,0.00,0.00,0.00,0,0,0.00,0.00,0,0
1476927888,s1-eth2,444.00,0.00,444.00,0,444,3.00,0.00,3.00,0,3,0.00,0.00,0,0
1476927888,s3,0.00,0.00,0.00,0,0,0.00,0.00,0.00,0,0,0.00,0.00,0,0
1476927888,s2-eth2,374.00,0.00,374.00,0,374,2.00,0.00,2.00,0,2,0.00,0.00,0,0
1476927888,s2-eth1,664.00,0.00,664.00,0,664,3.00,0.00,3.00,0,3,0.00,0.00,0,0
1476927888,lo,0.00,0.00,0.00,0,0,0.00,0.00,0.00,0,0,0.00,0.00,0,0
1476927888,s3-eth2,1850.00,56018.00,57868.00,56018,1850,25.00,37.00,62.00,37,25,0.00,0.00,0,0
1476927888,s3-eth1,53387.00,1776.00,55163.00,1776,53387,37.00,24.00,61.00,24,37,0.00,0.00,0,0
1476927888,total,56779.00,57854.00,114633.00,57854,56779,71.00,62.00,133.00,62,71,0.00,0.00,0,0
1476927889,s1,0.00,0.00,0.00,0,0,0.00,0.00,0.00,0,0,0.00,0.00,0,0
1476927889,eth0,0.00,0.00,0.00,0,0,0.00,0.00,0.00,0,0,0.00,0.00,0,0
1476927889,s2,0.00,0.00,0.00,0,0,0.00,0.00,0.00,0,0,0.00,0.00,0,0
1476927889,s1-eth2,327.00,0.00,327.00,0,327,1.00,0.00,1.00,0,1,0.00,0.00,0,0
1476927889,s3,0.00,0.00,0.00,0,0,0.00,0.00,0.00,0,0,0.00,0.00,0,0
1476927889,s2-eth2,397.00,0.00,397.00,0,397,2.00,0.00,2.00,0,2,0.00,0.00,0,0
1476927889,s2-eth1,0.00,0.00,0.00,0,0,0.00,0.00,0.00,0,0,0.00,0.00,0,0
1476927889,lo,0.00,0.00,0.00,0,0,0.00,0.00,0.00,0,0,0.00,0.00,0,0
1476927889,s3-eth2,2698.00,63588.00,66286.00,63588,2698,32.00,42.00,74.00,42,32,0.00,0.00,0,0
1476927889,s3-eth1,66616.00,2254.00,68870.00,2254,66616,44.00,29.00,73.00,29,44,0.00,0.00,0,0
1476927889,total,70038.00,65842.00,135880.00,65842,70038,79.00,71.00,150.00,71,79,0.00,0.00,0,0
1476927890,s1,0.00,0.00,0.00,0,0,0.00,0.00,0.00,0,0,0.00,0.00,0,0
1476927890,eth0,0.00,0.00,0.00,0,0,0.00,0.00,0.00,0,0,0.00,0.00,0,0
1476927890,s2,0.00,0.00,0.00,0,0,0.00,0.00,0.00,0,0,0.00,0.00,0,0
1476927890,s1-eth2,0.00,1514.00,1514.00,1514,0,0.00,1.00,1.00,1,0,0.00,0.00,0,0
1476927890,s3,0.00,0.00,0.00,0,0,0.00,0.00,0.00,0,0,0.00,0.00,0,0
1476927890,s2-eth2,0.00,1514.00,1514.00,1514,0,0.00,1.00,1.00,1,0,0.00,0.00,0,0
1476927890,s2-eth1,0.00,0.00,0.00,0,0,0.00,0.00,0.00,0,0,0.00,0.00,0,0
1476927890,lo,516.00,516.00,1032.00,516,516,9.00,9.00,18.00,9,9,0.00,0.00,0,0
1476927890,s3-eth2,3173.00,72672.00,75845.00,72672,3173,38.00,48.00,86.00,48,38,0.00,0.00,0,0
1476927890,s3-eth1,62416.00,2846.00,65262.00,2846,62416,42.00,37.00,79.00,37,42,0.00,0.00,0,0
1476927890,total,66105.00,79062.00,145167.00,79062,66105,89.00,96.00,185.00,96,89,0.00,0.00,0,0
1476927891,s1,0.00,0.00,0.00,0,0,0.00,0.00,0.00,0,0,0.00,0.00,0,0
1476927891,eth0,0.00,0.00,0.00,0,0,0.00,0.00,0.00,0,0,0.00,0.00,0,0
1476927891,s2,0.00,0.00,0.00,0,0,0.00,0.00,0.00,0,0,0.00,0.00,0,0
1476927891,s1-eth2,0.00,0.00,0.00,0,0,0.00,0.00,0.00,0,0,0.00,0.00,0,0
1476927891,s3,0.00,0.00,0.00,0,0,0.00,0.00,0.00,0,0,0.00,0.00,0,0
1476927891,s2-eth2,0.00,0.00,0.00,0,0,0.00,0.00,0.00,0,0,0.00,0.00,0,0
1476927891,s2-eth1,449.00,0.00,449.00,0,449,2.00,0.00,2.00,0,2,0.00,0.00,0,0
1476927891,lo,0.00,0.00,0.00,0,0,0.00,0.00,0.00,0,0,0.00,0.00,0,0
1476927891,s3-eth2,2756.00,60602.00,63358.00,60602,2756,32.00,41.00,73.00,41,32,0.00,0.00,0,0
1476927891,s3-eth1,62223.00,2414.00,64637.00,2414,62223,43.00,31.00,74.00,31,43,0.00,0.00,0,0
1476927891,total,65428.00,63016.00,128444.00,63016,65428,77.00,72.00,149.00,72,77,0.00,0.00,0,0
1476927892,s1,0.00,0.00,0.00,0,0,0.00,0.00,0.00,0,0,0.00,0.00,0,0
1476927892,eth0,0.00,0.00,0.00,0,0,0.00,0.00,0.00,0,0,0.00,0.00,0,0
1476927892,s2,0.00,0.00,0.00,0,0,0.00,0.00,0.00,0,0,0.00,0.00,0,0
1476927892,s1-eth2,177.00,0.00,177.00,0,177,2.00,0.00,2.00,0,2,0.00,0.00,0,0
1476927892,s3,0.00,0.00,0.00,0,0,0.00,0.00,0.00,0,0,0.00,0.00,0,0
1476927892,s2-eth2,107.00,0.00,107.00,0,107,1.00,0.00,1.00,0,1,0.00,0.00,0,0
1476927892,s2-eth1,70.00,0.00,70.00,0,70,1.00,0.00,1.00,0,1,0.00,0.00,0,0
1476927892,lo,0.00,0.00,0.00,0,0,0.00,0.00,0.00,0,0,0.00,0.00,0,0
1476927892,s3-eth2,2846.00,62074.00,64920.00,62074,2846,37.00,41.00,78.00,41,37,0.00,0.00,0,0
1476927892,s3-eth1,66686.00,2846.00,69532.00,2846,66686,45.00,37.00,82.00,37,45,0.00,0.00,0,0
1476927892,total,69886.00,64920.00,134806.00,64920,69886,86.00,78.00,164.00,78,86,0.00,0.00,0,0
1476927893,s1,0.00,0.00,0.00,0,0,0.00,0.00,0.00,0,0,0.00,0.00,0,0
1476927893,eth0,0.00,0.00,0.00,0,0,0.00,0.00,0.00,0,0,0.00,0.00,0,0
1476927893,s2,0.00,0.00,0.00,0,0,0.00,0.00,0.00,0,0,0.00,0.00,0,0
1476927893,s1-eth2,0.00,0.00,0.00,0,0,0.00,0.00,0.00,0,0,0.00,0.00,0,0
1476927893,s3,0.00,0.00,0.00,0,0,0.00,0.00,0.00,0,0,0.00,0.00,0,0
1476927893,s2-eth2,412.00,0.00,412.00,0,412,2.00,0.00,2.00,0,2,0.00,0.00,0,0
1476927893,s2-eth1,0.00,0.00,0.00,0,0,0.00,0.00,0.00,0,0,0.00,0.00,0,0
1476927893,lo,0.00,0.00,0.00,0,0,0.00,0.00,0.00,0,0,0.00,0.00,0,0
1476927893,s3-eth2,2397.00,78728.00,81125.00,78728,2397,32.00,52.00,84.00,52,32,0.00,0.00,0,0
1476927893,s3-eth1,68130.00,2220.00,70350.00,2220,68130,45.00,30.00,75.00,30,45,0.00,0.00,0,0
1476927893,total,70939.00,80948.00,151887.00,80948,70939,79.00,82.00,161.00,82,79,0.00,0.00,0,0
1476927894,s1,0.00,0.00,0.00,0,0,0.00,0.00,0.00,0,0,0.00,0.00,0,0
1476927894,eth0,0.00,0.00,0.00,0,0,0.00,0.00,0.00,0,0,0.00,0.00,0,0
1476927894,s2,0.00,0.00,0.00,0,0,0.00,0.00,0.00,0,0,0.00,0.00,0,0
1476927894,s1-eth2,342.00,0.00,342.00,0,342,1.00,0.00,1.00,0,1,0.00,0.00,0,0
1476927894,s3,0.00,0.00,0.00,0,0,0.00,0.00,0.00,0,0,0.00,0.00,0,0
1476927894,s2-eth2,0.00,0.00,0.00,0,0,0.00,0.00,0.00,0,0,0.00,0.00,0,0
1476927894,s2-eth1,0.00,0.00,0.00,0,0,0.00,0.00,0.00,0,0,0.00,0.00,0,0
1476927894,lo,0.00,0.00,0.00,0,0,0.00,0.00,0.00,0,0,0.00,0.00,0,0
1476927894,s3-eth2,2084.00,81756.00,83840.00,81756,2084,28.00,54.00,82.00,54,28,0.00,0.00,0,0
1476927894,s3-eth1,90840.00,2084.00,92924.00,2084,90840,60.00,28.00,88.00,28,60,0.00,0.00,0,0
1476927894,total,93266.00,83840.00,177106.00,83840,93266,89.00,82.00,171.00,82,89,0.00,0.00,0,0
1476927895,s1,0.00,0.00,0.00,0,0,0.00,0.00,0.00,0,0,0.00,0.00,0,0
1476927895,eth0,0.00,0.00,0.00,0,0,0.00,0.00,0.00,0,0,0.00,0.00,0,0
1476927895,s2,0.00,0.00,0.00,0,0,0.00,0.00,0.00,0,0,0.00,0.00,0,0
1476927895,s1-eth2,0.00,42.00,42.00,42,0,0.00,1.00,1.00,1,0,0.00,0.00,0,0
1476927895,s3,0.00,0.00,0.00,0,0,0.00,0.00,0.00,0,0,0.00,0.00,0,0
1476927895,s2-eth2,0.00,0.00,0.00,0,0,0.00,0.00,0.00,0,0,0.00,0.00,0,0
1476927895,s2-eth1,0.00,0.00,0.00,0,0,0.00,0.00,0.00,0,0,0.00,0.00,0,0
1476927895,lo,516.00,516.00,1032.00,516,516,9.00,9.00,18.00,9,9,0.00,0.00,0,0
1476927895,s3-eth2,3780.00,84784.00,88564.00,84784,3780,48.00,56.00,104.00,56,48,0.00,0.00,0,0
1476927895,s3-eth1,72672.00,3780.00,76452.00,3780,72672,48.00,48.00,96.00,48,48,0.00,0.00,0,0
1476927895,total,76968.00,89122.00,166090.00,89122,76968,105.00,114.00,219.00,114,105,0.00,0.00,0,0
1476927896,s1,0.00,0.00,0.00,0,0,0.00,0.00,0.00,0,0,0.00,0.00,0,0
1476927896,eth0,304.00,490.00,794.00,490,304,4.00,4.00,8.00,4,4,0.00,0.00,0,0
1476927896,s2,0.00,0.00,0.00,0,0,0.00,0.00,0.00,0,0,0.00,0.00,0,0
1476927896,s1-eth2,42.00,42.00,84.00,42,42,1.00,1.00,2.00,1,1,0.00,0.00,0,0
1476927896,s1-eth1,732.00,42.00,774.00,42,732,6.00,1.00,7.00,1,6,0.00,0.00,0,0
1476927896,s3,0.00,0.00,0.00,0,0,0.00,0.00,0.00,0,0,0.00,0.00,0,0
1476927896,s2-eth2,0.00,0.00,0.00,0,0,0.00,0.00,0.00,0,0,0.00,0.00,0,0
1476927896,s2-eth1,0.00,0.00,0.00,0,0,0.00,0.00,0.00,0,0,0.00,0.00,0,0
1476927896,lo,850.00,850.00,1700.00,850,850,10.00,10.00,20.00,10,10,0.00,0.00,0,0
1476927896,s3-eth2,3166.00,84784.00,87950.00,84784,3166,41.00,56.00,97.00,56,41,0.00,0.00,0,0
1476927896,s3-eth1,87812.00,3166.00,90978.00,3166,87812,58.00,41.00,99.00,41,58,0.00,0.00,0,0
1476927896,total,24920758.00,799344.00,25720102.00,799344,24920758,16586.00,9706.00,26292.00,9706,16586,0.00,0.00,0,0
1476927897,s1,0.00,0.00,0.00,0,0,0.00,0.00,0.00,0,0,0.00,0.00,0,0
1476927897,eth0,304.00,490.00,794.00,490,304,4.00,4.00,8.00,4,4,0.00,0.00,0,0
1476927897,s2,0.00,0.00,0.00,0,0,0.00,0.00,0.00,0,0,0.00,0.00,0,0
1476927897,s1-eth2,0.00,0.00,0.00,0,0,0.00,0.00,0.00,0,0,0.00,0.00,0,0
1476927897,s1-eth1,889.00,0.00,889.00,0,889,6.00,0.00,6.00,0,6,0.00,0.00,0,0
1476927897,s3,0.00,0.00,0.00,0,0,0.00,0.00,0.00,0,0,0.00,0.00,0,0
1476927897,s2-eth2,0.00,0.00,0.00,0,0,0.00,0.00,0.00,0,0,0.00,0.00,0,0
1476927897,s2-eth1,0.00,0.00,0.00,0,0,0.00,0.00,0.00,0,0,0.00,0.00,0,0
1476927897,lo,682.00,682.00,1364.00,682,682,8.00,8.00,16.00,8,8,0.00,0.00,0,0
1476927897,s3-eth2,3324.00,68130.00,71454.00,68130,3324,40.00,45.00,85.00,45,40,0.00,0.00,0,0
1476927897,s3-eth1,59046.00,3324.00,62370.00,3324,59046,39.00,40.00,79.00,40,39,0.00,0.00,0,0
1476927897,total,64245.00,72626.00,136871.00,72626,64245,97.00,97.00,194.00,97,97,0.00,0.00,0,0
1476927898,s1,0.00,0.00,0.00,0,0,0.00,0.00,0.00,0,0,0.00,0.00,0,0
1476927898,eth0,152.00,245.00,397.00,245,152,2.00,2.00,4.00,2,2,0.00,0.00,0,0
1476927898,s2,0.00,0.00,0.00,0,0,0.00,0.00,0.00,0,0,0.00,0.00,0,0
1476927898,s1-eth2,0.00,0.00,0.00,0,0,0.00,0.00,0.00,0,0,0.00,0.00,0,0
1476927898,s1-eth1,1666.00,0.00,1666.00,0,1666,7.00,0.00,7.00,0,7,0.00,0.00,0,0
1476927898,s3,0.00,0.00,0.00,0,0,0.00,0.00,0.00,0,0,0.00,0.00,0,0
1476927898,s2-eth2,0.00,0.00,0.00,0,0,0.00,0.00,0.00,0,0,0.00,0.00,0,0
1476927898,s2-eth1,0.00,0.00,0.00,0,0,0.00,0.00,0.00,0,0,0.00,0.00,0,0
1476927898,lo,341.00,341.00,682.00,341,341,4.00,4.00,8.00,4,4,0.00,0.00,0,0
1476927898,s3-eth2,2252.00,51476.00,53728.00,51476,2252,26.00,34.00,60.00,34,26,0.00,0.00,0,0
1476927898,s3-eth1,57532.00,1910.00,59442.00,1910,57532,38.00,25.00,63.00,25,38,0.00,0.00,0,0
1476927898,total,61943.00,53972.00,115915.00,53972,61943,77.00,65.00,142.00,65,77,0.00,0.00,0,0
1476927899,s1,0.00,0.00,0.00,0,0,0.00,0.00,0.00,0,0,0.00,0.00,0,0
1476927899,eth0,0.00,0.00,0.00,0,0,0.00,0.00,0.00,0,0,0.00,0.00,0,0
1476927899,s2,0.00,0.00,0.00,0,0,0.00,0.00,0.00,0,0,0.00,0.00,0,0
1476927899,s1-eth2,0.00,0.00,0.00,0,0,0.00,0.00,0.00,0,0,0.00,0.00,0,0
1476927899,s1-eth1,514.00,0.00,514.00,0,514,2.00,0.00,2.00,0,2,0.00,0.00,0,0
1476927899,s3,0.00,0.00,0.00,0,0,0.00,0.00,0.00,0,0,0.00,0.00,0,0
1476927899,s2-eth2,0.00,0.00,0.00,0,0,0.00,0.00,0.00,0,0,0.00,0.00,0,0
1476927899,s2-eth1,107.00,0.00,107.00,0,107,1.00,0.00,1.00,0,1,0.00,0.00,0,0
1476927899,lo,0.00,0.00,0.00,0,0,0.00,0.00,0.00,0,0,0.00,0.00,0,0
1476927899,s3-eth2,1892.00,56018.00,57910.00,56018,1892,24.00,37.00,61.00,37,24,0.00,0.00,0,0
1476927899,s3-eth1,44013.00,1892.00,45905.00,1892,44013,30.00,24.00,54.00,24,30,0.00,0.00,0,0
1476927899,total,46526.00,57910.00,104436.00,57910,46526,57.00,61.00,118.00,61,57,0.00,0.00,0,0
1476927900,s1,0.00,0.00,0.00,0,0,0.00,0.00,0.00,0,0,0.00,0.00,0,0
1476927900,eth0,0.00,0.00,0.00,0,0,0.00,0.00,0.00,0,0,0.00,0.00,0,0
1476927900,s2,0.00,0.00,0.00,0,0,0.00,0.00,0.00,0,0,0.00,0.00,0,0
1476927900,s1-eth2,107.00,0.00,107.00,0,107,1.00,0.00,1.00,0,1,0.00,0.00,0,0
1476927900,s1-eth1,107.00,0.00,107.00,0,107,1.00,0.00,1.00,0,1,0.00,0.00,0,0
1476927900,s3,0.00,0.00,0.00,0,0,0.00,0.00,0.00,0,0,0.00,0.00,0,0
1476927900,s2-eth2,107.00,0.00,107.00,0,107,1.00,0.00,1.00,0,1,0.00,0.00,0,0
1476927900,s2-eth1,0.00,0.00,0.00,0,0,0.00,0.00,0.00,0,0,0.00,0.00,0,0
1476927900,lo,568.00,568.00,1136.00,568,568,10.00,10.00,20.00,10,10,0.00,0.00,0,0
1476927900,s3-eth2,1960.00,59046.00,61006.00,59046,1960,26.00,39.00,65.00,39,26,0.00,0.00,0,0
1476927900,s3-eth1,66616.00,1960.00,68576.00,1960,66616,44.00,26.00,70.00,26,44,0.00,0.00,0,0
1476927900,total,69465.00,61574.00,131039.00,61574,69465,83.00,75.00,158.00,75,83,0.00,0.00,0,0
1476927901,s1,0.00,0.00,0.00,0,0,0.00,0.00,0.00,0,0,0.00,0.00,0,0
1476927901,eth0,0.00,0.00,0.00,0,0,0.00,0.00,0.00,0,0,0.00,0.00,0,0
1476927901,s2,0.00,0.00,0.00,0,0,0.00,0.00,0.00,0,0,0.00,0.00,0,0
1476927901,s1-eth2,0.00,0.00,0.00,0,0,0.00,0.00,0.00,0,0,0.00,0.00,0,0
1476927901,s1-eth1,664.00,0.00,664.00,0,664,3.00,0.00,3.00,0,3,0.00,0.00,0,0
1476927901,s3,0.00,0.00,0.00,0,0,0.00,0.00,0.00,0,0,0.00,0.00,0,0
1476927901,s2-eth2,0.00,0.00,0.00,0,0,0.00,0.00,0.00,0,0,0.00,0.00,0,0
1476927901,s2-eth1,342.00,0.00,342.00,0,342,1.00,0.00,1.00,0,1,0.00,0.00,0,0
1476927901,lo,0.00,0.00,0.00,0,0,0.00,0.00,0.00,0,0,0.00,0.00,0,0
1476927901,s3-eth2,2927.00,59046.00,61973.00,59046,2927,37.00,39.00,76.00,39,37,0.00,0.00,0,0
1476927901,s3-eth1,48790.00,2820.00,51610.00,2820,48790,33.00,36.00,69.00,36,33,0.00,0.00,0,0
1476927901,total,52723.00,61866.00,114589.00,61866,52723,74.00,75.00,149.00,75,74,0.00,0.00,0,0
1476927902,s1,0.00,0.00,0.00,0,0,0.00,0.00,0.00,0,0,0.00,0.00,0,0
1476927902,eth0,0.00,0.00,0.00,0,0,0.00,0.00,0.00,0,0,0.00,0.00,0,0
1476927902,s2,0.00,0.00,0.00,0,0,0.00,0.00,0.00,0,0,0.00,0.00,0,0
1476927902,s1-eth2,342.00,0.00,342.00,0,342,1.00,0.00,1.00,0,1,0.00,0.00,0,0
1476927902,s1-eth1,0.00,0.00,0.00,0,0,0.00,0.00,0.00,0,0,0.00,0.00,0,0
1476927902,s3,0.00,0.00,0.00,0,0,0.00,0.00,0.00,0,0,0.00,0.00,0,0
1476927902,s2-eth2,0.00,0.00,0.00,0,0,0.00,0.00,0.00,0,0,0.00,0.00,0,0
1476927902,s2-eth1,0.00,0.00,0.00,0,0,0.00,0.00,0.00,0,0,0.00,0.00,0,0
1476927902,lo,0.00,0.00,0.00,0,0,0.00,0.00,0.00,0,0,0.00,0.00,0,0
1476927902,s3-eth2,2094.00,52990.00,55084.00,52990,2094,27.00,35.00,62.00,35,27,0.00,0.00,0,0
1476927902,s3-eth1,60560.00,2094.00,62654.00,2094,60560,40.00,27.00,67.00,27,40,0.00,0.00,0,0
1476927902,total,62996.00,55084.00,118080.00,55084,62996,68.00,62.00,130.00,62,68,0.00,0.00,0,0
1476927903,s1,0.00,0.00,0.00,0,0,0.00,0.00,0.00,0,0,0.00,0.00,0,0
1476927903,eth0,0.00,0.00,0.00,0,0,0.00,0.00,0.00,0,0,0.00,0.00,0,0
1476927903,s2,0.00,0.00,0.00,0,0,0.00,0.00,0.00,0,0,0.00,0.00,0,0
1476927903,s1-eth2,0.00,0.00,0.00,0,0,0.00,0.00,0.00,0,0,0.00,0.00,0,0
1476927903,s1-eth1,0.00,0.00,0.00,0,0,0.00,0.00,0.00,0,0,0.00,0.00,0,0
1476927903,s3,0.00,0.00,0.00,0,0,0.00,0.00,0.00,0,0,0.00,0.00,0,0
1476927903,s2-eth2,342.00,0.00,342.00,0,342,1.00,0.00,1.00,0,1,0.00,0.00,0,0
1476927903,s2-eth1,0.00,0.00,0.00,0,0,0.00,0.00,0.00,0,0,0.00,0.00,0,0
1476927903,lo,0.00,0.00,0.00,0,0,0.00,0.00,0.00,0,0,0.00,0.00,0,0
1476927903,s3-eth2,2612.00,57532.00,60144.00,57532,2612,34.00,38.00,72.00,38,34,0.00,0.00,0,0
1476927903,s3-eth1,46934.00,2612.00,49546.00,2612,46934,31.00,34.00,65.00,34,31,0.00,0.00,0,0
1476927903,total,49888.00,60144.00,110032.00,60144,49888,66.00,72.00,138.00,72,66,0.00,0.00,0,0
1476927904,s1,0.00,0.00,0.00,0,0,0.00,0.00,0.00,0,0,0.00,0.00,0,0
1476927904,eth0,0.00,0.00,0.00,0,0,0.00,0.00,0.00,0,0,0.00,0.00,0,0
1476927904,s2,0.00,0.00,0.00,0,0,0.00,0.00,0.00,0,0,0.00,0.00,0,0
1476927904,s1-eth2,0.00,0.00,0.00,0,0,0.00,0.00,0.00,0,0,0.00,0.00,0,0
1476927904,s1-eth1,449.00,0.00,449.00,0,449,2.00,0.00,2.00,0,2,0.00,0.00,0,0
1476927904,s3,0.00,0.00,0.00,0,0,0.00,0.00,0.00,0,0,0.00,0.00,0,0
1476927904,s2-eth2,0.00,0.00,0.00,0,0,0.00,0.00,0.00,0,0,0.00,0.00,0,0
1476927904,s2-eth1,0.00,0.00,0.00,0,0,0.00,0.00,0.00,0,0,0.00,0.00,0,0
1476927904,lo,0.00,0.00,0.00,0,0,0.00,0.00,0.00,0,0,0.00,0.00,0,0
1476927904,s3-eth2,2168.00,51476.00,53644.00,51476,2168,28.00,34.00,62.00,34,28,0.00,0.00,0,0
1476927904,s3-eth1,57532.00,2168.00,59700.00,2168,57532,38.00,28.00,66.00,28,38,0.00,0.00,0,0
1476927904,total,60149.00,53644.00,113793.00,53644,60149,68.00,62.00,130.00,62,68,0.00,0.00,0,0
1476927905,s1,0.00,0.00,0.00,0,0,0.00,0.00,0.00,0,0,0.00,0.00,0,0
1476927905,eth0,0.00,0.00,0.00,0,0,0.00,0.00,0.00,0,0,0.00,0.00,0,0
1476927905,s2,0.00,42.00,42.00,42,0,0.00,1.00,1.00,1,0,0.00,0.00,0,0
1476927905,s1-eth2,0.00,0.00,0.00,0,0,0.00,0.00,0.00,0,0,0.00,0.00,0,0
1476927905,s1-eth1,70.00,0.00,70.00,0,70,1.00,0.00,1.00,0,1,0.00,0.00,0,0
1476927905,s3,0.00,0.00,0.00,0,0,0.00,0.00,0.00,0,0,0.00,0.00,0,0
1476927905,s2-eth2,5460.00,130246.00,135706.00,130246,5460,70.00,87.00,157.00,87,70,0.00,0.00,0,0
1476927905,s2-eth1,113592.00,5460.00,119052.00,5460,113592,76.00,70.00,146.00,70,76,0.00,0.00,0,0
1476927905,lo,756.00,756.00,1512.00,756,756,12.00,12.00,24.00,12,12,0.00,0.00,0,0
1476927905,s3-eth2,2168.00,62074.00,64242.00,62074,2168,28.00,41.00,69.00,41,28,0.00,0.00,0,0
1476927905,s3-eth1,56018.00,2168.00,58186.00,2168,56018,37.00,28.00,65.00,28,37,0.00,0.00,0,0
1476927905,total,178064.00,200746.00,378810.00,200746,178064,224.00,239.00,463.00,239,224,0.00,0.00,0,0
1476927906,s1,0.00,0.00,0.00,0,0,0.00,0.00,0.00,0,0,0.00,0.00,0,0
1476927906,eth0,0.00,0.00,0.00,0,0,0.00,0.00,0.00,0,0,0.00,0.00,0,0
1476927906,s2,0.00,0.00,0.00,0,0,0.00,0.00,0.00,0,0,0.00,0.00,0,0
1476927906,s1-eth2,0.00,0.00,0.00,0,0,0.00,0.00,0.00,0,0,0.00,0.00,0,0
1476927906,s1-eth1,0.00,0.00,0.00,0,0,0.00,0.00,0.00,0,0,0.00,0.00,0,0
1476927906,s3,0.00,0.00,0.00,0,0,0.00,0.00,0.00,0,0,0.00,0.00,0,0
1476927906,s2-eth2,12062.00,251324.00,263386.00,251324,12062,157.00,166.00,323.00,166,157,0.00,0.00,0,0
1476927906,s2-eth1,249810.00,12148.00,261958.00,12148,249810,165.00,158.00,323.00,158,165,0.00,0.00,0,0
1476927906,lo,0.00,0.00,0.00,0,0,0.00,0.00,0.00,0,0,0.00,0.00,0,0
1476927906,s3-eth2,3034.00,65102.00,68136.00,65102,3034,41.00,43.00,84.00,43,41,0.00,0.00,0,0
1476927906,s3-eth1,71158.00,3034.00,74192.00,3034,71158,47.00,41.00,88.00,41,47,0.00,0.00,0,0
1476927906,total,336064.00,331608.00,667672.00,331608,336064,410.00,408.00,818.00,408,410,0.00,0.00,0,0
1476927907,s1,0.00,0.00,0.00,0,0,0.00,0.00,0.00,0,0,0.00,0.00,0,0
1476927907,eth0,0.00,0.00,0.00,0,0,0.00,0.00,0.00,0,0,0.00,0.00,0,0
1476927907,s2,0.00,0.00,0.00,0,0,0.00,0.00,0.00,0,0,0.00,0.00,0,0
1476927907,s1-eth2,0.00,0.00,0.00,0,0,0.00,0.00,0.00,0,0,0.00,0.00,0,0
1476927907,s1-eth1,0.00,0.00,0.00,0,0,0.00,0.00,0.00,0,0,0.00,0.00,0,0
1476927907,s3,0.00,0.00,0.00,0,0,0.00,0.00,0.00,0,0,0.00,0.00,0,0
1476927907,s2-eth2,12624.00,261922.00,274546.00,261922,12624,162.00,173.00,335.00,173,162,0.00,0.00,0,0
1476927907,s2-eth1,251324.00,12538.00,263862.00,12538,251324,166.00,161.00,327.00,161,166,0.00,0.00,0,0
1476927907,lo,0.00,0.00,0.00,0,0,0.00,0.00,0.00,0,0,0.00,0.00,0,0
1476927907,s3-eth2,2664.00,92354.00,95018.00,92354,2664,36.00,61.00,97.00,61,36,0.00,0.00,0,0
1476927907,s3-eth1,81756.00,2664.00,84420.00,2664,81756,54.00,36.00,90.00,36,54,0.00,0.00,0,0
1476927907,total,348368.00,369478.00,717846.00,369478,348368,418.00,431.00,849.00,431,418,0.00,0.00,0,0
1476927908,s1,0.00,0.00,0.00,0,0,0.00,0.00,0.00,0,0,0.00,0.00,0,0
1476927908,eth0,0.00,0.00,0.00,0,0,0.00,0.00,0.00,0,0,0.00,0.00,0,0
1476927908,s2,0.00,0.00,0.00,0,0,0.00,0.00,0.00,0,0,0.00,0.00,0,0
1476927908,s1-eth2,0.00,0.00,0.00,0,0,0.00,0.00,0.00,0,0,0.00,0.00,0,0
1476927908,s1-eth1,0.00,0.00,0.00,0,0,0.00,0.00,0.00,0,0,0.00,0.00,0,0
1476927908,s3,0.00,0.00,0.00,0,0,0.00,0.00,0.00,0,0,0.00,0.00,0,0
1476927908,s2-eth2,12222.00,258894.00,271116.00,258894,12222,159.00,171.00,330.00,171,159,0.00,0.00,0,0
1476927908,s2-eth1,249810.00,12222.00,262032.00,12222,249810,165.00,159.00,324.00,159,165,0.00,0.00,0,0
1476927908,lo,0.00,0.00,0.00,0,0,0.00,0.00,0.00,0,0,0.00,0.00,0,0
1476927908,s3-eth2,4140.00,95382.00,99522.00,95382,4140,54.00,63.00,117.00,63,54,0.00,0.00,0,0
1476927908,s3-eth1,95382.00,4140.00,99522.00,4140,95382,63.00,54.00,117.00,54,63,0.00,0.00,0,0
1476927908,total,361554.00,370638.00,732192.00,370638,361554,441.00,447.00,888.00,447,441,0.00,0.00,0,0
1476927909,s1,0.00,0.00,0.00,0,0,0.00,0.00,0.00,0,0,0.00,0.00,0,0
1476927909,eth0,0.00,0.00,0.00,0,0,0.00,0.00,0.00,0,0,0.00,0.00,0,0
1476927909,s2,0.00,0.00,0.00,0,0,0.00,0.00,0.00,0,0,0.00,0.00,0,0
1476927909,s1-eth2,0.00,0.00,0.00,0,0,0.00,0.00,0.00,0,0,0.00,0.00,0,0
1476927909,s1-eth1,0.00,0.00,0.00,0,0,0.00,0.00,0.00,0,0,0.00,0.00,0,0
1476927909,s3,0.00,0.00,0.00,0,0,0.00,0.00,0.00,0,0,0.00,0.00,0,0
1476927909,s2-eth2,12202.00,254352.00,266554.00,254352,12202,161.00,168.00,329.00,168,161,0.00,0.00,0,0
1476927909,s2-eth1,249810.00,12202.00,262012.00,12202,249810,165.00,161.00,326.00,161,165,0.00,0.00,0,0
1476927909,lo,0.00,0.00,0.00,0,0,0.00,0.00,0.00,0,0,0.00,0.00,0,0
1476927909,s3-eth2,3672.00,101438.00,105110.00,101438,3672,46.00,67.00,113.00,67,46,0.00,0.00,0,0
1476927909,s3-eth1,104466.00,3330.00,107796.00,3330,104466,69.00,45.00,114.00,45,69,0.00,0.00,0,0
1476927909,total,370150.00,371322.00,741472.00,371322,370150,441.00,441.00,882.00,441,441,0.00,0.00,0,0
1476927910,s1,0.00,0.00,0.00,0,0,0.00,0.00,0.00,0,0,0.00,0.00,0,0
1476927910,eth0,0.00,0.00,0.00,0,0,0.00,0.00,0.00,0,0,0.00,0.00,0,0
1476927910,s2,0.00,0.00,0.00,0,0,0.00,0.00,0.00,0,0,0.00,0.00,0,0
1476927910,s1-eth2,342.00,0.00,342.00,0,342,1.00,0.00,1.00,0,1,0.00,0.00,0,0
1476927910,s1-eth1,0.00,0.00,0.00,0,0,0.00,0.00,0.00,0,0,0.00,0.00,0,0
1476927910,s3,0.00,0.00,0.00,0,0,0.00,0.00,0.00,0,0,0.00,0.00,0,0
1476927910,s2-eth2,12214.00,254352.00,266566.00,254352,12214,161.00,168.00,329.00,168,161,0.00,0.00,0,0
1476927910,s2-eth1,249810.00,12214.00,262024.00,12214,249810,165.00,161.00,326.00,161,165,0.00,0.00,0,0
1476927910,lo,516.00,516.00,1032.00,516,516,9.00,9.00,18.00,9,9,0.00,0.00,0,0
1476927910,s3-eth2,4736.00,118092.00,122828.00,118092,4736,64.00,78.00,142.00,78,64,0.00,0.00,0,0
1476927910,s3-eth1,113550.00,4736.00,118286.00,4736,113550,75.00,64.00,139.00,64,75,0.00,0.00,0,0
1476927910,total,381168.00,389910.00,771078.00,389910,381168,475.00,480.00,955.00,480,475,0.00,0.00,0,0
1476927911,s1,0.00,0.00,0.00,0,0,0.00,0.00,0.00,0,0,0.00,0.00,0,0
1476927911,eth0,0.00,0.00,0.00,0,0,0.00,0.00,0.00,0,0,0.00,0.00,0,0
1476927911,s2,0.00,0.00,0.00,0,0,0.00,0.00,0.00,0,0,0.00,0.00,0,0
1476927911,s1-eth2,0.00,0.00,0.00,0,0,0.00,0.00,0.00,0,0,0.00,0.00,0,0
1476927911,s1-eth1,0.00,0.00,0.00,0,0,0.00,0.00,0.00,0,0,0.00,0.00,0,0
1476927911,s3,0.00,0.00,0.00,0,0,0.00,0.00,0.00,0,0,0.00,0.00,0,0
1476927911,s2-eth2,11890.00,248296.00,260186.00,248296,11890,155.00,164.00,319.00,164,155,0.00,0.00,0,0
1476927911,s2-eth1,249810.00,11976.00,261786.00,11976,249810,165.00,156.00,321.00,156,165,0.00,0.00,0,0
1476927911,lo,0.00,0.00,0.00,0,0,0.00,0.00,0.00,0,0,0.00,0.00,0,0
1476927911,s3-eth2,4354.00,74186.00,78540.00,74186,4354,53.00,49.00,102.00,49,53,0.00,0.00,0,0
1476927911,s3-eth1,77214.00,4354.00,81568.00,4354,77214,51.00,53.00,104.00,53,51,0.00,0.00,0,0
1476927911,total,343268.00,338812.00,682080.00,338812,343268,424.00,422.00,846.00,422,424,0.00,0.00,0,0
1476927912,s1,0.00,0.00,0.00,0,0,0.00,0.00,0.00,0,0,0.00,0.00,0,0
1476927912,eth0,0.00,0.00,0.00,0,0,0.00,0.00,0.00,0,0,0.00,0.00,0,0
1476927912,s2,0.00,0.00,0.00,0,0,0.00,0.00,0.00,0,0,0.00,0.00,0,0
1476927912,s1-eth2,0.00,0.00,0.00,0,0,0.00,0.00,0.00,0,0,0.00,0.00,0,0
1476927912,s1-eth1,107.00,0.00,107.00,0,107,1.00,0.00,1.00,0,1,0.00,0.00,0,0
1476927912,s3,0.00,0.00,0.00,0,0,0.00,0.00,0.00,0,0,0.00,0.00,0,0
1476927912,s2-eth2,12308.00,260408.00,272716.00,260408,12308,160.00,172.00,332.00,172,160,0.00,0.00,0,0
1476927912,s2-eth1,251324.00,12222.00,263546.00,12222,251324,166.00,159.00,325.00,159,166,0.00,0.00,0,0
1476927912,lo,0.00,0.00,0.00,0,0,0.00,0.00,0.00,0,0,0.00,0.00,0,0
1476927912,s3-eth2,1602.00,40878.00,42480.00,40878,1602,21.00,27.00,48.00,27,21,0.00,0.00,0,0
1476927912,s3-eth1,39364.00,1602.00,40966.00,1602,39364,26.00,21.00,47.00,21,26,0.00,0.00,0,0
1476927912,total,304705.00,315110.00,619815.00,315110,304705,374.00,379.00,753.00,379,374,0.00,0.00,0,0
1476927913,s1,0.00,0.00,0.00,0,0,0.00,0.00,0.00,0,0,0.00,0.00,0,0
1476927913,eth0,0.00,0.00,0.00,0,0,0.00,0.00,0.00,0,0,0.00,0.00,0,0
1476927913,s2,0.00,0.00,0.00,0,0,0.00,0.00,0.00,0,0,0.00,0.00,0,0
1476927913,s1-eth2,0.00,0.00,0.00,0,0,0.00,0.00,0.00,0,0,0.00,0.00,0,0
1476927913,s1-eth1,0.00,0.00,0.00,0,0,0.00,0.00,0.00,0,0,0.00,0.00,0,0
1476927913,s3,0.00,0.00,0.00,0,0,0.00,0.00,0.00,0,0,0.00,0.00,0,0
1476927913,s2-eth2,12374.00,261922.00,274296.00,261922,12374,163.00,173.00,336.00,173,163,0.00,0.00,0,0
1476927913,s2-eth1,249810.00,12374.00,262184.00,12374,249810,165.00,163.00,328.00,163,165,0.00,0.00,0,0
1476927913,lo,0.00,0.00,0.00,0,0,0.00,0.00,0.00,0,0,0.00,0.00,0,0
1476927913,s3-eth2,1554.00,62074.00,63628.00,62074,1554,21.00,41.00,62.00,41,21,0.00,0.00,0,0
1476927913,s3-eth1,59046.00,1554.00,60600.00,1554,59046,39.00,21.00,60.00,21,39,0.00,0.00,0,0
1476927913,total,322784.00,337924.00,660708.00,337924,322784,388.00,398.00,786.00,398,388,0.00,0.00,0,0
1476927914,s1,0.00,0.00,0.00,0,0,0.00,0.00,0.00,0,0,0.00,0.00,0,0
1476927914,eth0,0.00,0.00,0.00,0,0,0.00,0.00,0.00,0,0,0.00,0.00,0,0
1476927914,s2,0.00,0.00,0.00,0,0,0.00,0.00,0.00,0,0,0.00,0.00,0,0
1476927914,s1-eth2,20262.00,476910.00,497172.00,476910,20262,249.00,315.00,564.00,315,249,0.00,0.00,0,0
1476927914,s1-eth1,475396.00,20336.00,495732.00,20336,475396,314.00,250.00,564.00,250,314,0.00,0.00,0,0
1476927914,s3,0.00,0.00,0.00,0,0,0.00,0.00,0.00,0,0,0.00,0.00,0,0
1476927914,s2-eth2,12348.00,252838.00,265186.00,252838,12348,160.00,167.00,327.00,167,160,0.00,0.00,0,0
1476927914,s2-eth1,249810.00,12348.00,262158.00,12348,249810,165.00,160.00,325.00,160,165,0.00,0.00,0,0
1476927914,lo,0.00,0.00,0.00,0,0,0.00,0.00,0.00,0,0,0.00,0.00,0,0
1476927914,s3-eth2,3532.47,78649.35,82181.82,78728,3536,45.95,51.95,97.90,52,46,0.00,0.00,0,0
1476927914,s3-eth1,80161.84,3532.47,83694.30,3536,80242,52.95,45.95,98.90,46,53,0.00,0.00,0,0
1476927914,total,840753.25,843852.19,1684605.50,844696,841594,986.01,989.01,1975.03,990,987,0.00,0.00,0,0
1476927915,s1,0.00,0.00,0.00,0,0,0.00,0.00,0.00,0,0,0.00,0.00,0,0
1476927915,eth0,0.00,0.00,0.00,0,0,0.00,0.00,0.00,0,0,0.00,0.00,0,0
1476927915,s2,0.00,0.00,0.00,0,0,0.00,0.00,0.00,0,0,0.00,0.00,0,0
1476927915,s1-eth2,33710.29,1235702.38,1269412.62,1236938,33744,455.54,816.18,1271.73,817,456,0.00,0.00,0,0
1476927915,s1-eth1,1235702.38,33636.36,1269338.75,33670,1236938,816.18,454.55,1270.73,455,817,0.00,0.00,0,0
1476927915,s3,0.00,0.00,0.00,0,0,0.00,0.00,0.00,0,0,0.00,0.00,0,0
1476927915,s2-eth2,12075.92,264685.31,276761.25,264950,12088,157.84,174.83,332.67,175,158,0.00,0.00,0,0
1476927915,s2-eth1,249667.34,12075.92,261743.27,12088,249917,165.83,157.84,323.68,158,166,0.00,0.00,0,0
1476927915,lo,516.00,516.00,1032.00,516,516,9.00,9.00,18.00,9,9,0.00,0.00,0,0
1476927915,s3-eth2,5062.00,96896.00,101958.00,96896,5062,63.00,64.00,127.00,64,63,0.00,0.00,0,0
1476927915,s3-eth1,89433.00,4720.00,94153.00,4720,89433,60.00,62.00,122.00,62,60,0.00,0.00,0,0
1476927915,total,1627698.00,1649778.00,3277476.00,1649778,1627698,1729.00,1740.00,3469.00,1740,1729,0.00,0.00,0,0
1476927916,s1,0.00,0.00,0.00,0,0,0.00,0.00,0.00,0,0,0.00,0.00,0,0
1476927916,eth0,0.00,0.00,0.00,0,0,0.00,0.00,0.00,0,0,0.00,0.00,0,0
1476927916,s2,0.00,0.00,0.00,0,0,0.00,0.00,0.00,0,0,0.00,0.00,0,0
1476927916,s1-eth2,33407.00,1238452.00,1271859.00,1238452,33407,451.00,818.00,1269.00,818,451,0.00,0.00,0,0
1476927916,s1-eth1,1236938.00,33300.00,1270238.00,33300,1236938,817.00,450.00,1267.00,450,817,0.00,0.00,0,0
1476927916,s3,0.00,0.00,0.00,0,0,0.00,0.00,0.00,0,0,0.00,0.00,0,0
1476927916,s2-eth2,12233.00,254352.00,266585.00,254352,12233,160.00,168.00,328.00,168,160,0.00,0.00,0,0
1476927916,s2-eth1,249810.00,12212.00,262022.00,12212,249810,165.00,160.00,325.00,160,165,0.00,0.00,0,0
1476927916,lo,0.00,0.00,0.00,0,0,0.00,0.00,0.00,0,0,0.00,0.00,0,0
1476927916,s3-eth2,3980.00,84784.00,88764.00,84784,3980,52.00,56.00,108.00,56,52,0.00,0.00,0,0
1476927916,s3-eth1,89668.00,3980.00,93648.00,3980,89668,60.00,52.00,112.00,52,60,0.00,0.00,0,0
1476927916,total,1626036.00,1627080.00,3253116.00,1627080,1626036,1705.00,1704.00,3409.00,1704,1705,0.00,0.00,0,0
1476927917,s1,0.00,0.00,0.00,0,0,0.00,0.00,0.00,0,0,0.00,0.00,0,0
1476927917,eth0,0.00,0.00,0.00,0,0,0.00,0.00,0.00,0,0,0.00,0.00,0,0
1476927917,s2,0.00,0.00,0.00,0,0,0.00,0.00,0.00,0,0,0.00,0.00,0,0
1476927917,s1-eth2,40034.00,1244508.00,1284542.00,1244508,40034,541.00,822.00,1363.00,822,541,0.00,0.00,0,0
1476927917,s1-eth1,1244508.00,40108.00,1284616.00,40108,1244508,822.00,542.00,1364.00,542,822,0.00,0.00,0,0
1476927917,s3,0.00,0.00,0.00,0,0,0.00,0.00,0.00,0,0,0.00,0.00,0,0
1476927917,s2-eth2,11968.00,254352.00,266320.00,254352,11968,158.00,168.00,326.00,168,158,0.00,0.00,0,0
1476927917,s2-eth1,251324.00,11882.00,263206.00,11882,251324,166.00,157.00,323.00,157,166,0.00,0.00,0,0
1476927917,lo,0.00,0.00,0.00,0,0,0.00,0.00,0.00,0,0,0.00,0.00,0,0
1476927917,s3-eth2,3861.00,77214.00,81075.00,77214,3861,48.00,51.00,99.00,51,48,0.00,0.00,0,0
1476927917,s3-eth1,65102.00,3754.00,68856.00,3754,65102,43.00,47.00,90.00,47,43,0.00,0.00,0,0
1476927917,to