1471915924,s1,0.00,0.00,0.00,0,0,0.00,0.00,0.00,0,0,0.00,0.00,0,0
1471915924,eth0,0.00,0.00,0.00,0,0,0.00,0.00,0.00,0,0,0.00,0.00,0,0
1471915924,s2,0.00,0.00,0.00,0,0,0.00,0.00,0.00,0,0,0.00,0.00,0,0
1471915924,s1-eth2,0.00,0.00,0.00,0,0,0.00,0.00,0.00,0,0,0.00,0.00,0,0
1471915924,s1-eth1,0.00,0.00,0.00,0,0,0.00,0.00,0.00,0,0,0.00,0.00,0,0
1471915924,s3,0.00,0.00,0.00,0,0,0.00,0.00,0.00,0,0,0.00,0.00,0,0
1471915924,s2-eth2,0.00,0.00,0.00,0,0,0.00,0.00,0.00,0,0,0.00,0.00,0,0
1471915924,s2-eth1,0.00,0.00,0.00,0,0,0.00,0.00,0.00,0,0,0.00,0.00,0,0
1471915924,lo,0.00,0.00,0.00,0,0,0.00,0.00,0.00,0,0,0.00,0.00,0,0
1471915924,s3-eth2,0.00,0.00,0.00,0,0,0.00,0.00,0.00,0,0,0.00,0.00,0,0
1471915924,s3-eth1,0.00,0.00,0.00,0,0,0.00,0.00,0.00,0,0,0.00,0.00,0,0
1471915924,total,0.00,0.00,0.00,0,0,0.00,0.00,0.00,0,0,0.00,0.00,0,0
1471915925,s1,250.00,3963.00,4213.00,3963,250,3.00,28.00,31.00,28,3,0.00,0.00,0,0
1471915925,eth0,1675.00,2407.00,4082.00,2407,1675,22.00,22.00,44.00,22,22,0.00,0.00,0,0
1471915925,s2,250.00,4218.00,4468.00,4218,250,3.00,28.00,31.00,28,3,0.00,0.00,0,0
1471915925,s1-eth2,66799.00,5825536.00,5892335.00,5825536,66799,968.00,990.00,1958.00,990,968,0.00,0.00,0,0
1471915925,s1-eth1,5804097.00,65225.78,5869323.00,65291,5809901,998.00,957.04,1955.05,958,999,0.00,0.00,0,0
1471915925,s3,159.84,4380.62,4540.46,4385,160,2.00,26.97,28.97,27,2,0.00,0.00,0,0
1471915925,s2-eth2,5812053.00,63543.46,5875596.50,63607,5817865,1009.99,945.05,1955.05,946,1011,0.00,0.00,0,0
1471915925,s2-eth1,65291.71,5809949.00,5875241.00,5815759,65357,958.04,999.00,1957.04,1000,959,0.00,0.00,0,0
1471915925,lo,28089.91,28089.91,56179.82,28118,28118,273.73,273.73,547.45,274,274,0.00,0.00,0,0
1471915925,s3-eth2,5813990.00,61606.39,5875596.50,61668,5819804,1021.98,933.07,1955.05,934,1023,0.00,0.00,0,0
1471915925,s3-eth1,63543.46,5812053.00,5875596.50,5817865,63607,945.05,1009.99,1955.05,1011,946,0.00,0.00,0,0
1471915925,total,17656130.00,17675142.00,35331272.00,17692817,17673786,6203.80,6211.79,12415.58,6218,6210,0.00,0.00,0,0
1471915926,s1,0.00,2616.38,2616.38,2619,0,0.00,10.99,10.99,11,0,0.00,0.00,0,0
1471915926,eth0,151.85,244.76,396.60,245,152,2.00,2.00,4.00,2,2,0.00,0.00,0,0
1471915926,s2,0.00,2263.74,2263.74,2266,0,0.00,9.99,9.99,10,0,0.00,0.00,0,0
1471915926,s1-eth2,69516.48,5828739.50,5898256.00,5834568,69586,1010.99,995.01,2005.99,996,1012,0.00,0.00,0,0
1471915926,s1-eth1,5829843.00,68289.00,5898132.00,68289,5829843,1000.00,1006.00,2006.00,1006,1000,0.00,0.00,0,0
1471915926,s3,90.00,1849.00,1939.00,1849,90,1.00,8.00,9.00,8,1,0.00,0.00,0,0
1471915926,s2-eth2,5830559.00,66803.00,5897362.00,66803,5830559,1003.00,1000.00,2003.00,1000,1003,0.00,0.00,0,0
1471915926,s2-eth1,68223.00,5823985.00,5892208.00,5823985,68223,1005.00,999.00,2004.00,999,1005,0.00,0.00,0,0
1471915926,lo,9597.00,9597.00,19194.00,9597,9597,90.00,90.00,180.00,90,90,0.00,0.00,0,0
1471915926,s3-eth2,5825834.00,65604.00,5891438.00,65604,5825834,1007.00,994.00,2001.00,994,1007,0.00,0.00,0,0
1471915926,s3-eth1,66803.00,5830559.00,5897362.00,5830559,66803,1000.00,1003.00,2003.00,1003,1000,0.00,0.00,0,0
1471915926,total,17700688.00,17706384.00,35407072.00,17706384,17700687,6120.00,6119.00,12239.00,6119,6120,0.00,0.00,0,0
1471915927,s1,0.00,752.00,752.00,752,0,0.00,3.00,3.00,3,0,0.00,0.00,0,0
1471915927,eth0,0.00,0.00,0.00,0,0,0.00,0.00,0.00,0,0,0.00,0.00,0,0
1471915927,s2,0.00,654.00,654.00,654,0,0.00,2.00,2.00,2,0,0.00,0.00,0,0
1471915927,s1-eth2,70646.00,5970654.00,6041300.00,5970654,70646,1055.00,1215.00,2270.00,1215,1055,0.00,0.00,0,0
1471915927,s1-eth1,5965123.00,70118.00,6035241.00,70118,5965123,1215.00,1054.00,2269.00,1054,1215,0.00,0.00,0,0
1471915927,s3,0.00,654.00,654.00,654,0,0.00,2.00,2.00,2,0,0.00,0.00,0,0
1471915927,s2-eth2,5963672.00,69627.00,6033299.00,69627,5963672,1211.00,1051.00,2262.00,1051,1211,0.00,0.00,0,0
1471915927,s2-eth1,70118.00,5965123.00,6035241.00,5965123,70118,1054.00,1215.00,2269.00,1215,1054,0.00,0.00,0,0
1471915927,lo,2282.00,2282.00,4564.00,2282,2282,21.00,21.00,42.00,21,21,0.00,0.00,0,0
1471915927,s3-eth2,5963669.00,69366.00,6033035.00,69366,5963669,1207.00,1051.00,2258.00,1051,1207,0.00,0.00,0,0
1471915927,s3-eth1,69627.00,5963672.00,6033299.00,5963672,69627,1051.00,1211.00,2262.00,1211,1051,0.00,0.00,0,0
1471915927,total,18105136.00,18112902.00,36218040.00,18112902,18105137,6814.00,6825.00,13639.00,6825,6814,0.00,0.00,0,0
1471915928,s1,0.00,551.00,551.00,551,0,0.00,4.00,4.00,4,0,0.00,0.00,0,0
1471915928,eth0,60.00,60.00,120.00,60,60,1.00,1.00,2.00,1,1,0.00,0.00,0,0
1471915928,s2,0.00,551.00,551.00,551,0,0.00,4.00,4.00,4,0,0.00,0.00,0,0
1471915928,s1-eth2,76690.00,5860074.00,5936764.00,5860074,76690,1157.00,1185.00,2342.00,1185,1157,0.00,0.00,0,0
1471915928,s1-eth1,5854323.00,76517.00,5930840.00,76517,5854323,1185.00,1155.00,2340.00,1155,1185,0.00,0.00,0,0
1471915928,s3,0.00,621.00,621.00,621,0,0.00,5.00,5.00,5,0,0.00,0.00,0,0
1471915928,s2-eth2,5856545.00,76410.00,5932955.00,76410,5856545,1193.00,1154.00,2347.00,1154,1193,0.00,0.00,0,0
1471915928,s2-eth1,76517.00,5854323.00,5930840.00,5854323,76517,1155.00,1185.00,2340.00,1185,1155,0.00,0.00,0,0
1471915928,lo,3880.00,3880.00,7760.00,3880,3880,39.00,39.00,78.00,39,39,0.00,0.00,0,0
1471915928,s3-eth2,5857249.00,76036.00,5933285.00,76036,5857249,1200.00,1152.00,2352.00,1152,1200,0.00,0.00,0,0
1471915928,s3-eth1,76410.00,5856545.00,5932955.00,5856545,76410,1154.00,1193.00,2347.00,1193,1154,0.00,0.00,0,0
1471915928,total,17801674.00,17805568.00,35607240.00,17805568,17801674,7084.00,7077.00,14161.00,7077,7084,0.00,0.00,0,0
1471915929,s1,70.00,1369.00,1439.00,1369,70,1.00,9.00,10.00,9,1,0.00,0.00,0,0
1471915929,eth0,0.00,0.00,0.00,0,0,0.00,0.00,0.00,0,0,0.00,0.00,0,0
1471915929,s2,70.00,1271.00,1341.00,1271,70,1.00,8.00,9.00,8,1,0.00,0.00,0,0
1471915929,s1-eth2,62951.00,5256048.00,5318999.00,5256048,62951,935.00,1094.00,2029.00,1094,935,0.00,0.00,0,0
1471915929,s1-eth1,5261914.00,62415.00,5324329.00,62415,5261914,1088.00,934.00,2022.00,934,1088,0.00,0.00,0,0
1471915929,s3,70.00,1201.00,1271.00,1201,70,1.00,7.00,8.00,7,1,0.00,0.00,0,0
1471915929,s2-eth2,5265863.00,61913.00,5327776.00,61913,5265863,1078.00,934.00,2012.00,934,1078,0.00,0.00,0,0
1471915929,s2-eth1,62415.00,5261914.00,5324329.00,5261914,62415,934.00,1088.00,2022.00,1088,934,0.00,0.00,0,0
1471915929,lo,7712.00,7712.00,15424.00,7712,7712,79.00,79.00,158.00,79,79,0.00,0.00,0,0
1471915929,s3-eth2,5264432.00,61776.00,5326208.00,61776,5264432,1070.00,936.00,2006.00,936,1070,0.00,0.00,0,0
1471915929,s3-eth1,61913.00,5265863.00,5327776.00,5265863,61913,934.00,1078.00,2012.00,1078,934,0.00,0.00,0,0
1471915929,total,15987410.00,15981482.00,31968892.00,15981482,15987410,6121.00,6167.00,12288.00,6167,6121,0.00,0.00,0,0
1471915930,s1,0.00,342.00,342.00,342,0,0.00,1.00,1.00,1,0,0.00,0.00,0,0
1471915930,eth0,0.00,0.00,0.00,0,0,0.00,0.00,0.00,0,0,0.00,0.00,0,0
1471915930,s2,0.00,342.00,342.00,342,0,0.00,1.00,1.00,1,0,0.00,0.00,0,0
1471915930,s1-eth2,78498.00,5707720.00,5786218.00,5707720,78498,1181.00,1268.00,2449.00,1268,1181,0.00,0.00,0,0
1471915930,s1-eth1,5713974.00,78222.00,5792196.00,78222,5713974,1275.00,1181.00,2456.00,1181,1275,0.00,0.00,0,0
1471915930,s3,0.00,0.00,0.00,0,0,0.00,0.00,0.00,0,0,0.00,0.00,0,0
1471915930,s2-eth2,5713120.00,78156.00,5791276.00,78156,5713120,1284.00,1180.00,2464.00,1180,1284,0.00,0.00,0,0
1471915930,s2-eth1,78222.00,5713974.00,5792196.00,5713974,78222,1181.00,1275.00,2456.00,1275,1181,0.00,0.00,0,0
1471915930,lo,652.00,652.00,1304.00,652,652,6.00,6.00,12.00,6,6,0.00,0.00,0,0
1471915930,s3-eth2,5713648.00,77682.00,5791330.00,77682,5713648,1292.00,1177.00,2469.00,1177,1292,0.00,0.00,0,0
1471915930,s3-eth1,78156.00,5713120.00,5791276.00,5713120,78156,1180.00,1284.00,2464.00,1284,1180,0.00,0.00,0,0
1471915930,total,17376270.00,17370210.00,34746480.00,17370210,17376270,7399.00,7373.00,14772.00,7373,7399,0.00,0.00,0,0
1471915931,s1,0.00,0.00,0.00,0,0,0.00,0.00,0.00,0,0,0.00,0.00,0,0
1471915931,eth0,0.00,0.00,0.00,0,0,0.00,0.00,0.00,0,0,0.00,0.00,0,0
1471915931,s2,0.00,0.00,0.00,0,0,0.00,0.00,0.00,0,0,0.00,0.00,0,0
1471915931,s1-eth2,79002.00,5983562.00,6062564.00,5983562,79002,1197.00,1257.00,2454.00,1257,1197,0.00,0.00,0,0
1471915931,s1-eth1,5987972.00,79002.00,6066974.00,79002,5987972,1258.00,1197.00,2455.00,1197,1258,0.00,0.00,0,0
1471915931,s3,0.00,0.00,0.00,0,0,0.00,0.00,0.00,0,0,0.00,0.00,0,0
1471915931,s2-eth2,5983562.00,79002.00,6062564.00,79002,5983562,1257.00,1197.00,2454.00,1197,1257,0.00,0.00,0,0
1471915931,s2-eth1,79002.00,5987972.00,6066974.00,5987972,79002,1197.00,1258.00,2455.00,1258,1197,0.00,0.00,0,0
1471915931,lo,0.00,0.00,0.00,0,0,0.00,0.00,0.00,0,0,0.00,0.00,0,0
1471915931,s3-eth2,5987972.00,79068.00,6067040.00,79068,5987972,1258.00,1198.00,2456.00,1198,1258,0.00,0.00,0,0
1471915931,s3-eth1,79002.00,5983562.00,6062564.00,5983562,79002,1197.00,1257.00,2454.00,1257,1197,0.00,0.00,0,0
1471915931,total,18196512.00,18192168.00,36388680.00,18192168,18196512,7364.00,7364.00,14728.00,7364,7364,0.00,0.00,0,0
1471915932,s1,0.00,284.00,284.00,284,0,0.00,3.00,3.00,3,0,0.00,0.00,0,0
1471915932,eth0,0.00,0.00,0.00,0,0,0.00,0.00,0.00,0,0,0.00,0.00,0,0
1471915932,s2,0.00,284.00,284.00,284,0,0.00,3.00,3.00,3,0,0.00,0.00,0,0
1471915932,s1-eth2,75103.00,5970436.00,6045539.00,5970436,75103,1136.00,1102.00,2238.00,1102,1136,0.00,0.00,0,0
1471915932,s1-eth1,5966463.00,74534.00,6040997.00,74534,5966463,1107.00,1128.00,2235.00,1128,1107,0.00,0.00,0,0
1471915932,s3,0.00,354.00,354.00,354,0,0.00,4.00,4.00,4,0,0.00,0.00,0,0
1471915932,s2-eth2,5968352.00,74163.00,6042515.00,74163,5968352,1113.00,1123.00,2236.00,1123,1113,0.00,0.00,0,0
1471915932,s2-eth1,74534.00,5966463.00,6040997.00,5966463,74534,1128.00,1107.00,2235.00,1107,1128,0.00,0.00,0,0
1471915932,lo,2902.00,2902.00,5804.00,2902,2902,30.00,30.00,60.00,30,30,0.00,0.00,0,0
1471915932,s3-eth2,5971619.00,73792.00,6045411.00,73792,5971619,1118.00,1118.00,2236.00,1118,1118,0.00,0.00,0,0
1471915932,s3-eth1,74163.00,5968352.00,6042515.00,5968352,74163,1123.00,1113.00,2236.00,1113,1123,0.00,0.00,0,0
1471915932,total,18133136.00,18131564.00,36264700.00,18131564,18133136,6755.00,6731.00,13486.00,6731,6755,0.00,0.00,0,0
1471915933,s1,70.00,692.00,762.00,692,70,1.00,6.00,7.00,6,1,0.00,0.00,0,0
1471915933,eth0,0.00,0.00,0.00,0,0,0.00,0.00,0.00,0,0,0.00,0.00,0,0
1471915933,s2,70.00,692.00,762.00,692,70,1.00,6.00,7.00,6,1,0.00,0.00,0,0
1471915933,s1-eth2,66168.00,5831700.00,5897868.00,5831700,66168,998.00,1128.00,2126.00,1128,998,0.00,0.00,0,0
1471915933,s1-eth1,5843898.00,66160.00,5910058.00,66160,5843898,1133.00,998.00,2131.00,998,1133,0.00,0.00,0,0
1471915933,s3,70.00,964.00,1034.00,964,70,1.00,6.00,7.00,6,1,0.00,0.00,0,0
1471915933,s2-eth2,5838452.00,65744.00,5904196.00,65744,5838452,1134.00,996.00,2130.00,996,1134,0.00,0.00,0,0
1471915933,s2-eth1,66160.00,5843898.00,5910058.00,5843898,66160,998.00,1133.00,2131.00,1133,998,0.00,0.00,0,0
1471915933,lo,5860.00,5860.00,11720.00,5860,5860,63.00,63.00,126.00,63,63,0.00,0.00,0,0
1471915933,s3-eth2,5826876.00,65604.00,5892480.00,65604,5826876,1134.00,994.00,2128.00,994,1134,0.00,0.00,0,0
1471915933,s3-eth1,65744.00,5838452.00,5904196.00,5838452,65744,996.00,1134.00,2130.00,1134,996,0.00,0.00,0,0
1471915933,total,17713368.00,17719766.00,35433136.00,17719766,17713368,6459.00,6464.00,12923.00,6464,6459,0.00,0.00,0,0
1471915934,s1,0.00,0.00,0.00,0,0,0.00,0.00,0.00,0,0,0.00,0.00,0,0
1471915934,eth0,0.00,0.00,0.00,0,0,0.00,0.00,0.00,0,0,0.00,0.00,0,0
1471915934,s2,0.00,0.00,0.00,0,0,0.00,0.00,0.00,0,0,0.00,0.00,0,0
1471915934,s1-eth2,84876.00,6030566.00,6115442.00,6030566,84876,1286.00,1311.00,2597.00,1311,1286,0.00,0.00,0,0
1471915934,s1-eth1,6040570.00,85206.00,6125776.00,85206,6040570,1309.00,1291.00,2600.00,1291,1309,0.00,0.00,0,0
1471915934,s3,0.00,0.00,0.00,0,0,0.00,0.00,0.00,0,0,0.00,0.00,0,0
1471915934,s2-eth2,6040306.00,85338.00,6125644.00,85338,6040306,1305.00,1293.00,2598.00,1293,1305,0.00,0.00,0,0
1471915934,s2-eth1,85206.00,6040570.00,6125776.00,6040570,85206,1291.00,1309.00,2600.00,1309,1291,0.00,0.00,0,0
1471915934,lo,0.00,0.00,0.00,0,0,0.00,0.00,0.00,0,0,0.00,0.00,0,0
1471915934,s3-eth2,6040042.00,85602.00,6125644.00,85602,6040042,1301.00,1297.00,2598.00,1297,1301,0.00,0.00,0,0
1471915934,s3-eth1,85338.00,6040306.00,6125644.00,6040306,85338,1293.00,1305.00,2598.00,1305,1293,0.00,0.00,0,0
1471915934,total,18376338.00,18367588.00,36743928.00,18367588,18376338,7785.00,7806.00,15591.00,7806,7785,0.00,0.00,0,0
1471915935,s1,0.00,342.00,342.00,342,0,0.00,1.00,1.00,1,0,0.00,0.00,0,0
1471915935,eth0,0.00,0.00,0.00,0,0,0.00,0.00,0.00,0,0,0.00,0.00,0,0
1471915935,s2,0.00,342.00,342.00,342,0,0.00,1.00,1.00,1,0,0.00,0.00,0,0
1471915935,s1-eth2,69378.00,5840496.00,5909874.00,5840496,69378,1047.00,1020.00,2067.00,1020,1047,0.00,0.00,0,0
1471915935,s1-eth1,5842208.00,69114.00,5911322.00,69114,5842208,1024.00,1043.00,2067.00,1043,1024,0.00,0.00,0,0
1471915935,s3,0.00,0.00,0.00,0,0,0.00,0.00,0.00,0,0,0.00,0.00,0,0
1471915935,s2-eth2,5842472.00,68982.00,5911454.00,68982,5842472,1028.00,1041.00,2069.00,1041,1028,0.00,0.00,0,0
1471915935,s2-eth1,69114.00,5842208.00,5911322.00,5842208,69114,1043.00,1024.00,2067.00,1024,1043,0.00,0.00,0,0
1471915935,lo,652.00,652.00,1304.00,652,652,6.00,6.00,12.00,6,6,0.00,0.00,0,0
1471915935,s3-eth2,5842736.00,68376.00,5911112.00,68376,5842736,1032.00,1036.00,2068.00,1036,1032,0.00,0.00,0,0
1471915935,s3-eth1,68982.00,5842472.00,5911454.00,5842472,68982,1041.00,1028.00,2069.00,1028,1041,0.00,0.00,0,0
1471915935,total,17735542.00,17732984.00,35468528.00,17732984,17735542,6221.00,6200.00,12421.00,6200,6221,0.00,0.00,0,0
1471915936,s1,0.00,0.00,0.00,0,0,0.00,0.00,0.00,0,0,0.00,0.00,0,0
1471915936,eth0,0.00,0.00,0.00,0,0,0.00,0.00,0.00,0,0,0.00,0.00,0,0
1471915936,s2,0.00,0.00,0.00,0,0,0.00,0.00,0.00,0,0,0.00,0.00,0,0
1471915936,s1-eth2,54516.00,4519034.00,4573550.00,4519034,54516,826.00,853.00,1679.00,853,826,0.00,0.00,0,0
1471915936,s1-eth1,4512912.00,54780.00,4567692.00,54780,4512912,848.00,830.00,1678.00,830,848,0.00,0.00,0,0
1471915936,s3,0.00,0.00,0.00,0,0,0.00,0.00,0.00,0,0,0.00,0.00,0,0
1471915936,s2-eth2,4512648.00,54978.00,4567626.00,54978,4512648,844.00,833.00,1677.00,833,844,0.00,0.00,0,0
1471915936,s2-eth1,54780.00,4512912.00,4567692.00,4512912,54780,830.00,848.00,1678.00,848,830,0.00,0.00,0,0
1471915936,lo,0.00,0.00,0.00,0,0,0.00,0.00,0.00,0,0,0.00,0.00,0,0
1471915936,s3-eth2,4512384.00,55176.00,4567560.00,55176,4512384,840.00,836.00,1676.00,836,840,0.00,0.00,0,0
1471915936,s3-eth1,54978.00,4512648.00,4567626.00,4512648,54978,833.00,844.00,1677.00,844,833,0.00,0.00,0,0
1471915936,total,13702218.00,13709528.00,27411746.00,13709528,13702218,5021.00,5044.00,10065.00,5044,5021,0.00,0.00,0,0
1471915937,s1,0.00,0.00,0.00,0,0,0.00,0.00,0.00,0,0,0.00,0.00,0,0
1471915937,eth0,0.00,0.00,0.00,0,0,0.00,0.00,0.00,0,0,0.00,0.00,0,0
1471915937,s2,0.00,0.00,0.00,0,0,0.00,0.00,0.00,0,0,0.00,0.00,0,0
1471915937,s1-eth2,86592.00,5781510.00,5868102.00,5781510,86592,1312.00,1311.00,2623.00,1311,1312,0.00,0.00,0,0
1471915937,s1-eth1,5785920.00,86526.00,5872446.00,86526,5785920,1312.00,1311.00,2623.00,1311,1312,0.00,0.00,0,0
1471915937,s3,0.00,0.00,0.00,0,0,0.00,0.00,0.00,0,0,0.00,0.00,0,0
1471915937,s2-eth2,5781510.00,86526.00,5868036.00,86526,5781510,1311.00,1311.00,2622.00,1311,1311,0.00,0.00,0,0
1471915937,s2-eth1,86526.00,5785920.00,5872446.00,5785920,86526,1311.00,1312.00,2623.00,1312,1311,0.00,0.00,0,0
1471915937,lo,0.00,0.00,0.00,0,0,0.00,0.00,0.00,0,0,0.00,0.00,0,0
1471915937,s3-eth2,5781852.00,86526.00,5868378.00,86526,5781852,1312.00,1311.00,2623.00,1311,1312,0.00,0.00,0,0
1471915937,s3-eth1,86526.00,5781510.00,5868036.00,5781510,86526,1311.00,1311.00,2622.00,1311,1311,0.00,0.00,0,0
1471915937,total,17608926.00,17608518.00,35217444.00,17608518,17608926,7869.00,7867.00,15736.00,7867,7869,0.00,0.00,0,0
1471915938,s1,0.00,0.00,0.00,0,0,0.00,0.00,0.00,0,0,0.00,0.00,0,0
1471915938,eth0,0.00,0.00,0.00,0,0,0.00,0.00,0.00,0,0,0.00,0.00,0,0
1471915938,s2,0.00,0.00,0.00,0,0,0.00,0.00,0.00,0,0,0.00,0.00,0,0
1471915938,s1-eth2,77484.00,5891414.00,5968898.00,5891414,77484,1174.00,1243.00,2417.00,1243,1174,0.00,0.00,0,0
1471915938,s1-eth1,5882594.00,77484.00,5960078.00,77484,5882594,1241.00,1174.00,2415.00,1174,1241,0.00,0.00,0,0
1471915938,s3,0.00,0.00,0.00,0,0,0.00,0.00,0.00,0,0,0.00,0.00,0,0
1471915938,s2-eth2,5887004.00,77484.00,5964488.00,77484,5887004,1242.00,1174.00,2416.00,1174,1242,0.00,0.00,0,0
1471915938,s2-eth1,77484.00,5882594.00,5960078.00,5882594,77484,1174.00,1241.00,2415.00,1241,1174,0.00,0.00,0,0
1471915938,lo,172.00,172.00,344.00,172,172,3.00,3.00,6.00,3,3,0.00,0.00,0,0
1471915938,s3-eth2,5887004.00,77550.00,5964554.00,77550,5887004,1242.00,1175.00,2417.00,1175,1242,0.00,0.00,0,0
1471915938,s3-eth1,77484.00,5887004.00,5964488.00,5887004,77484,1174.00,1242.00,2416.00,1242,1174,0.00,0.00,0,0
1471915938,total,17889226.00,17893702.00,35782928.00,17893702,17889226,7250.00,7252.00,14502.00,7252,7250,0.00,0.00,0,0
1471915939,s1,0.00,0.00,0.00,0,0,0.00,0.00,0.00,0,0,0.00,0.00,0,0
1471915939,eth0,0.00,0.00,0.00,0,0,0.00,0.00,0.00,0,0,0.00,0.00,0,0
1471915939,s2,0.00,0.00,0.00,0,0,0.00,0.00,0.00,0,0,0.00,0.00,0,0
1471915939,s1-eth2,79555.34,5689250.50,5768805.50,5706318,79794,1205.38,1155.53,2360.92,1159,1209,0.00,0.00,0,0
1471915939,s1-eth1,5688070.00,79094.72,5767164.50,79332,5705134,1159.52,1198.40,2357.93,1202,1163,0.00,0.00,0,0
1471915939,s3,0.00,0.00,0.00,0,0,0.00,0.00,0.00,0,0,0.00,0.00,0,0
1471915939,s2-eth2,5688333.00,78305.09,5766638.00,78540,5705398,1163.51,1186.44,2349.95,1190,1167,0.00,0.00,0,0
1471915939,s2-eth1,79094.72,5688070.00,5767164.50,5705134,79332,1198.40,1159.52,2357.93,1163,1202,0.00,0.00,0,0
1471915939,lo,0.00,0.00,0.00,0,0,0.00,0.00,0.00,0,0,0.00,0.00,0,0
1471915939,s3-eth2,5688596.00,77712.86,5766309.00,77946,5705662,1167.50,1177.47,2344.97,1181,1171,0.00,0.00,0,0
1471915939,s3-eth1,78305.09,5688333.00,5766638.00,5705398,78540,1186.44,1163.51,2349.95,1167,1190,0.00,0.00,0,0
1471915939,total,17301954.00,17300766.00,34602720.00,17352668,17353860,7080.76,7040.88,14121.64,7062,7102,0.00,0.00,0,0
1471915940,s1,0.00,556.00,556.00,556,0,0.00,3.00,3.00,3,0,0.00,0.00,0,0
1471915940,eth0,0.00,0.00,0.00,0,0,0.00,0.00,0.00,0,0,0.00,0.00,0,0
1471915940,s2,0.00,556.00,556.00,556,0,0.00,3.00,3.00,3,0,0.00,0.00,0,0
1471915940,s1-eth2,63429.00,4484008.00,4547437.00,4484008,63429,955.00,1156.00,2111.00,1156,955,0.00,0.00,0,0
1471915940,s1-eth1,4483983.00,63190.00,4547173.00,63190,4483983,1155.00,952.00,2107.00,952,1155,0.00,0.00,0,0
1471915940,s3,0.00,214.00,214.00,214,0,0.00,2.00,2.00,2,0,0.00,0.00,0,0
1471915940,s2-eth2,4483892.00,63611.00,4547503.00,63611,4483892,1153.00,959.00,2112.00,959,1153,0.00,0.00,0,0
1471915940,s2-eth1,63190.00,4483983.00,4547173.00,4483983,63190,952.00,1155.00,2107.00,1155,952,0.00,0.00,0,0
1471915940,lo,2482.00,2482.00,4964.00,2482,2482,24.00,24.00,48.00,24,24,0.00,0.00,0,0
1471915940,s3-eth2,4495253.00,63756.00,4559009.00,63756,4495253,1149.00,966.00,2115.00,966,1149,0.00,0.00,0,0
1471915940,s3-eth1,63611.00,4483892.00,4547503.00,4483892,63611,959.00,1153.00,2112.00,1153,959,0.00,0.00,0,0
1471915940,total,13655840.00,13646248.00,27302088.00,13646248,13655840,6347.00,6373.00,12720.00,6373,6347,0.00,0.00,0,0
1471915941,s1,0.00,342.00,342.00,342,0,0.00,1.00,1.00,1,0,0.00,0.00,0,0
1471915941,eth0,0.00,0.00,0.00,0,0,0.00,0.00,0.00,0,0,0.00,0.00,0,0
1471915941,s2,0.00,0.00,0.00,0,0,0.00,0.00,0.00,0,0,0.00,0.00,0,0
1471915941,s1-eth2,96186.00,5644258.00,5740444.00,5644258,96186,1449.00,1557.00,3006.00,1557,1449,0.00,0.00,0,0
1471915941,s1-eth1,5632344.00,96504.00,5728848.00,96504,5632344,1552.00,1458.00,3010.00,1458,1552,0.00,0.00,0,0
1471915941,s3,0.00,0.00,0.00,0,0,0.00,0.00,0.00,0,0,0.00,0.00,0,0
1471915941,s2-eth2,5636688.00,96096.00,5732784.00,96096,5636688,1552.00,1456.00,3008.00,1456,1552,0.00,0.00,0,0
1471915941,s2-eth1,96504.00,5632344.00,5728848.00,5632344,96504,1458.00,1552.00,3010.00,1552,1458,0.00,0.00,0,0
1471915941,lo,326.00,326.00,652.00,326,326,3.00,3.00,6.00,3,3,0.00,0.00,0,0
1471915941,s3-eth2,5633990.00,96030.00,5730020.00,96030,5633990,1555.00,1455.00,3010.00,1455,1555,0.00,0.00,0,0
1471915941,s3-eth1,96096.00,5636688.00,5732784.00,5636688,96096,1456.00,1552.00,3008.00,1552,1456,0.00,0.00,0,0
1471915941,total,17192134.00,17202588.00,34394720.00,17202588,17192134,9025.00,9034.00,18059.00,9034,9025,0.00,0.00,0,0
1471915942,s1,0.00,0.00,0.00,0,0,0.00,0.00,0.00,0,0,0.00,0.00,0,0
1471915942,eth0,0.00,0.00,0.00,0,0,0.00,0.00,0.00,0,0,0.00,0.00,0,0
1471915942,s2,0.00,0.00,0.00,0,0,0.00,0.00,0.00,0,0,0.00,0.00,0,0
1471915942,s1-eth2,83028.00,5959206.00,6042234.00,5959206,83028,1258.00,1239.00,2497.00,1239,1258,0.00,0.00,0,0
1471915942,s1-eth1,5965394.00,82764.00,6048158.00,82764,5965394,1245.00,1254.00,2499.00,1254,1245,0.00,0.00,0,0
1471915942,s3,0.00,342.00,342.00,342,0,0.00,1.00,1.00,1,0,0.00,0.00,0,0
1471915942,s2-eth2,5961590.00,82896.00,6044486.00,82896,5961590,1249.00,1256.00,2505.00,1256,1249,0.00,0.00,0,0
1471915942,s2-eth1,82764.00,5965394.00,6048158.00,5965394,82764,1254.00,1245.00,2499.00,1245,1254,0.00,0.00,0,0
1471915942,lo,326.00,326.00,652.00,326,326,3.00,3.00,6.00,3,3,0.00,0.00,0,0
1471915942,s3-eth2,5958892.00,82698.00,6041590.00,82698,5958892,1252.00,1253.00,2505.00,1253,1252,0.00,0.00,0,0
1471915942,s3-eth1,82896.00,5961590.00,6044486.00,5961590,82896,1256.00,1249.00,2505.00,1249,1256,0.00,0.00,0,0
1471915942,total,18134890.00,18135216.00,36270104.00,18135216,18134890,7517.00,7500.00,15017.00,7500,7517,0.00,0.00,0,0
1471915943,s1,0.00,0.00,0.00,0,0,0.00,0.00,0.00,0,0,0.00,0.00,0,0
1471915943,eth0,0.00,0.00,0.00,0,0,0.00,0.00,0.00,0,0,0.00,0.00,0,0
1471915943,s2,0.00,0.00,0.00,0,0,0.00,0.00,0.00,0,0,0.00,0.00,0,0
1471915943,s1-eth2,60918.00,5379492.00,5440410.00,5379492,60918,923.00,946.00,1869.00,946,923,0.00,0.00,0,0
1471915943,s1-eth1,5379492.00,60918.00,5440410.00,60918,5379492,946.00,923.00,1869.00,923,946,0.00,0.00,0,0
1471915943,s3,0.00,0.00,0.00,0,0,0.00,0.00,0.00,0,0,0.00,0.00,0,0
1471915943,s2-eth2,5383374.00,60852.00,5444226.00,60852,5383374,939.00,922.00,1861.00,922,939,0.00,0.00,0,0
1471915943,s2-eth1,60918.00,5379492.00,5440410.00,5379492,60918,923.00,946.00,1869.00,946,923,0.00,0.00,0,0
1471915943,lo,0.00,0.00,0.00,0,0,0.00,0.00,0.00,0,0,0.00,0.00,0,0
1471915943,s3-eth2,5376724.00,60852.00,5437576.00,60852,5376724,926.00,922.00,1848.00,922,926,0.00,0.00,0,0
1471915943,s3-eth1,60852.00,5383374.00,5444226.00,5383374,60852,922.00,939.00,1861.00,939,922,0.00,0.00,0,0
1471915943,total,16322278.00,16324980.00,32647258.00,16324980,16322278,5579.00,5598.00,11177.00,5598,5579,0.00,0.00,0,0
1471915944,s1,0.00,0.00,0.00,0,0,0.00,0.00,0.00,0,0,0.00,0.00,0,0
1471915944,eth0,0.00,0.00,0.00,0,0,0.00,0.00,0.00,0,0,0.00,0.00,0,0
1471915944,s2,0.00,340.64,340.64,342,0,0.00,1.00,1.00,1,0,0.00,0.00,0,0
1471915944,s1-eth2,66000.00,5371984.00,5437984.00,5393472,66264,1000.00,1087.65,2087.65,1092,1004,0.00,0.00,0,0
1471915944,s1-eth1,5366161.50,65868.53,5432030.00,66132,5387626,1082.67,998.01,2080.68,1002,1087,0.00,0.00,0,0
1471915944,s3,0.00,340.64,340.64,342,0,0.00,1.00,1.00,1,0,0.00,0.00,0,0
1471915944,s2-eth2,5370817.00,65605.58,5436422.50,65868,5392300,1087.65,994.02,2081.67,998,1092,0.00,0.00,0,0
1471915944,s2-eth1,65868.53,5366161.50,5432030.00,5387626,66132,998.01,1082.67,2080.68,1087,1002,0.00,0.00,0,0
1471915944,lo,820.72,820.72,1641.43,824,824,8.96,8.96,17.93,9,9,0.00,0.00,0,0
1471915944,s3-eth2,5384520.00,65342.63,5449862.50,65604,5406058,1098.61,990.04,2088.65,994,1103,0.00,0.00,0,0
1471915944,s3-eth1,65605.58,5370817.00,5436422.50,5392300,65868,994.02,1087.65,2081.67,1092,998,0.00,0.00,0,0
1471915944,total,16319793.00,16307281.00,32627074.00,16372510,16385072,6269.92,6251.00,12520.92,6276,6295,0.00,0.00,0,0
1471915945,s1,0.00,0.00,0.00,0,0,0.00,0.00,0.00,0,0,0.00,0.00,0,0
1471915945,eth0,0.00,0.00,0.00,0,0,0.00,0.00,0.00,0,0,0.00,0.00,0,0
1471915945,s2,0.00,0.00,0.00,0,0,0.00,0.00,0.00,0,0,0.00,0.00,0,0
1471915945,s1-eth2,64482.00,5350956.00,5415438.00,5350956,64482,977.00,1106.00,2083.00,1106,977,0.00,0.00,0,0
1471915945,s1-eth1,5363002.00,64680.00,5427682.00,64680,5363002,1113.00,980.00,2093.00,980,1113,0.00,0.00,0,0
1471915945,s3,0.00,0.00,0.00,0,0,0.00,0.00,0.00,0,0,0.00,0.00,0,0
1471915945,s2-eth2,5360304.00,64944.00,5425248.00,64944,5360304,1116.00,984.00,2100.00,984,1116,0.00,0.00,0,0
1471915945,s2-eth1,64680.00,5363002.00,5427682.00,5363002,64680,980.00,1113.00,2093.00,1113,980,0.00,0.00,0,0
1471915945,lo,172.00,172.00,344.00,172,172,3.00,3.00,6.00,3,3,0.00,0.00,0,0
1471915945,s3-eth2,5353196.00,65274.00,5418470.00,65274,5353196,1118.00,989.00,2107.00,989,1118,0.00,0.00,0,0
1471915945,s3-eth1,64944.00,5360304.00,5425248.00,5360304,64944,984.00,1116.00,2100.00,1116,984,0.00,0.00,0,0
1471915945,total,16270780.00,16269332.00,32540112.00,16269332,16270780,6291.00,6291.00,12582.00,6291,6291,0.00,0.00,0,0
1471915946,s1,0.00,0.00,0.00,0,0,0.00,0.00,0.00,0,0,0.00,0.00,0,0
1471915946,eth0,0.00,0.00,0.00,0,0,0.00,0.00,0.00,0,0,0.00,0.00,0,0
1471915946,s2,0.00,0.00,0.00,0,0,0.00,0.00,0.00,0,0,0.00,0.00,0,0
1471915946,s1-eth2,73252.75,5511173.00,5584425.50,5516684,73326,1109.89,1092.91,2202.80,1094,1111,0.00,0.00,0,0
1471915946,s1-eth1,5505321.00,72857.15,5578178.00,72930,5510826,1091.91,1103.90,2195.80,1105,1093,0.00,0.00,0,0
1471915946,s3,0.00,0.00,0.00,0,0,0.00,0.00,0.00,0,0,0.00,0.00,0,0
1471915946,s2-eth2,5511173.00,72659.34,5583832.50,72732,5516684,1092.91,1100.90,2193.81,1102,1094,0.00,0.00,0,0
1471915946,s2-eth1,72857.15,5511173.00,5584030.00,5516684,72930,1103.90,1092.91,2196.80,1094,1105,0.00,0.00,0,0
1471915946,lo,0.00,0.00,0.00,0,0,0.00,0.00,0.00,0,0,0.00,0.00,0,0
1471915946,s3-eth2,5511173.00,72527.48,5583700.50,72600,5516684,1092.91,1098.90,2191.81,1100,1094,0.00,0.00,0,0
1471915946,s3-eth1,72732.00,5516684.00,5589416.00,5516684,72732,1102.00,1094.00,2196.00,1094,1102,0.00,0.00,0,0
1471915946,total,16763182.00,16768314.00,33531496.00,16768314,16763182,6599.00,6589.00,13188.00,6589,6599,0.00,0.00,0,0
1471915947,s1,0.00,0.00,0.00,0,0,0.00,0.00,0.00,0,0,0.00,0.00,0,0
1471915947,eth0,0.00,0.00,0.00,0,0,0.00,0.00,0.00,0,0,0.00,0.00,0,0
1471915947,s2,0.00,0.00,0.00,0,0,0.00,0.00,0.00,0,0,0.00,0.00,0,0
1471915947,s1-eth2,67518.00,5640192.00,5707710.00,5640192,67518,1023.00,1276.00,2299.00,1276,1023,0.00,0.00,0,0
1471915947,s1-eth1,5647234.00,68112.00,5715346.00,68112,5647234,1273.00,1032.00,2305.00,1032,1273,0.00,0.00,0,0
1471915947,s3,0.00,0.00,0.00,0,0,0.00,0.00,0.00,0,0,0.00,0.00,0,0
1471915947,s2-eth2,5635254.00,68574.00,5703828.00,68574,5635254,1267.00,1039.00,2306.00,1039,1267,0.00,0.00,0,0
1471915947,s2-eth1,68112.00,5641376.00,5709488.00,5641376,68112,1032.00,1272.00,2304.00,1272,1032,0.00,0.00,0,0
1471915947,lo,0.00,0.00,0.00,0,0,0.00,0.00,0.00,0,0,0.00,0.00,0,0
1471915947,s3-eth2,5637952.00,68904.00,5706856.00,68904,5637952,1264.00,1044.00,2308.00,1044,1264,0.00,0.00,0,0
1471915947,s3-eth1,68574.00,5635254.00,5703828.00,5635254,68574,1039.00,1267.00,2306.00,1267,1039,0.00,0.00,0,0
1471915947,total,17124644.00,17122412.00,34247056.00,17122412,17124644,6898.00,6930.00,13828.00,6930,6898,0.00,0.00,0,0
1471915948,s1,0.00,0.00,0.00,0,0,0.00,0.00,0.00,0,0,0.00,0.00,0,0
1471915948,eth0,0.00,0.00,0.00,0,0,0.00,0.00,0.00,0,0,0.00,0.00,0,0
1471915948,s2,0.00,0.00,0.00,0,0,0.00,0.00,0.00,0,0,0.00,0.00,0,0
1471915948,s1-eth2,73854.00,5881382.00,5955236.00,5881382,73854,1119.00,1091.00,2210.00,1091,1119,0.00,0.00,0,0
1471915948,s1-eth1,5880198.00,73590.00,5953788.00,73590,5880198,1095.00,1115.00,2210.00,1115,1095,0.00,0.00,0,0
1471915948,s3,0.00,0.00,0.00,0,0,0.00,0.00,0.00,0,0,0.00,0.00,0,0
1471915948,s2-eth2,5886320.00,73326.00,5959646.00,73326,5886320,1100.00,1111.00,2211.00,1111,1100,0.00,0.00,0,0
1471915948,s2-eth1,73590.00,5880198.00,5953788.00,5880198,73590,1115.00,1095.00,2210.00,1095,1115,0.00,0.00,0,0
1471915948,lo,0.00,0.00,0.00,0,0,0.00,0.00,0.00,0,0,0.00,0.00,0,0
1471915948,s3-eth2,5883622.00,73062.00,5956684.00,73062,5883622,1103.00,1107.00,2210.00,1107,1103,0.00,0.00,0,0
1471915948,s3-eth1,73326.00,5886320.00,5959646.00,5886320,73326,1111.00,1100.00,2211.00,1100,1111,0.00,0.00,0,0
1471915948,total,17870910.00,17867878.00,35738788.00,17867878,17870910,6643.00,6619.00,13262.00,6619,6643,0.00,0.00,0,0
1471915949,s1,0.00,0.00,0.00,0,0,0.00,0.00,0.00,0,0,0.00,0.00,0,0
1471915949,eth0,0.00,0.00,0.00,0,0,0.00,0.00,0.00,0,0,0.00,0.00,0,0
1471915949,s2,0.00,0.00,0.00,0,0,0.00,0.00,0.00,0,0,0.00,0.00,0,0
1471915949,s1-eth2,66594.00,5904864.00,5971458.00,5904864,66594,1009.00,1008.00,2017.00,1008,1009,0.00,0.00,0,0
1471915949,s1-eth1,5904864.00,66660.00,5971524.00,66660,5904864,1008.00,1010.00,2018.00,1010,1008,0.00,0.00,0,0
1471915949,s3,0.00,0.00,0.00,0,0,0.00,0.00,0.00,0,0,0.00,0.00,0,0
1471915949,s2-eth2,5904864.00,66660.00,5971524.00,66660,5904864,1008.00,1010.00,2018.00,1010,1008,0.00,0.00,0,0
1471915949,s2-eth1,66660.00,5904864.00,5971524.00,5904864,66660,1010.00,1008.00,2018.00,1008,1010,0.00,0.00,0,0
1471915949,lo,344.00,344.00,688.00,344,344,6.00,6.00,12.00,6,6,0.00,0.00,0,0
1471915949,s3-eth2,5904864.00,66462.00,5971326.00,66462,5904864,1008.00,1007.00,2015.00,1007,1008,0.00,0.00,0,0
1471915949,s3-eth1,66660.00,5904864.00,5971524.00,5904864,66660,1010.00,1008.00,2018.00,1008,1010,0.00,0.00,0,0
1471915949,total,17914850.00,17914718.00,35829568.00,17914718,17914850,6059.00,6057.00,12116.00,6057,6059,0.00,0.00,0,0
1471915950,s1,0.00,342.00,342.00,342,0,0.00,1.00,1.00,1,0,0.00,0.00,0,0
1471915950,eth0,0.00,0.00,0.00,0,0,0.00,0.00,0.00,0,0,0.00,0.00,0,0
1471915950,s2,0.00,342.00,342.00,342,0,0.00,1.00,1.00,1,0,0.00,0.00,0,0
1471915950,s1-eth2,67200.00,5951728.00,6018928.00,5951728,67200,1014.00,1016.00,2030.00,1016,1014,0.00,0.00,0,0
1471915950,s1-eth1,5951728.00,67134.00,6018862.00,67134,5951728,1016.00,1013.00,2029.00,1013,1016,0.00,0.00,0,0
1471915950,s3,0.00,0.00,0.00,0,0,0.00,0.00,0.00,0,0,0.00,0.00,0,0
1471915950,s2-eth2,5951728.00,67200.00,6018928.00,67200,5951728,1016.00,1014.00,2030.00,1014,1016,0.00,0.00,0,0
1471915950,s2-eth1,67134.00,5951728.00,6018862.00,5951728,67134,1013.00,1016.00,2029.00,1016,1013,0.00,0.00,0,0
1471915950,lo,652.00,652.00,1304.00,652,652,6.00,6.00,12.00,6,6,0.00,0.00,0,0
1471915950,s3-eth2,5945870.00,67056.00,6012926.00,67056,5945870,1015.00,1016.00,2031.00,1016,1015,0.00,0.00,0,0
1471915950,s3-eth1,67200.00,5951728.00,6018928.00,5951728,67200,1014.00,1016.00,2030.00,1016,1014,0.00,0.00,0,0
1471915950,total,18051512.00,18057910.00,36109424.00,18057910,18051512,6094.00,6099.00,12193.00,6099,6094,0.00,0.00,0,0
1471915951,s1,0.00,0.00,0.00,0,0,0.00,0.00,0.00,0,0,0.00,0.00,0,0
1471915951,eth0,0.00,0.00,0.00,0,0,0.00,0.00,0.00,0,0,0.00,0.00,0,0
1471915951,s2,0.00,0.00,0.00,0,0,0.00,0.00,0.00,0,0,0.00,0.00,0,0
1471915951,s1-eth2,67188.00,5963444.00,6030632.00,5963444,67188,1018.00,1018.00,2036.00,1018,1018,0.00,0.00,0,0
1471915951,s1-eth1,5969302.00,67254.00,6036556.00,67254,5969302,1019.00,1019.00,2038.00,1019,1019,0.00,0.00,0,0
1471915951,s3,0.00,342.00,342.00,342,0,0.00,1.00,1.00,1,0,0.00,0.00,0,0
1471915951,s2-eth2,5963786.00,67188.00,6030974.00,67188,5963786,1019.00,1018.00,2037.00,1018,1019,0.00,0.00,0,0
1471915951,s2-eth1,67254.00,5969302.00,6036556.00,5969302,67254,1019.00,1019.00,2038.00,1019,1019,0.00,0.00,0,0
1471915951,lo,326.00,326.00,652.00,326,326,3.00,3.00,6.00,3,3,0.00,0.00,0,0
1471915951,s3-eth2,5969644.00,67188.00,6036832.00,67188,5969644,1020.00,1018.00,2038.00,1018,1020,0.00,0.00,0,0
1471915951,s3-eth1,67188.00,5963786.00,6030974.00,5963786,67188,1018.00,1019.00,2037.00,1019,1018,0.00,0.00,0,0
1471915951,total,18104688.00,18098830.00,36203520.00,18098830,18104688,6116.00,6115.00,12231.00,6115,6116,0.00,0.00,0,0
1471915952,s1,0.00,0.00,0.00,0,0,0.00,0.00,0.00,0,0,0.00,0.00,0,0
1471915952,eth0,0.00,0.00,0.00,0,0,0.00,0.00,0.00,0,0,0.00,0.00,0,0
1471915952,s2,0.00,0.00,0.00,0,0,0.00,0.00,0.00,0,0,0.00,0.00,0,0
1471915952,s1-eth2,74580.00,5914566.00,5989146.00,5914566,74580,1130.00,1155.00,2285.00,1155,1130,0.00,0.00,0,0
1471915952,s1-eth1,5914302.00,74712.00,5989014.00,74712,5914302,1151.00,1132.00,2283.00,1132,1151,0.00,0.00,0,0
1471915952,s3,0.00,0.00,0.00,0,0,0.00,0.00,0.00,0,0,0.00,0.00,0,0
1471915952,s2-eth2,5914038.00,74976.00,5989014.00,74976,5914038,1147.00,1136.00,2283.00,1136,1147,0.00,0.00,0,0
1471915952,s2-eth1,74712.00,5914302.00,5989014.00,5914302,74712,1132.00,1151.00,2283.00,1151,1132,0.00,0.00,0,0
1471915952,lo,0.00,0.00,0.00,0,0,0.00,0.00,0.00,0,0,0.00,0.00,0,0
1471915952,s3-eth2,5912668.00,75240.00,5987908.00,75240,5912668,1144.00,1140.00,2284.00,1140,1144,0.00,0.00,0,0
1471915952,s3-eth1,74976.00,5914038.00,5989014.00,5914038,74976,1136.00,1147.00,2283.00,1147,1136,0.00,0.00,0,0
1471915952,total,17965276.00,17967834.00,35933112.00,17967834,17965276,6840.00,6861.00,13701.00,6861,6840,0.00,0.00,0,0
1471915953,s1,0.00,0.00,0.00,0,0,0.00,0.00,0.00,0,0,0.00,0.00,0,0
1471915953,eth0,0.00,0.00,0.00,0,0,0.00,0.00,0.00,0,0,0.00,0.00,0,0
1471915953,s2,0.00,0.00,0.00,0,0,0.00,0.00,0.00,0,0,0.00,0.00,0,0
1471915953,s1-eth2,79266.00,6007802.00,6087068.00,6007802,79266,1201.00,1361.00,2562.00,1361,1201,0.00,0.00,0,0
1471915953,s1-eth1,6007802.00,79332.00,6087134.00,79332,6007802,1361.00,1202.00,2563.00,1202,1361,0.00,0.00,0,0
1471915953,s3,0.00,0.00,0.00,0,0,0.00,0.00,0.00,0,0,0.00,0.00,0,0
1471915953,s2-eth2,6007802.00,79332.00,6087134.00,79332,6007802,1361.00,1202.00,2563.00,1202,1361,0.00,0.00,0,0
1471915953,s2-eth1,79332.00,6007802.00,6087134.00,6007802,79332,1202.00,1361.00,2563.00,1361,1202,0.00,0.00,0,0
1471915953,lo,0.00,0.00,0.00,0,0,0.00,0.00,0.00,0,0,0.00,0.00,0,0
1471915953,s3-eth2,6007802.00,79332.00,6087134.00,79332,6007802,1361.00,1202.00,2563.00,1202,1361,0.00,0.00,0,0
1471915953,s3-eth1,79332.00,6007802.00,6087134.00,6007802,79332,1202.00,1361.00,2563.00,1361,1202,0.00,0.00,0,0
1471915953,total,18261336.00,18261402.00,36522736.00,18261402,18261336,7688.00,7689.00,15377.00,7689,7688,0.00,0.00,0,0
1471915954,s1,0.00,342.00,342.00,342,0,0.00,1.00,1.00,1,0,0.00,0.00,0,0
1471915954,eth0,0.00,0.00,0.00,0,0,0.00,0.00,0.00,0,0,0.00,0.00,0,0
1471915954,s2,0.00,0.00,0.00,0,0,0.00,0.00,0.00,0,0,0.00,0.00,0,0
1471915954,s1-eth2,77892.00,5950436.00,6028328.00,5950436,77892,1176.00,1150.00,2326.00,1150,1176,0.00,0.00,0,0
1471915954,s1-eth1,5950700.00,77694.00,6028394.00,77694,5950700,1154.00,1173.00,2327.00,1173,1154,0.00,0.00,0,0
1471915954,s3,0.00,0.00,0.00,0,0,0.00,0.00,0.00,0,0,0.00,0.00,0,0
1471915954,s2-eth2,5950964.00,77088.00,6028052.00,77088,5950964,1158.00,1168.00,2326.00,1168,1158,0.00,0.00,0,0
1471915954,s2-eth1,77694.00,5950700.00,6028394.00,5950700,77694,1173.00,1154.00,2327.00,1154,1173,0.00,0.00,0,0
1471915954,lo,670.00,670.00,1340.00,670,670,9.00,9.00,18.00,9,9,0.00,0.00,0,0
1471915954,s3-eth2,5952676.00,76890.00,6029566.00,76890,5952676,1162.00,1165.00,2327.00,1165,1162,0.00,0.00,0,0
1471915954,s3-eth1,77088.00,5950964.00,6028052.00,5950964,77088,1168.00,1158.00,2326.00,1158,1168,0.00,0.00,0,0
1471915954,total,18087684.00,18084784.00,36172468.00,18084784,18087684,7000.00,6978.00,13978.00,6978,7000,0.00,0.00,0,0
1471915955,s1,0.00,0.00,0.00,0,0,0.00,0.00,0.00,0,0,0.00,0.00,0,0
1471915955,eth0,0.00,0.00,0.00,0,0,0.00,0.00,0.00,0,0,0.00,0.00,0,0
1471915955,s2,0.00,0.00,0.00,0,0,0.00,0.00,0.00,0,0,0.00,0.00,0,0
1471915955,s1-eth2,67386.00,5981018.00,6048404.00,5981018,67386,1021.00,1021.00,2042.00,1021,1021,0.00,0.00,0,0
1471915955,s1-eth1,5981018.00,67320.00,6048338.00,67320,5981018,1021.00,1020.00,2041.00,1020,1021,0.00,0.00,0,0
1471915955,s3,0.00,0.00,0.00,0,0,0.00,0.00,0.00,0,0,0.00,0.00,0,0
1471915955,s2-eth2,5981018.00,67386.00,6048404.00,67386,5981018,1021.00,1021.00,2042.00,1021,1021,0.00,0.00,0,0
1471915955,s2-eth1,67320.00,5981018.00,6048338.00,5981018,67320,1020.00,1021.00,2041.00,1021,1020,0.00,0.00,0,0
1471915955,lo,172.00,172.00,344.00,172,172,3.00,3.00,6.00,3,3,0.00,0.00,0,0
1471915955,s3-eth2,5981018.00,67320.00,6048338.00,67320,5981018,1021.00,1020.00,2041.00,1020,1021,0.00,0.00,0,0
1471915955,s3-eth1,67386.00,5981018.00,6048404.00,5981018,67386,1021.00,1021.00,2042.00,1021,1021,0.00,0.00,0,0
1471915955,total,18145318.00,18145252.00,36290568.00,18145252,18145318,6128.00,6127.00,12255.00,6127,6128,0.00,0.00,0,0
1471915956,s1,0.00,214.00,214.00,214,0,0.00,2.00,2.00,2,0,0.00,0.00,0,0
1471915956,eth0,0.00,0.00,0.00,0,0,0.00,0.00,0.00,0,0,0.00,0.00,0,0
1471915956,s2,0.00,214.00,214.00,214,0,0.00,2.00,2.00,2,0,0.00,0.00,0,0
1471915956,s1-eth2,70281.00,5931884.00,6002165.00,5931884,70281,1063.00,1198.00,2261.00,1198,1063,0.00,0.00,0,0
1471915956,s1-eth1,5931727.00,70438.00,6002165.00,70438,5931727,1195.00,1066.00,2261.00,1066,1195,0.00,0.00,0,0
1471915956,s3,0.00,214.00,214.00,214,0,0.00,2.00,2.00,2,0,0.00,0.00,0,0
1471915956,s2-eth2,5935980.00,70529.00,6006509.00,70529,5935980,1193.00,1068.00,2261.00,1068,1193,0.00,0.00,0,0
1471915956,s2-eth1,70438.00,5931727.00,6002165.00,5931727,70438,1066.00,1195.00,2261.00,1195,1066,0.00,0.00,0,0
1471915956,lo,1830.00,1830.00,3660.00,1830,1830,18.00,18.00,36.00,18,18,0.00,0.00,0,0
1471915956,s3-eth2,5934375.00,70620.00,6004995.00,70620,5934375,1190.00,1070.00,2260.00,1070,1190,0.00,0.00,0,0
1471915956,s3-eth1,70529.00,5935980.00,6006509.00,5935980,70529,1068.00,1193.00,2261.00,1193,1068,0.00,0.00,0,0
1471915956,total,18015160.00,18013650.00,36028808.00,18013650,18015160,6793.00,6814.00,13607.00,6814,6793,0.00,0.00,0,0
1471915957,s1,0.00,0.00,0.00,0,0,0.00,0.00,0.00,0,0,0.00,0.00,0,0
1471915957,eth0,0.00,0.00,0.00,0,0,0.00,0.00,0.00,0,0,0.00,0.00,0,0
1471915957,s2,0.00,0.00,0.00,0,0,0.00,0.00,0.00,0,0,0.00,0.00,0,0
1471915957,s1-eth2,73722.00,5930230.00,6003952.00,5930230,73722,1117.00,1151.00,2268.00,1151,1117,0.00,0.00,0,0
1471915957,s1-eth1,5930494.00,73458.00,6003952.00,73458,5930494,1155.00,1113.00,2268.00,1113,1155,0.00,0.00,0,0
1471915957,s3,0.00,0.00,0.00,0,0,0.00,0.00,0.00,0,0,0.00,0.00,0,0
1471915957,s2-eth2,5932206.00,73194.00,6005400.00,73194,5932206,1159.00,1109.00,2268.00,1109,1159,0.00,0.00,0,0
1471915957,s2-eth1,73458.00,5930494.00,6003952.00,5930494,73458,1113.00,1155.00,2268.00,1155,1113,0.00,0.00,0,0
1471915957,lo,0.00,0.00,0.00,0,0,0.00,0.00,0.00,0,0,0.00,0.00,0,0
1471915957,s3-eth2,5932008.00,73062.00,6005070.00,73062,5932008,1156.00,1107.00,2263.00,1107,1156,0.00,0.00,0,0
1471915957,s3-eth1,73194.00,5932206.00,6005400.00,5932206,73194,1109.00,1159.00,2268.00,1159,1109,0.00,0.00,0,0
1471915957,total,18015082.00,18012644.00,36027728.00,18012644,18015082,6809.00,6794.00,13603.00,6794,6809,0.00,0.00,0,0
1471915958,s1,0.00,0.00,0.00,0,0,0.00,0.00,0.00,0,0,0.00,0.00,0,0
1471915958,eth0,0.00,0.00,0.00,0,0,0.00,0.00,0.00,0,0,0.00,0.00,0,0
1471915958,s2,0.00,0.00,0.00,0,0,0.00,0.00,0.00,0,0,0.00,0.00,0,0
1471915958,s1-eth2,73260.00,5988616.00,6061876.00,5988616,73260,1110.00,1180.00,2290.00,1180,1110,0.00,0.00,0,0
1471915958,s1-eth1,5988352.00,73458.00,6061810.00,73458,5988352,1176.00,1113.00,2289.00,1113,1176,0.00,0.00,0,0
1471915958,s3,0.00,0.00,0.00,0,0,0.00,0.00,0.00,0,0,0.00,0.00,0,0
1471915958,s2-eth2,5986640.00,73722.00,6060362.00,73722,5986640,1172.00,1117.00,2289.00,1117,1172,0.00,0.00,0,0
1471915958,s2-eth1,73458.00,5988352.00,6061810.00,5988352,73458,1113.00,1176.00,2289.00,1176,1113,0.00,0.00,0,0
1471915958,lo,0.00,0.00,0.00,0,0,0.00,0.00,0.00,0,0,0.00,0.00,0,0
1471915958,s3-eth2,5991248.00,73854.00,6065102.00,73854,5991248,1176.00,1119.00,2295.00,1119,1176,0.00,0.00,0,0
1471915958,s3-eth1,73722.00,5986640.00,6060362.00,5986640,73722,1117.00,1172.00,2289.00,1172,1117,0.00,0.00,0,0
1471915958,total,18186680.00,18184642.00,36371320.00,18184642,18186680,6864.00,6877.00,13741.00,6877,6864,0.00,0.00,0,0
1471915959,s1,0.00,0.00,0.00,0,0,0.00,0.00,0.00,0,0,0.00,0.00,0,0
1471915959,eth0,0.00,0.00,0.00,0,0,0.00,0.00,0.00,0,0,0.00,0.00,0,0
1471915959,s2,0.00,342.00,342.00,342,0,0.00,1.00,1.00,1,0,0.00,0.00,0,0
1471915959,s1-eth2,71082.00,5928040.00,5999122.00,5928040,71082,1077.00,1052.00,2129.00,1052,1077,0.00,0.00,0,0
1471915959,s1-eth1,5922788.00,70950.00,5993738.00,70950,5922788,1056.00,1075.00,2131.00,1075,1056,0.00,0.00,0,0
1471915959,s3,0.00,342.00,342.00,342,0,0.00,1.00,1.00,1,0,0.00,0.00,0,0
1471915959,s2-eth2,5924500.00,70620.00,5995120.00,70620,5924500,1060.00,1070.00,2130.00,1070,1060,0.00,0.00,0,0
1471915959,s2-eth1,70950.00,5922788.00,5993738.00,5922788,70950,1075.00,1056.00,2131.00,1056,1075,0.00,0.00,0,0
1471915959,lo,652.00,652.00,1304.00,652,652,6.00,6.00,12.00,6,6,0.00,0.00,0,0
1471915959,s3-eth2,5927660.00,70356.00,5998016.00,70356,5927660,1064.00,1066.00,2130.00,1066,1064,0.00,0.00,0,0
1471915959,s3-eth1,70620.00,5924500.00,5995120.00,5924500,70620,1070.00,1060.00,2130.00,1060,1070,0.00,0.00,0,0
1471915959,total,17988252.00,17988590.00,35976840.00,17988590,17988252,6408.00,6387.00,12795.00,6387,6408,0.00,0.00,0,0
1471915960,s1,0.00,0.00,0.00,0,0,0.00,0.00,0.00,0,0,0.00,0.00,0,0
1471915960,eth0,0.00,0.00,0.00,0,0,0.00,0.00,0.00,0,0,0.00,0.00,0,0
1471915960,s2,0.00,0.00,0.00,0,0,0.00,0.00,0.00,0,0,0.00,0.00,0,0
1471915960,s1-eth2,66582.00,5887332.00,5953914.00,5887332,66582,1005.00,1006.00,2011.00,1006,1005,0.00,0.00,0,0
1471915960,s1-eth1,5893190.00,66240.00,5959430.00,66240,5893190,1007.00,1004.00,2011.00,1004,1007,0.00,0.00,0,0
1471915960,s3,0.00,0.00,0.00,0,0,0.00,0.00,0.00,0,0,0.00,0.00,0,0
1471915960,s2-eth2,5893190.00,66306.00,5959496.00,66306,5893190,1007.00,1005.00,2012.00,1005,1007,0.00,0.00,0,0
1471915960,s2-eth1,66240.00,5893190.00,5959430.00,5893190,66240,1004.00,1007.00,2011.00,1007,1004,0.00,0.00,0,0
1471915960,lo,888.00,888.00,1776.00,888,888,9.00,9.00,18.00,9,9,0.00,0.00,0,0
1471915960,s3-eth2,5887332.00,66438.00,5953770.00,66438,5887332,1006.00,1007.00,2013.00,1007,1006,0.00,0.00,0,0
1471915960,s3-eth1,66306.00,5893190.00,5959496.00,5893190,66306,1005.00,1007.00,2012.00,1007,1005,0.00,0.00,0,0
1471915960,total,17873728.00,17873584.00,35747312.00,17873584,17873728,6043.00,6045.00,12088.00,6045,6043,0.00,0.00,0,0
1471915961,s1,0.00,0.00,0.00,0,0,0.00,0.00,0.00,0,0,0.00,0.00,0,0
1471915961,eth0,0.00,0.00,0.00,0,0,0.00,0.00,0.00,0,0,0.00,0.00,0,0
1471915961,s2,0.00,0.00,0.00,0,0,0.00,0.00,0.00,0,0,0.00,0.00,0,0
1471915961,s1-eth2,67518.00,5986876.00,6054394.00,5986876,67518,1023.00,1022.00,2045.00,1022,1023,0.00,0.00,0,0
1471915961,s1-eth1,5981018.00,67452.00,6048470.00,67452,5981018,1021.00,1022.00,2043.00,1022,1021,0.00,0.00,0,0
1471915961,s3,0.00,0.00,0.00,0,0,0.00,0.00,0.00,0,0,0.00,0.00,0,0
1471915961,s2-eth2,5981018.00,67518.00,6048536.00,67518,5981018,1021.00,1023.00,2044.00,1023,1021,0.00,0.00,0,0
1471915961,s2-eth1,67452.00,5981018.00,6048470.00,5981018,67452,1022.00,1021.00,2043.00,1021,1022,0.00,0.00,0,0
1471915961,lo,0.00,0.00,0.00,0,0,0.00,0.00,0.00,0,0,0.00,0.00,0,0
1471915961,s3-eth2,5981018.00,67452.00,6048470.00,67452,5981018,1021.00,1022.00,2043.00,1022,1021,0.00,0.00,0,0
1471915961,s3-eth1,67518.00,5981018.00,6048536.00,5981018,67518,1023.00,1021.00,2044.00,1021,1023,0.00,0.00,0,0
1471915961,total,18145542.00,18151334.00,36296876.00,18151334,18145542,6131.00,6131.00,12262.00,6131,6131,0.00,0.00,0,0
1471915962,s1,0.00,0.00,0.00,0,0,0.00,0.00,0.00,0,0,0.00,0.00,0,0
1471915962,eth0,0.00,0.00,0.00,0,0,0.00,0.00,0.00,0,0,0.00,0.00,0,0
1471915962,s2,0.00,0.00,0.00,0,0,0.00,0.00,0.00,0,0,0.00,0.00,0,0
1471915962,s1-eth2,67056.00,5951728.00,6018784.00,5951728,67056,1016.00,1016.00,2032.00,1016,1016,0.00,0.00,0,0
1471915962,s1-eth1,5951728.00,67056.00,6018784.00,67056,5951728,1016.00,1016.00,2032.00,1016,1016,0.00,0.00,0,0
1471915962,s3,0.00,0.00,0.00,0,0,0.00,0.00,0.00,0,0,0.00,0.00,0,0
1471915962,s2-eth2,5951728.00,66990.00,6018718.00,66990,5951728,1016.00,1015.00,2031.00,1015,1016,0.00,0.00,0,0
1471915962,s2-eth1,67056.00,5951728.00,6018784.00,5951728,67056,1016.00,1016.00,2032.00,1016,1016,0.00,0.00,0,0
1471915962,lo,0.00,0.00,0.00,0,0,0.00,0.00,0.00,0,0,0.00,0.00,0,0
1471915962,s3-eth2,5957586.00,66990.00,6024576.00,66990,5957586,1017.00,1015.00,2032.00,1015,1017,0.00,0.00,0,0
1471915962,s3-eth1,66990.00,5951728.00,6018718.00,5951728,66990,1015.00,1016.00,2031.00,1016,1015,0.00,0.00,0,0
1471915962,total,18062144.00,18056220.00,36118364.00,18056220,18062144,6096.00,6094.00,12190.00,6094,6096,0.00,0.00,0,0
1471915963,s1,0.00,342.00,342.00,342,0,0.00,1.00,1.00,1,0,0.00,0.00,0,0
1471915963,eth0,0.00,0.00,0.00,0,0,0.00,0.00,0.00,0,0,0.00,0.00,0,0
1471915963,s2,0.00,0.00,0.00,0,0,0.00,0.00,0.00,0,0,0.00,0.00,0,0
1471915963,s1-eth2,67530.00,5957586.00,6025116.00,5957586,67530,1019.00,1017.00,2036.00,1017,1019,0.00,0.00,0,0
1471915963,s1-eth1,5957586.00,67530.00,6025116.00,67530,5957586,1017.00,1019.00,2036.00,1019,1017,0.00,0.00,0,0
1471915963,s3,0.00,0.00,0.00,0,0,0.00,0.00,0.00,0,0,0.00,0.00,0,0
1471915963,s2-eth2,5963444.00,67188.00,6030632.00,67188,5963444,1018.00,1018.00,2036.00,1018,1018,0.00,0.00,0,0
1471915963,s2-eth1,67530.00,5957586.00,6025116.00,5957586,67530,1019.00,1017.00,2036.00,1017,1019,0.00,0.00,0,0
1471915963,lo,326.00,326.00,652.00,326,326,3.00,3.00,6.00,3,3,0.00,0.00,0,0
1471915963,s3-eth2,5957928.00,67188.00,6025116.00,67188,5957928,1018.00,1018.00,2036.00,1018,1018,0.00,0.00,0,0
1471915963,s3-eth1,67188.00,5963444.00,6030632.00,5963444,67188,1018.00,1018.00,2036.00,1018,1018,0.00,0.00,0,0
1471915963,total,18081532.00,18081190.00,36162720.00,18081190,18081532,6112.00,6111.00,12223.00,6111,6112,0.00,0.00,0,0
1471915964,s1,0.00,0.00,0.00,0,0,0.00,0.00,0.00,0,0,0.00,0.00,0,0
1471915964,eth0,0.00,0.00,0.00,0,0,0.00,0.00,0.00,0,0,0.00,0.00,0,0
1471915964,s2,0.00,0.00,0.00,0,0,0.00,0.00,0.00,0,0,0.00,0.00,0,0
1471915964,s1-eth2,69630.00,5942028.00,6011658.00,5942028,69630,1055.00,1242.00,2297.00,1242,1055,0.00,0.00,0,0
1471915964,s1-eth1,5942882.00,69630.00,6012512.00,69630,5942882,1233.00,1055.00,2288.00,1055,1233,0.00,0.00,0,0
1471915964,s3,0.00,0.00,0.00,0,0,0.00,0.00,0.00,0,0,0.00,0.00,0,0
1471915964,s2-eth2,5937024.00,69630.00,6006654.00,69630,5937024,1232.00,1055.00,2287.00,1055,1232,0.00,0.00,0,0
1471915964,s2-eth1,69630.00,5942882.00,6012512.00,5942882,69630,1055.00,1233.00,2288.00,1233,1055,0.00,0.00,0,0
1471915964,lo,344.00,344.00,688.00,344,344,6.00,6.00,12.00,6,6,0.00,0.00,0,0
1471915964,s3-eth2,5936892.00,69696.00,6006588.00,69696,5936892,1230.00,1056.00,2286.00,1056,1230,0.00,0.00,0,0
1471915964,s3-eth1,69630.00,5937024.00,6006654.00,5937024,69630,1055.00,1232.00,2287.00,1232,1055,0.00,0.00,0,0
1471915964,total,18026032.00,18031234.00,36057264.00,18031234,18026032,6866.00,6879.00,13745.00,6879,6866,0.00,0.00,0,0
1471915965,s1,0.00,0.00,0.00,0,0,0.00,0.00,0.00,0,0,0.00,0.00,0,0
1471915965,eth0,0.00,0.00,0.00,0,0,0.00,0.00,0.00,0,0,0.00,0.00,0,0
1471915965,s2,0.00,0.00,0.00,0,0,0.00,0.00,0.00,0,0,0.00,0.00,0,0
1471915965,s1-eth2,77418.00,5983550.00,6060968.00,5983550,77418,1173.00,1191.00,2364.00,1191,1173,0.00,0.00,0,0
1471915965,s1-eth1,5988554.00,77484.00,6066038.00,77484,5988554,1201.00,1174.00,2375.00,1174,1201,0.00,0.00,0,0
1471915965,s3,0.00,342.00,342.00,342,0,0.00,1.00,1.00,1,0,0.00,0.00,0,0
1471915965,s2-eth2,5988896.00,77484.00,6066380.00,77484,5988896,1202.00,1174.00,2376.00,1174,1202,0.00,0.00,0,0
1471915965,s2-eth1,77484.00,5988554.00,6066038.00,5988554,77484,1174.00,1201.00,2375.00,1201,1174,0.00,0.00,0,0
1471915965,lo,326.00,326.00,652.00,326,326,3.00,3.00,6.00,3,3,0.00,0.00,0,0
1471915965,s3-eth2,5989028.00,77418.00,6066446.00,77418,5989028,1204.00,1173.00,2377.00,1173,1204,0.00,0.00,0,0
1471915965,s3-eth1,77484.00,5988896.00,6066380.00,5988896,77484,1174.00,1202.00,2376.00,1202,1174,0.00,0.00,0,0
1471915965,total,18199190.00,18194054.00,36393244.00,18194054,18199190,7131.00,7119.00,14250.00,7119,7131,0.00,0.00,0,0
1471915966,s1,0.00,0.00,0.00,0,0,0.00,0.00,0.00,0,0,0.00,0.00,0,0
1471915966,eth0,0.00,0.00,0.00,0,0,0.00,0.00,0.00,0,0,0.00,0.00,0,0
1471915966,s2,0.00,0.00,0.00,0,0,0.00,0.00,0.00,0,0,0.00,0.00,0,0
1471915966,s1-eth2,67320.00,5969302.00,6036622.00,5969302,67320,1020.00,1019.00,2039.00,1019,1020,0.00,0.00,0,0
1471915966,s1-eth1,5969302.00,67254.00,6036556.00,67254,5969302,1019.00,1019.00,2038.00,1019,1019,0.00,0.00,0,0
1471915966,s3,0.00,0.00,0.00,0,0,0.00,0.00,0.00,0,0,0.00,0.00,0,0
1471915966,s2-eth2,5969302.00,67254.00,6036556.00,67254,5969302,1019.00,1019.00,2038.00,1019,1019,0.00,0.00,0,0
1471915966,s2-eth1,67254.00,5969302.00,6036556.00,5969302,67254,1019.00,1019.00,2038.00,1019,1019,0.00,0.00,0,0
1471915966,lo,0.00,0.00,0.00,0,0,0.00,0.00,0.00,0,0,0.00,0.00,0,0
1471915966,s3-eth2,5969302.00,67320.00,6036622.00,67320,5969302,1019.00,1020.00,2039.00,1020,1019,0.00,0.00,0,0
1471915966,s3-eth1,67254.00,5969302.00,6036556.00,5969302,67254,1019.00,1019.00,2038.00,1019,1019,0.00,0.00,0,0
1471915966,total,18109734.00,18109734.00,36219468.00,18109734,18109734,6115.00,6115.00,12230.00,6115,6115,0.00,0.00,0,0
1471915967,s1,0.00,342.00,342.00,342,0,0.00,1.00,1.00,1,0,0.00,0.00,0,0
1471915967,eth0,0.00,0.00,0.00,0,0,0.00,0.00,0.00,0,0,0.00,0.00,0,0
1471915967,s2,0.00,342.00,342.00,342,0,0.00,1.00,1.00,1,0,0.00,0.00,0,0
1471915967,s1-eth2,67662.00,5981018.00,6048680.00,5981018,67662,1021.00,1021.00,2042.00,1021,1021,0.00,0.00,0,0
1471915967,s1-eth1,5975160.00,67662.00,6042822.00,67662,5975160,1020.00,1021.00,2041.00,1021,1020,0.00,0.00,0,0
1471915967,s3,0.00,0.00,0.00,0,0,0.00,0.00,0.00,0,0,0.00,0.00,0,0
1471915967,s2-eth2,5975160.00,67728.00,6042888.00,67728,5975160,1020.00,1022.00,2042.00,1022,1020,0.00,0.00,0,0
1471915967,s2-eth1,67662.00,5975160.00,6042822.00,5975160,67662,1021.00,1020.00,2041.00,1020,1021,0.00,0.00,0,0
1471915967,lo,652.00,652.00,1304.00,652,652,6.00,6.00,12.00,6,6,0.00,0.00,0,0
1471915967,s3-eth2,5975160.00,67320.00,6042480.00,67320,5975160,1020.00,1020.00,2040.00,1020,1020,0.00,0.00,0,0
1471915967,s3-eth1,67728.00,5975160.00,6042888.00,5975160,67728,1022.00,1020.00,2042.00,1020,1022,0.00,0.00,0,0
1471915967,total,18129184.00,18135384.00,36264568.00,18135384,18129184,6130.00,6132.00,12262.00,6132,6130,0.00,0.00,0,0
1471915968,s1,0.00,0.00,0.00,0,0,0.00,0.00,0.00,0,0,0.00,0.00,0,0
1471915968,eth0,0.00,0.00,0.00,0,0,0.00,0.00,0.00,0,0,0.00,0.00,0,0
1471915968,s2,0.00,0.00,0.00,0,0,0.00,0.00,0.00,0,0,0.00,0.00,0,0
1471915968,s1-eth2,63558.00,5593020.00,5656578.00,5593020,63558,963.00,1022.00,1985.00,1022,963,0.00,0.00,0,0
1471915968,s1-eth1,5586568.00,63888.00,5650456.00,63888,5586568,1012.00,968.00,1980.00,968,1012,0.00,0.00,0,0
1471915968,s3,0.00,0.00,0.00,0,0,0.00,0.00,0.00,0,0,0.00,0.00,0,0
1471915968,s2-eth2,5586370.00,64020.00,5650390.00,64020,5586370,1009.00,970.00,1979.00,970,1009,0.00,0.00,0,0
1471915968,s2-eth1,63888.00,5586568.00,5650456.00,5586568,63888,968.00,1012.00,1980.00,1012,968,0.00,0.00,0,0
1471915968,lo,0.00,0.00,0.00,0,0,0.00,0.00,0.00,0,0,0.00,0.00,0,0
1471915968,s3-eth2,5584724.00,64218.00,5648942.00,64218,5584724,1006.00,973.00,1979.00,973,1006,0.00,0.00,0,0
1471915968,s3-eth1,64020.00,5586370.00,5650390.00,5586370,64020,970.00,1009.00,1979.00,1009,970,0.00,0.00,0,0
1471915968,total,16949128.00,16958084.00,33907212.00,16958084,16949128,5928.00,5954.00,11882.00,5954,5928,0.00,0.00,0,0
1471915969,s1,0.00,0.00,0.00,0,0,0.00,0.00,0.00,0,0,0.00,0.00,0,0
1471915969,eth0,0.00,0.00,0.00,0,0,0.00,0.00,0.00,0,0,0.00,0.00,0,0
1471915969,s2,0.00,0.00,0.00,0,0,0.00,0.00,0.00,0,0,0.00,0.00,0,0
1471915969,s1-eth2,76164.00,5965596.00,6041760.00,5965596,76164,1154.00,1270.00,2424.00,1270,1154,0.00,0.00,0,0
1471915969,s1-eth1,5964412.00,76098.00,6040510.00,76098,5964412,1274.00,1153.00,2427.00,1153,1274,0.00,0.00,0,0
1471915969,s3,0.00,0.00,0.00,0,0,0.00,0.00,0.00,0,0,0.00,0.00,0,0
1471915969,s2-eth2,5962898.00,76164.00,6039062.00,76164,5962898,1273.00,1154.00,2427.00,1154,1273,0.00,0.00,0,0
1471915969,s2-eth1,76098.00,5964412.00,6040510.00,5964412,76098,1153.00,1274.00,2427.00,1274,1153,0.00,0.00,0,0
1471915969,lo,172.00,172.00,344.00,172,172,3.00,3.00,6.00,3,3,0.00,0.00,0,0
1471915969,s3-eth2,5967242.00,76230.00,6043472.00,76230,5967242,1273.00,1155.00,2428.00,1155,1273,0.00,0.00,0,0
1471915969,s3-eth1,76164.00,5962898.00,6039062.00,5962898,76164,1154.00,1273.00,2427.00,1273,1154,0.00,0.00,0,0
1471915969,total,18123150.00,18121570.00,36244720.00,18121570,18123150,7284.00,7282.00,14566.00,7282,7284,0.00,0.00,0,0
1471915970,s1,0.00,0.00,0.00,0,0,0.00,0.00,0.00,0,0,0.00,0.00,0,0
1471915970,eth0,0.00,0.00,0.00,0,0,0.00,0.00,0.00,0,0,0.00,0.00,0,0
1471915970,s2,0.00,0.00,0.00,0,0,0.00,0.00,0.00,0,0,0.00,0.00,0,0
1471915970,s1-eth2,57156.00,4764208.00,4821364.00,4764208,57156,866.00,860.00,1726.00,860,866,0.00,0.00,0,0
1471915970,s1-eth1,4765326.00,56892.00,4822218.00,56892,4765326,855.00,862.00,1717.00,862,855,0.00,0.00,0,0
1471915970,s3,0.00,0.00,0.00,0,0,0.00,0.00,0.00,0,0,0.00,0.00,0,0
1471915970,s2-eth2,4766312.00,56694.00,4823006.00,56694,4766312,848.00,859.00,1707.00,859,848,0.00,0.00,0,0
1471915970,s2-eth1,56892.00,4765326.00,4822218.00,4765326,56892,862.00,855.00,1717.00,855,862,0.00,0.00,0,0
1471915970,lo,0.00,0.00,0.00,0,0,0.00,0.00,0.00,0,0,0.00,0.00,0,0
1471915970,s3-eth2,4763614.00,56430.00,4820044.00,56430,4763614,851.00,855.00,1706.00,855,851,0.00,0.00,0,0
1471915970,s3-eth1,56694.00,4766312.00,4823006.00,4766312,56694,859.00,848.00,1707.00,848,859,0.00,0.00,0,0
1471915970,total,14465994.00,14465862.00,28931856.00,14465862,14465994,5141.00,5139.00,10280.00,5139,5141,0.00,0.00,0,0
1471915971,s1,0.00,1092.00,1092.00,1092,0,0.00,6.00,6.00,6,0,0.00,0.00,0,0
1471915971,eth0,609.00,884.00,1493.00,884,609,8.00,8.00,16.00,8,8,0.00,0.00,0,0
1471915971,s2,0.00,1170.00,1170.00,1170,0,0.00,7.00,7.00,7,0,0.00,0.00,0,0
1471915971,s1-eth2,60152.00,5071274.00,5131426.00,5071274,60152,896.00,993.00,1889.00,993,896,0.00,0.00,0,0
1471915971,s1-eth1,5070686.00,59898.00,5130584.00,59898,5070686,1001.00,897.00,1898.00,897,1001,0.00,0.00,0,0
1471915971,s3,0.00,1092.00,1092.00,1092,0,0.00,6.00,6.00,6,0,0.00,0.00,0,0
1471915971,s2-eth2,5070262.00,59644.00,5129906.00,59644,5070262,1011.00,898.00,1909.00,898,1011,0.00,0.00,0,0
1471915971,s2-eth1,59898.00,5070686.00,5130584.00,5070686,59898,897.00,1001.00,1898.00,1001,897,0.00,0.00,0,0
1471915971,lo,6887.00,6887.00,13774.00,6887,6887,69.00,69.00,138.00,69,69,0.00,0.00,0,0
1471915971,s3-eth2,5073522.00,59268.00,5132790.00,59268,5073522,1011.00,898.00,1909.00,898,1011,0.00,0.00,0,0
1471915971,s3-eth1,59644.00,5070262.00,5129906.00,5070262,59644,898.00,1011.00,1909.00,1011,898,0.00,0.00,0,0
1471915971,total,15401660.00,15402157.00,30803816.00,15402157,15401660,5791.00,5794.00,11585.00,5794,5791,0.00,0.00,0,0
1471915972,s1,0.00,1057.00,1057.00,1057,0,0.00,8.00,8.00,8,0,0.00,0.00,0,0
1471915972,eth0,609.00,884.00,1493.00,884,609,8.00,8.00,16.00,8,8,0.00,0.00,0,0
1471915972,s2,0.00,1888.00,1888.00,1888,0,0.00,13.00,13.00,13,0,0.00,0.00,0,0
1471915972,s1-eth2,91467.00,5941852.00,6033319.00,5941852,91467,1377.00,1722.00,3099.00,1722,1377,0.00,0.00,0,0
1471915972,s1-eth1,5940743.00,91741.00,6032484.00,91741,5940743,1719.00,1382.00,3101.00,1382,1719,0.00,0.00,0,0
1471915972,s3,0.00,1077.00,1077.00,1077,0,0.00,8.00,8.00,8,0,0.00,0.00,0,0
1471915972,s2-eth2,5935883.00,92035.00,6027918.00,92035,5935883,1711.00,1387.00,3098.00,1387,1711,0.00,0.00,0,0
1471915972,s2-eth1,91741.00,5940743.00,6032484.00,5940743,91741,1382.00,1719.00,3101.00,1719,1382,0.00,0.00,0,0
1471915972,lo,9215.00,9215.00,18430.00,9215,9215,90.00,90.00,180.00,90,90,0.00,0.00,0,0
1471915972,s3-eth2,5935499.00,91608.00,6027107.00,91608,5935499,1705.00,1388.00,3093.00,1388,1705,0.00,0.00,0,0
1471915972,s3-eth1,92035.00,5935883.00,6027918.00,5935883,92035,1387.00,1711.00,3098.00,1711,1387,0.00,0.00,0,0
1471915972,total,18097192.00,18107984.00,36205176.00,18107983,18097192,9379.00,9436.00,18815.00,9436,9379,0.00,0.00,0,0
1471915973,s1,0.00,3177.00,3177.00,3177,0,0.00,16.00,16.00,16,0,0.00,0.00,0,0
1471915973,eth0,1003.00,1340.00,2343.00,1340,1003,13.00,13.00,26.00,13,13,0.00,0.00,0,0
1471915973,s2,0.00,3364.00,3364.00,3364,0,0.00,15.00,15.00,15,0,0.00,0.00,0,0
1471915973,s1-eth2,101081.00,5886838.00,5987919.00,5886838,101081,1478.00,1415.00,2893.00,1415,1478,0.00,0.00,0,0
1471915973,s1-eth1,5892957.00,98283.00,5991240.00,98283,5892957,1426.00,1457.00,2883.00,1457,1426,0.00,0.00,0,0
1471915973,s3,0.00,3542.00,3542.00,3542,0,0.00,17.00,17.00,17,0,0.00,0.00,0,0
1471915973,s2-eth2,5901638.00,96233.00,5997871.00,96233,5901638,1449.00,1438.00,2887.00,1438,1449,0.00,0.00,0,0
1471915973,s2-eth1,98283.00,5892957.00,5991240.00,5892957,98283,1457.00,1426.00,2883.00,1426,1457,0.00,0.00,0,0
1471915973,lo,15714.00,15714.00,31428.00,15714,15714,148.00,148.00,296.00,148,148,0.00,0.00,0,0
1471915973,s3-eth2,5895647.00,93654.00,5989301.00,93654,5895647,1469.00,1419.00,2888.00,1419,1469,0.00,0.00,0,0
1471915973,s3-eth1,96233.00,5901638.00,5997871.00,5901638,96233,1438.00,1449.00,2887.00,1449,1438,0.00,0.00,0,0
1471915973,total,18002556.00,17996740.00,35999296.00,17996740,18002556,8878.00,8813.00,17691.00,8813,8878,0.00,0.00,0,0
1471915974,s1,0.00,1745.00,1745.00,1745,0,0.00,7.00,7.00,7,0,0.00,0.00,0,0
1471915974,eth0,152.00,245.00,397.00,245,152,2.00,2.00,4.00,2,2,0.00,0.00,0,0
1471915974,s2,0.00,996.00,996.00,996,0,0.00,3.00,3.00,3,0,0.00,0.00,0,0
1471915974,s1-eth2,59302.00,4810184.00,4869486.00,4810184,59302,868.00,1052.00,1920.00,1052,868,0.00,0.00,0,0
1471915974,s1-eth1,4812763.00,58439.00,4871202.00,58439,4812763,1061.00,866.00,1927.00,866,1061,0.00,0.00,0,0
1471915974,s3,0.00,1380.00,1380.00,1380,0,0.00,6.00,6.00,6,0,0.00,0.00,0,0
1471915974,s2-eth2,4811762.00,56955.00,4868717.00,56955,4811762,1061.00,859.00,1920.00,859,1061,0.00,0.00,0,0
1471915974,s2-eth1,58439.00,4812763.00,4871202.00,4812763,58439,866.00,1061.00,1927.00,1061,866,0.00,0.00,0,0
1471915974,lo,5407.00,5407.00,10814.00,5407,5407,51.00,51.00,102.00,51,51,0.00,0.00,0,0
1471915974,s3-eth2,4816874.00,56892.00,4873766.00,56892,4816874,1062.00,862.00,1924.00,862,1062,0.00,0.00,0,0
1471915974,s3-eth1,56955.00,4811762.00,4868717.00,4811762,56955,859.00,1061.00,1920.00,1061,859,0.00,0.00,0,0
1471915974,total,14621654.00,14616768.00,29238422.00,14616768,14621654,5830.00,5830.00,11660.00,5830,5830,0.00,0.00,0,0
1471915975,s1,0.00,434.00,434.00,434,0,0.00,2.00,2.00,2,0,0.00,0.00,0,0
1471915975,eth0,0.00,0.00,0.00,0,0,0.00,0.00,0.00,0,0,0.00,0.00,0,0
1471915975,s2,0.00,481.00,481.00,481,0,0.00,3.00,3.00,3,0,0.00,0.00,0,0
1471915975,s1-eth2,75410.00,5974190.00,6049600.00,5974190,75410,1138.00,1115.00,2253.00,1115,1138,0.00,0.00,0,0
1471915975,s1-eth1,5971932.00,75146.00,6047078.00,75146,5971932,1121.00,1134.00,2255.00,1134,1121,0.00,0.00,0,0
1471915975,s3,0.00,701.00,701.00,701,0,0.00,3.00,3.00,3,0,0.00,0.00,0,0
1471915975,s2-eth2,5973971.00,74885.00,6048856.00,74885,5973971,1126.00,1134.00,2260.00,1134,1126,0.00,0.00,0,0
1471915975,s2-eth1,75146.00,5971932.00,6047078.00,5971932,75146,1134.00,1121.00,2255.00,1121,1134,0.00,0.00,0,0
1471915975,lo,2524.00,2524.00,5048.00,2524,2524,24.00,24.00,48.00,24,24,0.00,0.00,0,0
1471915975,s3-eth2,5975416.00,74514.00,6049930.00,74514,5975416,1129.00,1129.00,2258.00,1129,1129,0.00,0.00,0,0
1471915975,s3-eth1,74885.00,5973971.00,6048856.00,5973971,74885,1134.00,1126.00,2260.00,1126,1134,0.00,0.00,0,0
1471915975,total,18149284.00,18148778.00,36298064.00,18148778,18149284,6806.00,6791.00,13597.00,6791,6806,0.00,0.00,0,0
1471915976,s1,0.00,1380.00,1380.00,1380,0,0.00,6.00,6.00,6,0,0.00,0.00,0,0
1471915976,eth0,60.00,60.00,120.00,60,60,1.00,1.00,2.00,1,1,0.00,0.00,0,0
1471915976,s2,0.00,1403.00,1403.00,1403,0,0.00,6.00,6.00,6,0,0.00,0.00,0,0
1471915976,s1-eth2,68047.00,5852142.00,5920189.00,5852142,68047,1008.00,999.00,2007.00,999,1008,0.00,0.00,0,0
1471915976,s1-eth1,5846681.00,67248.00,5913929.00,67248,5846681,1000.00,1004.00,2004.00,1004,1000,0.00,0.00,0,0
1471915976,s3,0.00,771.00,771.00,771,0,0.00,4.00,4.00,4,0,0.00,0.00,0,0
1471915976,s2-eth2,5847055.00,66874.00,5913929.00,66874,5847055,1002.00,1002.00,2004.00,1002,1002,0.00,0.00,0,0
1471915976,s2-eth1,67248.00,5846681.00,5913929.00,5846681,67248,1004.00,1000.00,2004.00,1000,1004,0.00,0.00,0,0
1471915976,lo,4838.00,4838.00,9676.00,4838,4838,46.00,46.00,92.00,46,46,0.00,0.00,0,0
1471915976,s3-eth2,5848023.00,65868.00,5913891.00,65868,5848023,1006.00,998.00,2004.00,998,1006,0.00,0.00,0,0
1471915976,s3-eth1,66874.00,5847055.00,5913929.00,5847055,66874,1002.00,1002.00,2004.00,1002,1002,0.00,0.00,0,0
1471915976,total,17748826.00,17754320.00,35503144.00,17754320,17748826,6069.00,6068.00,12137.00,6068,6069,0.00,0.00,0,0
1471915977,s1,0.00,397.00,397.00,397,0,0.00,2.00,2.00,2,0,0.00,0.00,0,0
1471915977,eth0,0.00,0.00,0.00,0,0,0.00,0.00,0.00,0,0,0.00,0.00,0,0
1471915977,s2,0.00,0.00,0.00,0,0,0.00,0.00,0.00,0,0,0.00,0.00,0,0
1471915977,s1-eth2,67589.00,5957586.00,6025175.00,5957586,67589,1020.00,1017.00,2037.00,1017,1020,0.00,0.00,0,0
1471915977,s1-eth1,5963444.00,67519.00,6030963.00,67519,5963444,1018.00,1019.00,2037.00,1019,1018,0.00,0.00,0,0
1471915977,s3,0.00,397.00,397.00,397,0,0.00,2.00,2.00,2,0,0.00,0.00,0,0
1471915977,s2-eth2,5957983.00,67188.00,6025171.00,67188,5957983,1019.00,1018.00,2037.00,1018,1019,0.00,0.00,0,0
1471915977,s2-eth1,67519.00,5963444.00,6030963.00,5963444,67519,1019.00,1018.00,2037.00,1018,1019,0.00,0.00,0,0
1471915977,lo,1188.00,1188.00,2376.00,1188,1188,12.00,12.00,24.00,12,12,0.00,0.00,0,0
1471915977,s3-eth2,5958053.00,67188.00,6025241.00,67188,5958053,1020.00,1018.00,2038.00,1018,1020,0.00,0.00,0,0
1471915977,s3-eth1,67188.00,5957983.00,6025171.00,5957983,67188,1018.00,1019.00,2037.00,1019,1018,0.00,0.00,0,0
1471915977,total,18082964.00,18082890.00,36165856.00,18082890,18082964,6126.00,6125.00,12251.00,6125,6126,0.00,0.00,0,0
1471915978,s1,0.00,0.00,0.00,0,0,0.00,0.00,0.00,0,0,0.00,0.00,0,0
1471915978,eth0,0.00,0.00,0.00,0,0,0.00,0.00,0.00,0,0,0.00,0.00,0,0
1471915978,s2,0.00,0.00,0.00,0,0,0.00,0.00,0.00,0,0,0.00,0.00,0,0
1471915978,s1-eth2,66924.00,5945870.00,6012794.00,5945870,66924,1014.00,1015.00,2029.00,1015,1014,0.00,0.00,0,0
1471915978,s1-eth1,5940012.00,66924.00,6006936.00,66924,5940012,1014.00,1014.00,2028.00,1014,1014,0.00,0.00,0,0
1471915978,s3,0.00,0.00,0.00,0,0,0.00,0.00,0.00,0,0,0.00,0.00,0,0
1471915978,s2-eth2,5945870.00,66924.00,6012794.00,66924,5945870,1015.00,1014.00,2029.00,1014,1015,0.00,0.00,0,0
1471915978,s2-eth1,66924.00,5940012.00,6006936.00,5940012,66924,1014.00,1014.00,2028.00,1014,1014,0.00,0.00,0,0
1471915978,lo,0.00,0.00,0.00,0,0,0.00,0.00,0.00,0,0,0.00,0.00,0,0
1471915978,s3-eth2,5945870.00,66924.00,6012794.00,66924,5945870,1015.00,1014.00,2029.00,1014,1015,0.00,0.00,0,0
1471915978,s3-eth1,66924.00,5945870.00,6012794.00,5945870,66924,1014.00,1015.00,2029.00,1015,1014,0.00,0.00,0,0
1471915978,total,18032524.00,18032524.00,36065048.00,18032524,18032524,6086.00,6086.00,12172.00,6086,6086,0.00,0.00,0,0
1471915979,s1,0.00,449.00,449.00,449,0,0.00,2.00,2.00,2,0,0.00,0.00,0,0
1471915979,eth0,0.00,0.00,0.00,0,0,0.00,0.00,0.00,0,0,0.00,0.00,0,0
1471915979,s2,0.00,556.00,556.00,556,0,0.00,3.00,3.00,3,0,0.00,0.00,0,0
1471915979,s1-eth2,67913.00,5957586.00,6025499.00,5957586,67913,1020.00,1017.00,2037.00,1017,1020,0.00,0.00,0,0
1471915979,s1-eth1,5958035.00,67571.00,6025606.00,67571,5958035,1019.00,1019.00,2038.00,1019,1019,0.00,0.00,0,0
1471915979,s3,0.00,791.00,791.00,791,0,0.00,3.00,3.00,3,0,0.00,0.00,0,0
1471915979,s2-eth2,5958377.00,67229.00,6025606.00,67229,5958377,1020.00,1018.00,2038.00,1018,1020,0.00,0.00,0,0
1471915979,s2-eth1,67571.00,5958035.00,6025606.00,5958035,67571,1019.00,1019.00,2038.00,1019,1019,0.00,0.00,0,0
1471915979,lo,2524.00,2524.00,5048.00,2524,2524,24.00,24.00,48.00,24,24,0.00,0.00,0,0
1471915979,s3-eth2,5952519.00,67056.00,6019575.00,67056,5952519,1019.00,1016.00,2035.00,1016,1019,0.00,0.00,0,0
1471915979,s3-eth1,67229.00,5958377.00,6025606.00,5958377,67229,1018.00,1020.00,2038.00,1020,1018,0.00,0.00,0,0
1471915979,total,18074168.00,18080174.00,36154344.00,18080174,18074168,6139.00,6141.00,12280.00,6141,6139,0.00,0.00,0,0
1471915980,s1,0.00,519.00,519.00,519,0,0.00,3.00,3.00,3,0,0.00,0.00,0,0
1471915980,eth0,0.00,0.00,0.00,0,0,0.00,0.00,0.00,0,0,0.00,0.00,0,0
1471915980,s2,0.00,482.00,482.00,482,0,0.00,3.00,3.00,3,0,0.00,0.00,0,0
1471915980,s1-eth2,71378.00,5975950.00,6047328.00,5975950,71378,1076.00,1383.00,2459.00,1383,1076,0.00,0.00,0,0
1471915980,s1-eth1,5963776.00,71271.00,6035047.00,71271,5963776,1374.00,1075.00,2449.00,1075,1374,0.00,0.00,0,0
1471915980,s3,0.00,177.00,177.00,177,0,0.00,2.00,2.00,2,0,0.00,0.00,0,0
1471915980,s2-eth2,5963883.00,71098.00,6034981.00,71098,5963883,1375.00,1073.00,2448.00,1073,1375,0.00,0.00,0,0
1471915980,s2-eth1,71271.00,5963776.00,6035047.00,5963776,71271,1075.00,1374.00,2449.00,1374,1075,0.00,0.00,0,0
1471915980,lo,2334.00,2334.00,4668.00,2334,2334,24.00,24.00,48.00,24,24,0.00,0.00,0,0
1471915980,s3-eth2,5969782.00,70818.00,6040600.00,70818,5969782,1376.00,1073.00,2449.00,1073,1376,0.00,0.00,0,0
1471915980,s3-eth1,71098.00,5963883.00,6034981.00,5963883,71098,1073.00,1375.00,2448.00,1375,1073,0.00,0.00,0,0
1471915980,total,18113522.00,18120308.00,36233832.00,18120308,18113522,7373.00,7385.00,14758.00,7385,7373,0.00,0.00,0,0
1471915981,s1,0.00,70.00,70.00,70,0,0.00,1.00,1.00,1,0,0.00,0.00,0,0
1471915981,eth0,0.00,0.00,0.00,0,0,0.00,0.00,0.00,0,0,0.00,0.00,0,0
1471915981,s2,0.00,0.00,0.00,0,0,0.00,0.00,0.00,0,0,0.00,0.00,0,0
1471915981,s1-eth2,87326.00,5959156.00,6046482.00,5959156,87326,1323.00,1326.00,2649.00,1326,1323,0.00,0.00,0,0
1471915981,s1-eth1,5959684.00,87322.00,6047006.00,87322,5959684,1334.00,1323.00,2657.00,1323,1334,0.00,0.00,0,0
1471915981,s3,0.00,70.00,70.00,70,0,0.00,1.00,1.00,1,0,0.00,0.00,0,0
1471915981,s2-eth2,5959754.00,87252.00,6047006.00,87252,5959754,1335.00,1322.00,2657.00,1322,1335,0.00,0.00,0,0
1471915981,s2-eth1,87322.00,5959684.00,6047006.00,5959684,87322,1323.00,1334.00,2657.00,1334,1323,0.00,0.00,0,0
1471915981,lo,536.00,536.00,1072.00,536,536,6.00,6.00,12.00,6,6,0.00,0.00,0,0
1471915981,s3-eth2,5960232.00,87186.00,6047418.00,87186,5960232,1338.00,1321.00,2659.00,1321,1338,0.00,0.00,0,0
1471915981,s3-eth1,87252.00,5959754.00,6047006.00,5959754,87252,1322.00,1335.00,2657.00,1335,1322,0.00,0.00,0,0
1471915981,total,18142106.00,18141030.00,36283136.00,18141030,18142106,7981.00,7969.00,15950.00,7969,7981,0.00,0.00,0,0
1471915982,s1,0.00,0.00,0.00,0,0,0.00,0.00,0.00,0,0,0.00,0.00,0,0
1471915982,eth0,0.00,0.00,0.00,0,0,0.00,0.00,0.00,0,0,0.00,0.00,0,0
1471915982,s2,0.00,0.00,0.00,0,0,0.00,0.00,0.00,0,0,0.00,0.00,0,0
1471915982,s1-eth2,67254.00,5963444.00,6030698.00,5963444,67254,1019.00,1018.00,2037.00,1018,1019,0.00,0.00,0,0
1471915982,s1-eth1,5963444.00,67188.00,6030632.00,67188,5963444,1018.00,1018.00,2036.00,1018,1018,0.00,0.00,0,0
1471915982,s3,0.00,0.00,0.00,0,0,0.00,0.00,0.00,0,0,0.00,0.00,0,0
1471915982,s2-eth2,5963444.00,67188.00,6030632.00,67188,5963444,1018.00,1018.00,2036.00,1018,1018,0.00,0.00,0,0
1471915982,s2-eth1,67188.00,5963444.00,6030632.00,5963444,67188,1018.00,1018.00,2036.00,1018,1018,0.00,0.00,0,0
1471915982,lo,0.00,0.00,0.00,0,0,0.00,0.00,0.00,0,0,0.00,0.00,0,0
1471915982,s3-eth2,5963444.00,67188.00,6030632.00,67188,5963444,1018.00,1018.00,2036.00,1018,1018,0.00,0.00,0,0
1471915982,s3-eth1,67188.00,5963444.00,6030632.00,5963444,67188,1018.00,1018.00,2036.00,1018,1018,0.00,0.00,0,0
1471915982,total,18091962.00,18091896.00,36183856.00,18091896,18091962,6109.00,6108.00,12217.00,6108,6109,0.00,0.00,0,0
1471915983,s1,0.00,342.00,342.00,342,0,0.00,1.00,1.00,1,0,0.00,0.00,0,0
1471915983,eth0,0.00,0.00,0.00,0,0,0.00,0.00,0.00,0,0,0.00,0.00,0,0
1471915983,s2,0.00,342.00,342.00,342,0,0.00,1.00,1.00,1,0,0.00,0.00,0,0
1471915983,s1-eth2,66870.00,5899006.00,5965876.00,5899006,66870,1009.00,1007.00,2016.00,1007,1009,0.00,0.00,0,0
1471915983,s1-eth1,5893148.00,66804.00,5959952.00,66804,5893148,1006.00,1008.00,2014.00,1008,1006,0.00,0.00,0,0
1471915983,s3,0.00,0.00,0.00,0,0,0.00,0.00,0.00,0,0,0.00,0.00,0,0
1471915983,s2-eth2,5893148.00,66804.00,5959952.00,66804,5893148,1006.00,1008.00,2014.00,1008,1006,0.00,0.00,0,0
1471915983,s2-eth1,66804.00,5893148.00,5959952.00,5893148,66804,1008.00,1006.00,2014.00,1006,1008,0.00,0.00,0,0
1471915983,lo,652.00,652.00,1304.00,652,652,6.00,6.00,12.00,6,6,0.00,0.00,0,0
1471915983,s3-eth2,5899006.00,66462.00,5965468.00,66462,5899006,1007.00,1007.00,2014.00,1007,1007,0.00,0.00,0,0
1471915983,s3-eth1,66804.00,5893148.00,5959952.00,5893148,66804,1008.00,1006.00,2014.00,1006,1008,0.00,0.00,0,0
1471915983,total,17886432.00,17886708.00,35773140.00,17886708,17886432,6050.00,6050.00,12100.00,6050,6050,0.00,0.00,0,0
1471915984,s1,0.00,0.00,0.00,0,0,0.00,0.00,0.00,0,0,0.00,0.00,0,0
1471915984,eth0,0.00,0.00,0.00,0,0,0.00,0.00,0.00,0,0,0.00,0.00,0,0
1471915984,s2,0.00,0.00,0.00,0,0,0.00,0.00,0.00,0,0,0.00,0.00,0,0
1471915984,s1-eth2,66000.00,5869716.00,5935716.00,5869716,66000,1000.00,1002.00,2002.00,1002,1000,0.00,0.00,0,0
1471915984,s1-eth1,5869716.00,66066.00,5935782.00,66066,5869716,1002.00,1001.00,2003.00,1001,1002,0.00,0.00,0,0
1471915984,s3,0.00,0.00,0.00,0,0,0.00,0.00,0.00,0,0,0.00,0.00,0,0
1471915984,s2-eth2,5869716.00,66066.00,5935782.00,66066,5869716,1002.00,1001.00,2003.00,1001,1002,0.00,0.00,0,0
1471915984,s2-eth1,66066.00,5869716.00,5935782.00,5869716,66066,1001.00,1002.00,2003.00,1002,1001,0.00,0.00,0,0
1471915984,lo,0.00,0.00,0.00,0,0,0.00,0.00,0.00,0,0,0.00,0.00,0,0
1471915984,s3-eth2,5863858.00,66066.00,5929924.00,66066,5863858,1001.00,1001.00,2002.00,1001,1001,0.00,0.00,0,0
1471915984,s3-eth1,66066.00,5869716.00,5935782.00,5869716,66066,1001.00,1002.00,2003.00,1002,1001,0.00,0.00,0,0
1471915984,total,17801422.00,17807346.00,35608768.00,17807346,17801422,6007.00,6009.00,12016.00,6009,6007,0.00,0.00,0,0
1471915985,s1,0.00,0.00,0.00,0,0,0.00,0.00,0.00,0,0,0.00,0.00,0,0
1471915985,eth0,0.00,0.00,0.00,0,0,0.00,0.00,0.00,0,0,0.00,0.00,0,0
1471915985,s2,0.00,342.00,342.00,342,0,0.00,1.00,1.00,1,0,0.00,0.00,0,0
1471915985,s1-eth2,25278.00,1763294.00,1788572.00,1763294,25278,383.00,303.00,686.00,303,383,0.00,0.00,0,0
1471915985,s1-eth1,1869080.00,24618.00,1893698.00,24618,1869080,322.00,373.00,695.00,373,322,0.00,0.00,0,0
1471915985,s3,0.00,684.00,684.00,684,0,0.00,2.00,2.00,2,0,0.00,0.00,0,0
1471915985,s2-eth2,1933860.00,23958.00,1957818.00,23958,1933860,334.00,363.00,697.00,363,334,0.00,0.00,0,0
1471915985,s2-eth1,24618.00,1869080.00,1893698.00,1869080,24618,373.00,322.00,695.00,322,373,0.00,0.00,0,0
1471915985,lo,1150.00,1150.00,2300.00,1150,1150,12.00,12.00,24.00,12,12,0.00,0.00,0,0
1471915985,s3-eth2,1998298.00,23298.00,2021596.00,23298,1998298,345.00,353.00,698.00,353,345,0.00,0.00,0,0
1471915985,s3-eth1,23958.00,1933860.00,1957818.00,1933860,23958,363.00,334.00,697.00,334,363,0.00,0.00,0,0
1471915985,total,5876242.00,5640284.00,11516526.00,5640284,5876242,2132.00,2063.00,4195.00,2063,2132,0.00,0.00,0,0
1471915986,s1,0.00,0.00,0.00,0,0,0.00,0.00,0.00,0,0,0.00,0.00,0,0
1471915986,eth0,0.00,0.00,0.00,0,0,0.00,0.00,0.00,0,0,0.00,0.00,0,0
1471915986,s2,0.00,0.00,0.00,0,0,0.00,0.00,0.00,0,0,0.00,0.00,0,0
1471915986,s1-eth2,0.00,0.00,0.00,0,0,0.00,0.00,0.00,0,0,0.00,0.00,0,0
1471915986,s1-eth1,0.00,0.00,0.00,0,0,0.00,0.00,0.00,0,0,0.00,0.00,0,0
1471915986,s3,0.00,0.00,0.00,0,0,0.00,0.00,0.00,0,0,0.00,0.00,0,0
1471915986,s2-eth2,0.00,0.00,0.00,0,0,0.00,0.00,0.00,0,0,0.00,0.00,0,0
1471915986,s2-eth1,0.00,0.00,0.00,0,0,0.00,0.00,0.00,0,0,0.00,0.00,0,0
1471915986,lo,0.00,0.00,0.00,0,0,0.00,0.00,0.00,0,0,0.00,0.00,0,0
1471915986,s3-eth2,0.00,0.00,0.00,0,0,0.00,0.00,0.00,0,0,0.00,0.00,0,0
1471915986,s3-eth1,0.00,0.00,0.00,0,0,0.00,0.00,0.00,0,0,0.00,0.00,0,0
1471915986,total,0.00,0.00,0.00,0,0,0.00,0.00,0.00,0,0,0.00,0.00,0,0
1471915987,s1,0.00,107.00,107.00,107,0,0.00,1.00,1.00,1,0,0.00,0.00,0,0
1471915987,eth0,0.00,0.00,0.00,0,0,0.00,0.00,0.00,0,0,0.00,0.00,0,0
1471915987,s2,0.00,214.00,214.00,214,0,0.00,2.00,2.00,2,0,0.00,0.00,0,0
1471915987,s1-eth2,107.00,0.00,107.00,0,107,1.00,0.00,1.00,0,1,0.00,0.00,0,0
1471915987,s1-eth1,107.00,107.00,214.00,107,107,1.00,1.00,2.00,1,1,0.00,0.00,0,0
1471915987,s3,0.00,107.00,107.00,107,0,0.00,1.00,1.00,1,0,0.00,0.00,0,0
1471915987,s2-eth2,107.00,107.00,214.00,107,107,1.00,1.00,2.00,1,1,0.00,0.00,0,0
1471915987,s2-eth1,107.00,107.00,214.00,107,107,1.00,1.00,2.00,1,1,0.00,0.00,0,0
1471915987,lo,1220.00,1220.00,2440.00,1220,1220,12.00,12.00,24.00,12,12,0.00,0.00,0,0
1471915987,s3-eth2,107.00,0.00,107.00,0,107,1.00,0.00,1.00,0,1,0.00,0.00,0,0
1471915987,s3-eth1,107.00,107.00,214.00,107,107,1.00,1.00,2.00,1,1,0.00,0.00,0,0
1471915987,total,1862.00,2076.00,3938.00,2076,1862,18.00,20.00,38.00,20,18,0.00,0.00,0,0
1471915988,s1,0.00,449.00,449.00,449,0,0.00,2.00,2.00,2,0,0.00,0.00,0,0
1471915988,eth0,0.00,0.00,0.00,0,0,0.00,0.00,0.00,0,0,0.00,0.00,0,0
1471915988,s2,0.00,342.00,342.00,342,0,0.00,1.00,1.00,1,0,0.00,0.00,0,0
1471915988,s1-eth2,556.00,0.00,556.00,0,556,3.00,0.00,3.00,0,3,0.00,0.00,0,0
1471915988,s1-eth1,0.00,449.00,449.00,449,0,0.00,2.00,2.00,2,0,0.00,0.00,0,0
1471915988,s3,0.00,107.00,107.00,107,0,0.00,1.00,1.00,1,0,0.00,0.00,0,0
1471915988,s2-eth2,107.00,342.00,449.00,342,107,1.00,1.00,2.00,1,1,0.00,0.00,0,0
1471915988,s2-eth1,449.00,0.00,449.00,0,449,2.00,0.00,2.00,0,2,0.00,0.00,0,0
1471915988,lo,1262.00,1262.00,2524.00,1262,1262,12.00,12.00,24.00,12,12,0.00,0.00,0,0
1471915988,s3-eth2,214.00,0.00,214.00,0,214,2.00,0.00,2.00,0,2,0.00,0.00,0,0
1471915988,s3-eth1,342.00,107.00,449.00,107,342,1.00,1.00,2.00,1,1,0.00,0.00,0,0
1471915988,total,2930.00,3058.00,5988.00,3058,2930,21.00,20.00,41.00,20,21,0.00,0.00,0,0
1471915989,s1,0.00,0.00,0.00,0,0,0.00,0.00,0.00,0,0,0.00,0.00,0,0
1471915989,eth0,0.00,0.00,0.00,0,0,0.00,0.00,0.00,0,0,0.00,0.00,0,0
1471915989,s2,0.00,0.00,0.00,0,0,0.00,0.00,0.00,0,0,0.00,0.00,0,0
1471915989,s1-eth2,0.00,0.00,0.00,0,0,0.00,0.00,0.00,0,0,0.00,0.00,0,0
1471915989,s1-eth1,0.00,0.00,0.00,0,0,0.00,0.00,0.00,0,0,0.00,0.00,0,0
1471915989,s3,0.00,0.00,0.00,0,0,0.00,0.00,0.00,0,0,0.00,0.00,0,0
1471915989,s2-eth2,0.00,0.00,0.00,0,0,0.00,0.00,0.00,0,0,0.00,0.00,0,0
1471915989,s2-eth1,0.00,0.00,0.00,0,0,0.00,0.00,0.00,0,0,0.00,0.00,0,0
14719